0.00880976 0.06039671 0.24204078
0.01000877 0.06358692 0.24755032
0.01127693 0.06676052 0.25300306
0.01260551 0.0699012  0.25846331
0.01399349 0.07301024 0.26393456
0.01543952 0.07608835 0.26942165
0.01694353 0.07913816 0.2749217 
0.01850442 0.08216045 0.28043801
0.02012149 0.08515654 0.28597137
0.02179469 0.08812841 0.29151957
0.02352317 0.0910768  0.29708459
0.02530658 0.09400297 0.30266599
0.02714396 0.09690739 0.30826623
0.02903553 0.09979173 0.3138825 
0.03098082 0.10265674 0.31951546
0.03297906 0.10550284 0.32516677
0.03502994 0.10833084 0.33083633
0.0371331  0.11114142 0.33652431
0.03928667 0.11393601 0.34222915
0.04146356 0.11671517 0.3479521 
0.04360981 0.11947948 0.353693  
0.04573491 0.12222852 0.35945593
0.0478408  0.12496342 0.36523813
0.04992925 0.12768532 0.37103676
0.05199888 0.13039301 0.37685884
0.05405196 0.13308798 0.38269978
0.05608893 0.13577041 0.38856049
0.05810955 0.13844    0.39444385
0.06011575 0.14109803 0.40034588
0.06210649 0.14374363 0.40627177
0.06408357 0.14637799 0.4122177 
0.06604689 0.14900097 0.41818569
0.06799662 0.15161257 0.42417691
0.06993452 0.154214   0.43018726
0.07185845 0.15680357 0.43622528
0.073771   0.15938311 0.44228401
0.07567266 0.16195294 0.44836317
0.07756112 0.16451114 0.45447199
0.07943951 0.16706007 0.4606012 
0.08130755 0.16959937 0.46675319
0.08316446 0.17212834 0.47293185
0.0850109  0.17464743 0.4791361 
0.08684787 0.17715728 0.48536383
0.08867548 0.17965788 0.49161584
0.09049378 0.18214917 0.49789309
0.09230183 0.18463028 0.50419998
0.09410129 0.18710243 0.51053186
0.09589224 0.18956557 0.51688953
0.09767495 0.19201981 0.52327314
0.09944956 0.19446514 0.5296832 
0.10121619 0.19690154 0.53612033
0.1029745  0.19932858 0.54258683
0.10472498 0.20174655 0.54908192
0.10646812 0.20415572 0.5556049 
0.10820407 0.20655607 0.5621562 
0.10993302 0.20894762 0.56873613
0.11165515 0.21133041 0.57534495
0.11337077 0.21370454 0.58198252
0.11507982 0.21606981 0.58865001
0.1167825  0.2184262  0.59534777
0.11847911 0.22077386 0.60207547
0.12016982 0.22311277 0.60883348
0.1218546  0.22544269 0.61562295
0.12353388 0.22776389 0.62244309
0.12520767 0.23007614 0.62929491
0.12687605 0.23237935 0.63617908
0.12853956 0.23467386 0.64309431
0.1301978  0.23695902 0.65004338
0.13180843 0.23925161 0.6570014 
0.13333925 0.24155354 0.66398516
0.13478075 0.24386722 0.67099393
0.1361206  0.24619442 0.6780308 
0.13734557 0.24854072 0.68508696
0.13843236 0.25091831 0.69213902
0.13936714 0.2533249  0.69920354
0.14012748 0.25576663 0.70627514
0.1406706  0.25826422 0.71331466
0.14096337 0.26082565 0.72031608
0.14095135 0.26347568 0.72723211
0.14057675 0.26623237 0.73403613
0.13976482 0.26913867 0.7406286 
0.13844226 0.2722405  0.74689268
0.13656739 0.2755867  0.75267341
0.13416447 0.27921443 0.75780362
0.13136069 0.28312615 0.76216149
0.12834551 0.28728654 0.76571653
0.12530555 0.29163478 0.76853675
0.12236865 0.29610745 0.77074787
0.11960852 0.30065077 0.77248656
0.11706932 0.30522202 0.77387832
0.11474836 0.3098106  0.77496702
0.11266162 0.31438397 0.77586765
0.11079651 0.31894697 0.77657853
0.10915744 0.32347969 0.7771797 
0.10774148 0.32797993 0.77769144
0.10653281 0.33245481 0.77810406
0.10553315 0.33689571 0.77845843
0.104738   0.34130177 0.7787691 
0.10414232 0.34567339 0.77904526
0.10374383 0.35001039 0.77929666
0.10353046 0.35431523 0.77952608
0.10350641 0.35858611 0.77974581
0.10365771 0.36282599 0.77995591
0.10398361 0.36703434 0.7801647 
0.10447724 0.37121317 0.78037181
0.10512995 0.37536689 0.78056653
0.10593763 0.37949229 0.78076858
0.10689415 0.38359001 0.78098184
0.10799303 0.38766076 0.78120972
0.10922749 0.39170582 0.78145282
0.1105907  0.39573227 0.78168443
0.11207655 0.39973415 0.78193721
0.1136781  0.40371223 0.78221339
0.11538889 0.40767003 0.78250165
0.11720319 0.41161102 0.78278991
0.11911378 0.41553053 0.78310583
0.12111621 0.41942997 0.78344674
0.12320655 0.42331633 0.78378165
0.12537542 0.42718332 0.78414775
0.12761855 0.43103371 0.78453504
0.12993507 0.43487182 0.78492331
0.13229883 0.43869481 0.78534209
0.13470463 0.4425041  0.78578864
0.13714778 0.44630105 0.78626015
0.13961875 0.45008763 0.78675311
0.14212945 0.4538617  0.78727381
0.14466795 0.45762594 0.78781626
0.14722968 0.46138137 0.78837915
0.19823344 0.52107025 0.17101455
0.19954846 0.52453219 0.17195831
0.20087301 0.52799837 0.17289012
0.20220779 0.53146877 0.1738099 
0.20355365 0.53494334 0.1747174 
0.20490999 0.53842221 0.17561279
0.20627714 0.54190542 0.17649602
0.20765532 0.54539299 0.17736699
0.20904492 0.54888494 0.17822568
0.21044614 0.5523813  0.17907197
0.21185936 0.55588209 0.17990585
0.21328482 0.55938734 0.18072722
0.21472284 0.56289707 0.18153601
0.21617372 0.56641131 0.18233219
0.21763881 0.56992994 0.18311537
0.21911782 0.57345308 0.1838857 
0.22061054 0.57698079 0.18464313
0.22211734 0.5805131  0.1853877 
0.22363843 0.58405002 0.18611923
0.22517417 0.58759159 0.18683774
0.22672477 0.59113782 0.18754309
0.22829058 0.59468874 0.18823527
0.22987183 0.59824438 0.18891416
0.23146936 0.60180468 0.18957959
0.23308409 0.6053696  0.19023131
0.23471513 0.60893929 0.19086954
0.23636275 0.61251378 0.19149421
0.2380272  0.6160931  0.19210523
0.23970877 0.61967725 0.19270254
0.2414077  0.62326627 0.19328606
0.24312426 0.62686018 0.19385573
0.24485869 0.630459   0.19441145
0.24661231 0.63406263 0.19495289
0.24838512 0.63767111 0.19548004
0.25017656 0.64128457 0.19599302
0.25198688 0.64490303 0.19649174
0.2538163  0.64852651 0.19697613
0.25566506 0.65215503 0.19744611
0.25753339 0.65578862 0.1979016 
0.2594215  0.6594273  0.19834252
0.26133006 0.66307104 0.19876867
0.26326036 0.66671974 0.1991797 
0.26521109 0.6703736  0.1995759 
0.26718246 0.67403263 0.19995719
0.26917468 0.67769687 0.20032349
0.27118793 0.68136635 0.2006747 
0.2732224  0.68504107 0.20101075
0.27527829 0.68872108 0.20133154
0.27735595 0.69240637 0.20163693
0.2794572  0.69609677 0.2019264 
0.28158039 0.69979252 0.20220033
0.28372569 0.70349364 0.20245864
0.28589325 0.70720018 0.20270121
0.28808323 0.71091214 0.20292797
0.29029545 0.71462963 0.20313798
0.29253558 0.71835199 0.2033299 
0.29480701 0.72207882 0.20350325
0.29711335 0.72580968 0.20365892
0.2994519  0.72954496 0.20379571
0.30182328 0.73328464 0.20391348
0.30422814 0.73702864 0.20401222
0.30666692 0.74077696 0.20409133
0.30914035 0.74452952 0.20415099
0.31165275 0.74828576 0.20419198
0.3142022  0.75204597 0.20421319
0.31678819 0.75581026 0.20421443
0.31941129 0.75957856 0.20419556
0.32207206 0.76335084 0.20415638
0.32477434 0.76712656 0.20409741
0.32751802 0.77090577 0.20401857
0.33030118 0.77468874 0.20391906
0.33312437 0.77847543 0.20379875
0.33598874 0.78226568 0.20365771
0.33890014 0.78605866 0.2034973 
0.34185325 0.78985515 0.20331571
0.34484857 0.79365507 0.20311305
0.34788725 0.79745827 0.20288942
0.35097565 0.80126381 0.20264653
0.3541078  0.80507257 0.20238252
0.35728412 0.80888448 0.20209738
0.36050835 0.81269897 0.20179214
0.36378205 0.81651581 0.20146722
0.36710122 0.82033557 0.20112134
0.37046645 0.82415816 0.2007547 
0.37388582 0.82798233 0.2003699 
0.37735177 0.83180921 0.19996455
0.38086458 0.83563872 0.19953889
0.38443157 0.83946972 0.19909548
0.38804751 0.84330297 0.19863278
0.39171108 0.84713866 0.19815056
0.39542936 0.85097563 0.1976515 
0.39919765 0.85481459 0.19713429
0.40301409 0.85865578 0.19659862
0.40688655 0.86249792 0.19604776
0.41080867 0.86634196 0.19547991
0.41477944 0.87018803 0.19489516
0.41880758 0.87403466 0.19429724
0.42288402 0.87788327 0.19368356
0.42701145 0.88173336 0.19305577
0.43119371 0.88558425 0.19241601
0.43542397 0.88943701 0.19176241
0.43970784 0.89329063 0.19109816
0.44404301 0.89714546 0.19042322
0.44842553 0.90100209 0.18973684
0.45286453 0.90485891 0.18904338
0.45733464 0.90872055 0.18831715
0.46180649 0.91259166 0.18756742
0.46628016 0.91647232 0.18679496
0.4707571  0.92036253 0.18599331
0.47523643 0.92426242 0.18516807
0.479719   0.92817203 0.18431561
0.48420612 0.93209135 0.18342983
0.48869512 0.93602065 0.18252606
0.49318926 0.93995979 0.18158733
0.49768807 0.9439089  0.18061683
0.50219164 0.94786805 0.17961466
0.50669993 0.95183733 0.17858183
0.51121294 0.95581682 0.17751886
0.51573124 0.95980658 0.17642313
0.52025556 0.96380664 0.17529067
0.52478745 0.96781698 0.17411231
0.52932379 0.9718379  0.17290758
0.53386803 0.97586924 0.17165528
0.53841966 0.97991112 0.17035855
0.54298033 0.98396352 0.16900645
0.5475488  0.98802661 0.16760679
0.55213014 0.99210008 0.16612481
0.5567485  0.99618219 0.16439132
