0.00908622 0.0437004 0.2835235
0.00953226 0.04638598 0.29128942
0.00999136 0.04906923 0.29898482
0.01045583 0.05170885 0.30670518
0.01092178 0.05429091 0.31448648
0.01139005 0.05682591 0.32230974
0.01185668 0.05930058 0.33020864
0.01232256 0.06172428 0.33816551
0.01278706 0.06409823 0.34618044
0.01324842 0.06641839 0.3542649
0.01375905 0.06867849 0.36240269
0.01452194 0.07081541 0.37061336
0.01561887 0.07280017 0.37892248
0.01714716 0.07462225 0.38731013
0.01922341 0.07627019 0.39575035
0.02198347 0.0777366 0.40420147
0.02558275 0.07902565 0.41259206
0.03021327 0.08016735 0.42078634
0.03597456 0.0812113 0.42866324
0.04285995 0.0822489 0.43603679
0.05019715 0.08338528 0.44275677
0.05766791 0.08470397 0.44876811
0.06512648 0.08626215 0.45404479
0.0724346 0.08806221 0.45868029
0.07955727 0.09052131 0.46190654
0.08566419 0.09501949 0.46154866
0.09046725 0.10072264 0.45925771
0.09454835 0.10670783 0.45637401
0.09827727 0.11264446 0.4533231
0.10183479 0.11843473 0.45022616
0.10531351 0.12400845 0.44724082
0.10876033 0.12936948 0.44438707
0.11220141 0.13454271 0.44163668
0.11565238 0.13955952 0.43893698
0.1191163 0.14439457 0.43641081
0.12260593 0.1490716 0.43402155
0.12610987 0.15361326 0.43175026
0.12963604 0.15804313 0.42954347
0.13318212 0.1623399 0.42751082
0.13674633 0.16655216 0.42551022
0.14032247 0.17065747 0.42365683
0.14391228 0.17467428 0.42190479
0.14751551 0.17861974 0.42020793
0.15112599 0.18248011 0.41864958
0.15474818 0.18628689 0.41711192
0.15837278 0.19001774 0.41571829
0.16200679 0.19370378 0.41433996
0.16564073 0.1973263 0.41308686
0.16928047 0.20090689 0.4118663
0.17292026 0.20443796 0.41073345
0.17656065 0.20792617 0.409668
0.180202 0.21137846 0.40864614
0.18383533 0.21478371 0.40774782
0.18747636 0.21816859 0.40682252
0.1911082 0.22151057 0.40602142
0.19474313 0.22482987 0.40522738
0.19837459 0.22811975 0.40449411
0.2019947 0.23137665 0.40386364
0.20562019 0.23461929 0.40320977
0.20923589 0.23783184 0.40265435
0.21285093 0.24102586 0.40212179
0.21646139 0.24420104 0.40162674
0.22006046 0.24735124 0.40122474
0.22366347 0.25049063 0.40080684
0.22726071 0.25361192 0.40044034
0.23084331 0.25671156 0.40017157
0.23443251 0.25980477 0.39986666
0.23801462 0.26288151 0.39962063
0.241582 0.26594014 0.39946624
0.24515628 0.26899432 0.39927255
0.24872335 0.27203449 0.39913545
0.25227591 0.27505951 0.39908444
0.25583464 0.27808073 0.39900012
0.25938667 0.28109081 0.3989642
0.26292557 0.28408842 0.39900545
0.2664685 0.28708193 0.39902866
0.27000543 0.29006723 0.39908899
0.27354797 0.29304579 0.39914977
0.27708194 0.29601526 0.39926642
0.28061202 0.29897716 0.39941941
0.28414558 0.3019333 0.39957913
0.28767477 0.30488271 0.39977575
0.29119702 0.30782546 0.40001856
0.29472232 0.31076358 0.40026821
0.29824503 0.31369654 0.40054618
0.3017594 0.31662393 0.40087412
0.30527744 0.31954778 0.40120545
0.3087914 0.32246737 0.40156964
0.31229878 0.32538276 0.40197583
0.31581076 0.32829558 0.40238122
0.31931545 0.33120475 0.40283077
0.3228152 0.33411088 0.40331533
0.32632246 0.33701545 0.40378769
0.32981673 0.33991675 0.40432509
0.333311 0.34281629 0.40487839
0.33680993 0.34571463 0.40543008
0.34029565 0.3486106 0.40604709
0.34378802 0.35150595 0.40665496
0.34727262 0.35439984 0.40730766
0.35075444 0.35729286 0.4079864
0.35424069 0.36018562 0.40866441
0.35771529 0.36307739 0.40940153
0.36119827 0.36596946 0.41012334
0.36466844 0.36886094 0.41090852
0.36814351 0.37175285 0.41169145
0.37161215 0.37464487 0.41251415
0.37508052 0.37753741 0.41335393
0.37854637 0.38043057 0.41421916
0.38200928 0.38332449 0.41511147
0.38547091 0.38621937 0.41602482
0.38892965 0.38911532 0.41696529
0.39238547 0.39201251 0.4179331
0.39584136 0.39491112 0.41891731
0.3992895 0.39781119 0.41994684
0.40274357 0.40071301 0.42097156
0.40618368 0.40361656 0.42206463
0.40962867 0.4065221 0.42315699
0.41307129 0.40942971 0.42427549
0.41650343 0.41233954 0.4254499
0.4199372 0.41525171 0.42663602
0.42336824 0.41816634 0.42785003
0.42679474 0.42108359 0.42909866
0.43021279 0.42400361 0.43039641
0.43362596 0.42692651 0.43173034
0.4370332 0.42985245 0.43310448
0.44042733 0.43278166 0.43454521
0.44381246 0.43571424 0.43603769
0.44717637 0.43865059 0.43762668
0.45053537 0.44161426 0.43902459
0.45397801 0.44460964 0.43984334
0.45745989 0.4476108 0.44050039
0.46096868 0.45061632 0.44105605
0.46450356 0.45362595 0.44151496
0.46805861 0.45663903 0.4419062
0.47163341 0.45965546 0.44223227
0.47522736 0.46267509 0.44249657
0.47883664 0.46569759 0.44271766
0.48246518 0.46872318 0.44287727
0.48610768 0.47175146 0.44300095
0.48976787 0.47478265 0.4430713
0.49344368 0.47781657 0.44309848
0.49713383 0.48085314 0.44308885
0.50080975 0.48390456 0.44303749
0.50445613 0.48697559 0.44296073
0.5080791 0.49006435 0.44285289
0.51168298 0.49316925 0.44271292
0.51527116 0.49628892 0.44254132
0.51884555 0.49942199 0.442345
0.52240927 0.50256752 0.44212084
0.52596466 0.5057247 0.44186815
0.52951296 0.50889258 0.4415921
0.53305519 0.51207028 0.44129866
0.53659285 0.51526039 0.4409528
0.54012583 0.51846009 0.44058668
0.54365751 0.52166853 0.44019497
0.54718711 0.52488476 0.4397929
0.55071479 0.52811336 0.43932796
0.55424295 0.53134928 0.43884677
0.55777128 0.53459173 0.43836128
0.56129961 0.53784617 0.43780879
0.56483021 0.54110721 0.43724199
0.56836223 0.54437525 0.43666122
0.57189575 0.54765371 0.43602564
0.57543288 0.5509377 0.435384
0.57897252 0.55423149 0.43469096
0.58251583 0.5575323 0.43397468
0.58606257 0.56083988 0.4332403
0.58961278 0.56415673 0.43245714
0.59316812 0.56747846 0.431672
0.59672702 0.5708112 0.43081652
0.60029169 0.57414809 0.42996635
0.60386057 0.57749544 0.42904994
0.60743545 0.58084754 0.42813164
0.61101523 0.58420922 0.42715529
0.61460124 0.58757621 0.42617006
0.6181927 0.59095234 0.42513026
0.6217907 0.59433394 0.42407916
0.62539457 0.59772466 0.4229723
0.62900539 0.60112063 0.42185624
0.63262238 0.60452606 0.42067866
0.63624676 0.6079362 0.41949843
0.63987755 0.61135649 0.41824637
0.6435162 0.61478071 0.41700155
0.64716147 0.6182159 0.41567223
0.65081484 0.62165528 0.41434697
0.65447546 0.62510431 0.41295277
0.65814418 0.62855898 0.41154308
0.66182067 0.63202168 0.41008558
0.6655049 0.63549154 0.40859393
0.66919753 0.63896766 0.40707797
0.67289828 0.64245307 0.40549444
0.67660792 0.64594314 0.40390912
0.68032585 0.64944382 0.40223534
0.68405388 0.65295024 0.40053661
0.68778636 0.65646495 0.39881093
0.69152579 0.65998813 0.39703926
0.69527587 0.66351939 0.39520412
0.69902576 0.66705954 0.39336491
0.70279075 0.67060766 0.39143416
0.70655205 0.67416523 0.38951629
0.71032726 0.67773108 0.38751015
0.71410326 0.68130633 0.38548831
0.71788827 0.68489047 0.38340223
0.7216778 0.68848401 0.38127546
0.72547234 0.69208719 0.37910092
0.72927426 0.6956998 0.37686504
0.73307753 0.69932253 0.3746005
0.73689005 0.7029548 0.37225936
0.74070141 0.70659777 0.36989929
0.74452283 0.71025049 0.36745232
0.74834156 0.71391443 0.36498997
0.75216997 0.7175885 0.36243675
0.75599525 0.72127421 0.35986464
0.75982848 0.72497058 0.3572049
0.76365939 0.72867893 0.35451465
0.7674951 0.73239875 0.35174616
0.77133087 0.73613085 0.34892186
0.77516636 0.7398754 0.3460417
0.7790056 0.74363214 0.34307645
0.78283761 0.74740266 0.34008795
0.78667782 0.75118527 0.33697621
0.79050389 0.75498307 0.33387327
0.79433476 0.75879397 0.3306545
0.79816011 0.76262009 0.32736604
0.80197758 0.76646156 0.32402676
0.80579645 0.77031743 0.32056995
0.80959841 0.77419065 0.31710185
0.81339546 0.77808065 0.31351948
0.81718826 0.78198694 0.30982579
0.8209583 0.78591279 0.30612592
0.82471833 0.7898576 0.30230505
0.82846684 0.79382109 0.29838319
0.83219328 0.79780663 0.29438303
0.83589472 0.80181421 0.29033577
0.83957479 0.8058453 0.28616105
0.84322928 0.80990019 0.28189388
0.84685281 0.81398173 0.27751354
0.85043354 0.81809249 0.2730819
0.85397068 0.82223368 0.26857142
0.85745907 0.82640779 0.26396789
0.86088991 0.83061812 0.25927548
0.86425278 0.83486856 0.25450109
0.86753534 0.83916361 0.24965533
0.87072285 0.84350862 0.24475403
0.87380071 0.84790765 0.23985373
0.87687088 0.85232302 0.23482304
0.87994474 0.85675204 0.22958686
0.88302084 0.86119584 0.22411227
0.88610381 0.8656512 0.21843661
0.88919048 0.87012049 0.21250274
0.89228179 0.87460314 0.20629944
0.89537557 0.8791008 0.19977108
0.89847575 0.88361077 0.19293834
0.90157907 0.88813546 0.18571954
0.90468728 0.89267376 0.17809338
0.90779573 0.89722901 0.16993183
