0.47031811 0.95215676 0.99799767
0.46170474 0.94385961 0.99408139
0.45301927 0.93561569 0.99020045
0.44425653 0.9274219  0.986377  
0.43541303 0.91927986 0.98258628
0.42648022 0.91118448 0.97887192
0.41745532 0.90313872 0.97519464
0.40833159 0.89514082 0.97156353
0.39910154 0.88718939 0.96798411
0.38975691 0.87928323 0.96446025
0.38028712 0.87142064 0.96100189
0.37068643 0.86360255 0.95758823
0.36093571 0.85582483 0.9542582 
0.35161071 0.84802861 0.95084583
0.34275603 0.84020594 0.94739083
0.33442352 0.83235503 0.94387313
0.3266655  0.8244725  0.94028782
0.31955615 0.81655534 0.93660496
0.31311662 0.80860441 0.93281759
0.30738023 0.80061949 0.92891236
0.30236779 0.79260164 0.92487457
0.29808851 0.78455252 0.9206916 
0.29453874 0.77647446 0.91635259
0.29169987 0.76837078 0.91184781
0.28954244 0.760245   0.90717061
0.28802425 0.7521014  0.90231599
0.2870935  0.74394461 0.89728127
0.28669029 0.73577968 0.89206592
0.28675753 0.72761065 0.88667307
0.28722896 0.71944266 0.88110603
0.28803499 0.71128123 0.87536955
0.28913492 0.70312775 0.86947336
0.29044084 0.69499078 0.86342187
0.29193012 0.68686961 0.85722721
0.2935347  0.67877062 0.850897  
0.29522737 0.67069456 0.844442  
0.29695166 0.66264696 0.83787132
0.2987048  0.65462569 0.8311956 
0.30041744 0.64663909 0.82442407
0.30210223 0.63868336 0.81756641
0.3037842  0.63075542 0.8106106 
0.30538651 0.62286438 0.8035765 
0.30691226 0.61500744 0.79648002
0.30834194 0.60718671 0.7893292 
0.30964057 0.59940711 0.78213344
0.31092214 0.59165183 0.77486864
0.31204469 0.58394674 0.76753045
0.31309362 0.57627632 0.76012118
0.31407577 0.56864032 0.75263178
0.31497888 0.56104191 0.74505526
0.31579153 0.55348727 0.73736306
0.31652753 0.54597295 0.72956044
0.31717741 0.53850057 0.72164964
0.31773884 0.53107174 0.71362285
0.31821461 0.52368725 0.70547098
0.31858002 0.51635278 0.69719265
0.31885428 0.50906621 0.68877501
0.31900104 0.50183525 0.6802231 
0.31903428 0.49465865 0.67152689
0.31892946 0.48754185 0.66269177
0.31868343 0.48048637 0.65371704
0.31828588 0.47349483 0.64460703
0.31772568 0.4665697  0.63536923
0.31699698 0.45971234 0.62601092
0.31609149 0.45292416 0.61654337
0.315004   0.44620579 0.60697871
0.31372999 0.43955737 0.59733115
0.31227165 0.43297771 0.58761192
0.3106224  0.4264666  0.57784138
0.30879271 0.42002109 0.5680268 
0.30677899 0.41363996 0.55818918
0.30459083 0.40732105 0.54833021
0.30222895 0.40106238 0.5384669 
0.29970989 0.3948588  0.52860625
0.29702848 0.38870864 0.51877376
0.29420765 0.38260684 0.50896074
0.29124521 0.37655127 0.4991885 
0.28815173 0.37053836 0.48946153
0.28494125 0.3645644  0.47977704
0.28160734 0.35863092 0.47013733
0.27816836 0.35273328 0.46053558
0.27468036 0.34684859 0.45101477
0.27116428 0.34097126 0.44156618
0.26762288 0.33510065 0.43218414
0.2640498  0.32923664 0.42287941
0.26044662 0.32337877 0.41364767
0.25681699 0.31752639 0.40448058
0.25315814 0.31167928 0.39538147
0.24946979 0.30583697 0.3863495 
0.24575437 0.29999872 0.37737931
0.2420072  0.29416433 0.36847821
0.23822919 0.28833323 0.35964294
0.23442343 0.28250461 0.35086611
0.23058556 0.27667836 0.34215336
0.22671891 0.2708535  0.33349759
0.22282087 0.26502965 0.32490143
0.21889103 0.25920621 0.31636384
0.21493045 0.25338235 0.30788127
0.21093672 0.24755761 0.29945581
0.2069106  0.24173113 0.29108425
0.20285085 0.23590224 0.28276671
0.19875637 0.23007021 0.27450301
0.19462779 0.22423412 0.26628943
0.19046325 0.21839327 0.25812667
0.18626315 0.21254662 0.25001158
0.1820255  0.20669338 0.2419448 
0.17775006 0.20083247 0.233924  
0.17343603 0.19496281 0.22594753
0.16908068 0.18908353 0.21801713
0.16468419 0.18319326 0.21012924
0.1602454  0.17729075 0.20228204
0.15576163 0.17137493 0.19447617
0.15123249 0.1654442  0.18670827
0.14665564 0.15949721 0.17897792
0.14203204 0.15353186 0.17127897
0.13735463 0.14754835 0.16360925
0.13261607 0.14154632 0.1559707 
0.12781177 0.13552422 0.1483655 
0.12294575 0.12947866 0.14078132
0.118011   0.12340807 0.13322322
0.11300477 0.11730982 0.12568876
0.10792252 0.11118134 0.11817775
0.10276171 0.10501928 0.11068591
0.0975167  0.0988205  0.10321313
0.09217814 0.09258216 0.09576458
0.08674015 0.0863002  0.0883384 
0.08119163 0.07997097 0.08094009
0.07554586 0.07362734 0.07362726
0.08166366 0.07997654 0.07908809
0.08682607 0.08664636 0.08470283
0.09181059 0.0933055  0.09020922
0.09664524 0.09994786 0.09562405
0.10135263 0.10656945 0.10096089
0.105941   0.11317204 0.10622612
0.11041792 0.1197572  0.11142554
0.11480584 0.12632547 0.1165166 
0.11916823 0.13286913 0.12138933
0.12351289 0.13938699 0.12607274
0.12784457 0.14587903 0.13059173
0.13216186 0.15234856 0.13495555
0.13646467 0.15879742 0.1391802 
0.1407612  0.16522362 0.14329085
0.14504158 0.17163497 0.14726947
0.14931411 0.17802837 0.15114824
0.15357718 0.18440736 0.15492083
0.15782938 0.19077431 0.15859099
0.1620746  0.19712883 0.16217263
0.16631135 0.20347338 0.16566552
0.17054031 0.20980978 0.16906718
0.17476117 0.2161395  0.17238165
0.17897862 0.22246169 0.17562046
0.18318988 0.22877906 0.17878028
0.18739479 0.23509303 0.18186156
0.19159761 0.241403   0.18487238
0.19579567 0.24771142 0.18780882
0.19999025 0.25401889 0.1906737 
0.20418386 0.26032542 0.19347224
0.20837301 0.26663366 0.19619822
0.21256402 0.27294181 0.19886435
0.21674846 0.27925413 0.20146107
0.22091701 0.28557278 0.20400897
0.22506572 0.29190039 0.20650026
0.22919582 0.29823734 0.20893657
0.23331194 0.30458243 0.2113271 
0.23741135 0.31093771 0.21366584
0.2414945  0.31730377 0.2159533 
0.24556487 0.32367989 0.2181963 
0.24961735 0.33006903 0.22038413
0.25365248 0.33647166 0.22251727
0.25767623 0.34288598 0.22460748
0.26168682 0.34931344 0.22665053
0.26568367 0.35575498 0.22864465
0.26966307 0.36221277 0.2305821 
0.27363158 0.36868474 0.23247576
0.27758768 0.37517217 0.23432162
0.28153233 0.38167529 0.23612116
0.28546172 0.38819624 0.23786629
0.28937772 0.39473485 0.23956002
0.29328482 0.4012899  0.24121106
0.29718281 0.40786207 0.24281834
0.30106346 0.41445516 0.24436448
0.30493406 0.42106686 0.2458635 
0.30879614 0.42769712 0.24731801
0.31264557 0.43434807 0.24871901
0.31648226 0.44102029 0.25006539
0.3203116  0.4477122  0.25136772
0.3241315  0.45442513 0.25262107
0.32793759 0.46116126 0.25381547
0.33173645 0.4679186  0.25496378
0.33552604 0.47469842 0.25606101
0.33930192 0.48150288 0.25709712
0.34307209 0.48832947 0.25808803
0.34683237 0.49518024 0.25902403
0.3505797  0.5020568  0.25989778
0.35432279 0.50895642 0.26072697
0.3580546  0.51588216 0.26149559
0.3617755  0.52283436 0.26220332
0.3654928  0.52981083 0.26286505
0.36919609 0.53681581 0.26345732
0.37289305 0.54384699 0.26399552
0.37658414 0.55090469 0.26447958
0.3802606  0.55799248 0.26488931
0.383935   0.56510637 0.26525106
0.38758896 0.57225332 0.26552172
0.39124305 0.57942641 0.26574958
0.39487985 0.58663233 0.26589084
0.39852    0.59386409 0.26599707
0.40214386 0.6011292  0.26601664
0.40575841 0.6084256  0.26596591
0.40937072 0.61575125 0.26586223
0.41296608 0.62311176 0.26566607
0.41655519 0.63050383 0.2654035 
0.42014081 0.63792697 0.26508035
0.42370997 0.6453861  0.26466115
0.42727131 0.65287868 0.26416701
0.43082795 0.66040409 0.26360481
0.43436982 0.66796622 0.26294538
0.43789743 0.6755653  0.26218841
0.4414269  0.68319639 0.26137558
0.44494372 0.69086483 0.26046493
0.44844592 0.69857168 0.25944912
0.45193958 0.70631537 0.25834292
0.45542662 0.71409571 0.25714974
0.45890078 0.72191524 0.25584859
0.46236082 0.72977478 0.25443339
0.46580926 0.73767398 0.25290779
0.46925271 0.74561112 0.25128992
0.47268281 0.75358938 0.2495511 
0.47610311 0.76160811 0.24769736
0.47950373 0.76967078 0.24569808
0.48289192 0.77777561 0.24356897
0.48626715 0.78592321 0.24130439
0.48962673 0.79411482 0.23889233
0.49297837 0.80234855 0.23635177
0.4963126  0.81062773 0.2336485 
0.49963086 0.81895236 0.23078083
0.5029307  0.82732359 0.22773533
0.50621185 0.83574191 0.22450426
0.50947384 0.84420789 0.22107859
0.51271565 0.85272222 0.21744714
0.51593694 0.86128532 0.21360374
0.51913839 0.86989744 0.20953845
0.52231108 0.87856147 0.20521173
0.52546085 0.88727683 0.20059901
0.52859008 0.89604405 0.19565333
0.5317275  0.90485587 0.19044668
0.53483658 0.91372281 0.18481968
0.53793435 0.92264083 0.17879285
0.54101189 0.9316129  0.17228506
0.54408317 0.94063587 0.16529328
0.54713577 0.94971365 0.15769625
0.55016892 0.95884703 0.14939622
0.55316945 0.96804    0.14020468
0.55615879 0.97728758 0.13005075
0.55911049 0.98659718 0.11855259
0.56190412 0.9959999  0.10454479
