0.39621724 0.96419582 0.98482645
0.39177752 0.95517714 0.98149442
0.38719854 0.9462271  0.97816852
0.38250365 0.93733937 0.97487271
0.37768731 0.92851396 0.97160452
0.37275309 0.9197488  0.96837043
0.36770241 0.91104219 0.96517531
0.36252277 0.90239578 0.96200894
0.35723638 0.89380269 0.95889959
0.35182152 0.88526672 0.9558269 
0.34627764 0.87678653 0.95279353
0.34075414 0.86834544 0.94977473
0.33531241 0.85993463 0.94677588
0.32991492 0.85155858 0.9437921 
0.32455662 0.84321652 0.94082926
0.31923134 0.83490805 0.93789119
0.31393222 0.82663295 0.93498029
0.30865654 0.81839005 0.93210306
0.30339302 0.81018057 0.92925352
0.2981498  0.80200122 0.92644498
0.29290996 0.79385337 0.92367539
0.28766803 0.78573666 0.92094586
0.28242096 0.77765018 0.91825971
0.27716804 0.76959243 0.91562246
0.27190021 0.76156402 0.91302999
0.26662091 0.75356244 0.91049164
0.26132305 0.74558786 0.90800472
0.25601331 0.73763739 0.90557832
0.25068676 0.72971112 0.9032079 
0.24534424 0.72180657 0.90090404
0.2399754  0.71392476 0.89865884
0.23458751 0.70606223 0.89648435
0.22917107 0.69821981 0.89437302
0.22373205 0.69039436 0.89233478
0.21826653 0.68258529 0.89036789
0.21277563 0.67479071 0.88847606
0.20726895 0.66700753 0.8866654 
0.20175299 0.65923377 0.88493605
0.19621654 0.65146869 0.88329129
0.19065935 0.64371076 0.88173176
0.18507921 0.63595899 0.88025548
0.17948232 0.62821022 0.87886959
0.17389696 0.62045889 0.87758402
0.16831792 0.61270315 0.8764036 
0.16323416 0.60492234 0.87517886
0.15900243 0.59709354 0.87387064
0.15581885 0.58921066 0.87242335
0.15390259 0.58126642 0.87077125
0.15347423 0.57325454 0.86882763
0.15467234 0.565179   0.8664624 
0.1577399  0.55702542 0.86356809
0.16267917 0.54880743 0.85995239
0.16946616 0.54053712 0.85540744
0.17805109 0.53227937 0.84938969
0.18758435 0.52408176 0.84197922
0.19752787 0.5160536  0.8327917 
0.20688883 0.50823942 0.82227791
0.21534491 0.50068354 0.81051907
0.22262565 0.4933627  0.79799875
0.2287223  0.48625022 0.78501821
0.23380506 0.47931458 0.77172355
0.23802242 0.47252792 0.75822684
0.24145511 0.46586896 0.74464624
0.24425343 0.4593148  0.73101815
0.24645307 0.45285139 0.71743459
0.24817917 0.44646223 0.70389119
0.24943899 0.44013829 0.69046535
0.2502849  0.43386977 0.67718199
0.25083526 0.42766024 0.66389388
0.25107768 0.42149324 0.65073148
0.25101342 0.41536202 0.63775121
0.25071196 0.40927214 0.62483981
0.25018187 0.40321466 0.61205049
0.24941437 0.3971804  0.59946338
0.24849233 0.39118269 0.58688363
0.24735343 0.38520305 0.57452506
0.24610848 0.37924704 0.56219215
0.24472071 0.37329751 0.55005288
0.24324277 0.36735316 0.53803668
0.24165187 0.36141435 0.52617878
0.23998823 0.3554802  0.51442074
0.23820821 0.34955167 0.50282869
0.23635004 0.34362772 0.49134651
0.23440864 0.33770823 0.47998291
0.23237068 0.33179355 0.46875896
0.23026307 0.32588263 0.45763358
0.22805854 0.31997626 0.44664972
0.22577978 0.31407332 0.43577293
0.22343494 0.3081732  0.42499013
0.22099098 0.30227721 0.41435376
0.21847978 0.29638357 0.40381345
0.21590543 0.29049164 0.39336262
0.21323948 0.28460269 0.38304691
0.21050543 0.27871511 0.37282788
0.20770794 0.27282813 0.36269774
0.20483332 0.26694218 0.35267858
0.20188748 0.26105643 0.34276038
0.19887821 0.25516985 0.33292919
0.19580585 0.24928183 0.32318365
0.19265633 0.24339293 0.31354623
0.18943573 0.23750211 0.30400589
0.18615837 0.23160734 0.29453826
0.18281362 0.22570897 0.28515869
0.17940006 0.21980641 0.27586809
0.17592868 0.21389751 0.26664787
0.17238027 0.2079835  0.25752785
0.16876847 0.20206201 0.24848333
0.16509236 0.19613208 0.2395139 
0.1613505  0.19019276 0.23061978
0.1575404  0.18424315 0.22180275
0.15366858 0.17828103 0.21305001
0.14972583 0.17230625 0.20437372
0.14571704 0.16631655 0.19576325
0.14164004 0.16031053 0.18721932
0.13749023 0.15428682 0.17874816
0.13326931 0.14824335 0.17034196
0.12898063 0.14217733 0.16199171
0.12460714 0.13609106 0.15370515
0.12014718 0.12998317 0.14547282
0.11559695 0.12385163 0.13729502
0.11095667 0.11769343 0.12916496
0.10621792 0.11150681 0.12108924
0.10137979 0.1052883  0.11306138
0.09643571 0.09903509 0.10508334
0.09138283 0.09274317 0.09714981
0.08620395 0.0864109  0.08927854
0.0808953  0.08003335 0.08146328
0.07545743 0.07364632 0.07378439
0.083067   0.07947873 0.07843146
0.09144601 0.08499435 0.08255398
0.09990305 0.09039161 0.08644881
0.10839129 0.09569111 0.09017047
0.11690026 0.10090199 0.09373849
0.12542437 0.10603144 0.09716711
0.13397256 0.11108109 0.10045469
0.14252279 0.11606335 0.10363184
0.15108798 0.12097769 0.1066916 
0.15966504 0.12582907 0.10964349
0.16825251 0.13062159 0.11249492
0.17686259 0.13535365 0.11523731
0.185477   0.14003557 0.11789637
0.19411707 0.14466144 0.12045203
0.20276685 0.14924045 0.12292703
0.21143674 0.15377064 0.12531305
0.22014641 0.15824549 0.12758974
0.22886997 0.16267832 0.12979145
0.23760879 0.16707062 0.13191988
0.2463778  0.17141741 0.13395949
0.25518188 0.17571793 0.13590653
0.2639957  0.17998576 0.13779556
0.27284176 0.18421176 0.13960048
0.28173347 0.18839056 0.14130576
0.2906353  0.19254102 0.14295966
0.29957967 0.19664824 0.14452165
0.3085573  0.20071794 0.14600555
0.31756791 0.20475134 0.14741332
0.32657913 0.20876765 0.14878011
0.33563763 0.21274279 0.15005052
0.34472216 0.21668948 0.15124965
0.35384055 0.22060436 0.15236933
0.36300535 0.22448107 0.15339525
0.3721903  0.22833579 0.1543576 
0.38142174 0.23215391 0.15522689
0.3906912  0.23594115 0.15601306
0.39998925 0.23970408 0.15672703
0.40933752 0.24343028 0.15734231
0.41872084 0.24712966 0.15787785
0.42813656 0.25080471 0.15833666
0.43760226 0.25444502 0.15869589
0.4471077  0.25805768 0.15896765
0.45664436 0.26164888 0.15916288
0.46622946 0.26520806 0.1592586 
0.47586441 0.26873479 0.15925075
0.48552681 0.27224468 0.15916741
0.4952386  0.27572358 0.15897901
0.50500012 0.27917169 0.15868294
0.51480473 0.28259407 0.15828632
0.52463992 0.28600007 0.15780551
0.53452684 0.28937557 0.15720706
0.54446658 0.29272019 0.15648567
0.5544508  0.29604018 0.1556531 
0.56446851 0.29934427 0.15472163
0.57453878 0.30261935 0.15365456
0.58465231 0.30587246 0.15246728
0.59481039 0.30910327 0.15115241
0.6050245  0.31230391 0.14968106
0.6152775  0.31548757 0.14808113
0.62558157 0.31864583 0.14632022
0.63592896 0.32178512 0.14440596
0.64631968 0.32490627 0.14232767
0.65675229 0.32801106 0.14007915
0.66723527 0.33109359 0.13762979
0.67775844 0.33416259 0.13498847
0.68832399 0.33721738 0.13213063
0.69892997 0.3402605  0.12904128
0.70957713 0.34329231 0.12569597
0.72024621 0.34633309 0.12204723
0.73090666 0.34941793 0.11796391
0.74154474 0.35256245 0.11338963
0.75210563 0.35582126 0.10828529
0.76258833 0.35919961 0.10254971
0.77294863 0.36274465 0.09606316
0.78312854 0.36651503 0.08874065
0.79303316 0.3706053  0.0804872 
0.80259243 0.37508448 0.07118369
0.81168776 0.38006316 0.06082568
0.82021248 0.38563405 0.04952055
0.82810202 0.39184235 0.03751914
0.8353566  0.39866663 0.02657083
0.84203743 0.40602832 0.01772787
0.84823906 0.41382219 0.01099552
0.85400827 0.42199067 0.00637394
0.8594805  0.43040193 0.00354656
0.86468741 0.43902156 0.00238872
0.86968788 0.44779381 0.00270353
0.87449301 0.4567049  0.00448102
0.87915401 0.465711   0.00746865
0.88367662 0.47480465 0.01172848
0.88804853 0.48398967 0.01761578
0.89228279 0.49325489 0.02506751
0.896382   0.50259512 0.0342469 
0.90033188 0.51201522 0.045335  
0.90415402 0.52149906 0.05672185
0.90785114 0.5310419  0.06826597
0.91141766 0.54064338 0.08011022
0.91487655 0.55028811 0.09206124
0.91823197 0.55997137 0.10416848
0.92148306 0.56969132 0.11650632
0.92465334 0.57943399 0.12894429
0.92774889 0.58919536 0.14149732
0.93076762 0.59897484 0.15425606
0.93373012 0.60876253 0.16710561
0.93664806 0.61855227 0.18004223
0.93952149 0.62834489 0.19309137
0.94235645 0.63813726 0.20627582
0.94516417 0.647926   0.2195401 
0.94795481 0.65770712 0.232878  
0.9507294  0.66748207 0.24629488
0.95349552 0.67724865 0.25978621
0.95625363 0.68700844 0.27336267
0.95900905 0.69676034 0.28702846
0.96172067 0.70653003 0.30078964
0.96442678 0.71630784 0.31441421
0.96710725 0.72610549 0.32795259
0.96976879 0.7359209  0.34141395
0.97239695 0.74576234 0.35483325
0.975045   0.75560553 0.36815506
0.97765525 0.7654795  0.38146712
0.98026138 0.77536956 0.39473717
0.98284148 0.78528712 0.40800261
0.98542415 0.79522045 0.42123714
0.9879913  0.80517903 0.43447129
0.99053061 0.81516938 0.44772688
0.99307424 0.82517866 0.46097256
0.99556425 0.83523277 0.47428224
0.99788338 0.84538075 0.48779427
