0.48878914 0.95008305 0.98887084
0.48185164 0.94165277 0.98392681
0.47486243 0.93328684 0.97895037
0.4678482  0.92497391 0.97399711
0.46081678 0.91670957 0.9690869 
0.45375928 0.90849608 0.96420313
0.44667945 0.90033055 0.95935769
0.43957593 0.89221213 0.95455144
0.43244558 0.88414067 0.94978103
0.42528689 0.87611532 0.94504713
0.41810233 0.86813336 0.94036175
0.41088253 0.86019739 0.93570514
0.40368546 0.85229691 0.93108216
0.39687434 0.84438771 0.92638619
0.39048888 0.8364635  0.92162711
0.3846281  0.82851454 0.91676621
0.37921687 0.82055097 0.91182061
0.37435935 0.81256253 0.90674719
0.36997483 0.80455962 0.90156273
0.36613003 0.79653624 0.89623123
0.36274628 0.78850206 0.89076701
0.35985783 0.7804542  0.8851436 
0.35738358 0.77240209 0.8793754 
0.35532477 0.76434605 0.87344661
0.35361773 0.75629285 0.86736908
0.35222149 0.74824703 0.86114407
0.35111274 0.74021075 0.85476958
0.35020073 0.73219349 0.84827157
0.34952031 0.72419058 0.84163003
0.34897575 0.71621201 0.83487598
0.34852984 0.70826135 0.82801943
0.34820674 0.70033482 0.82104866
0.34793663 0.69243981 0.81398837
0.34769763 0.68457781 0.80684904
0.34746897 0.67675073 0.79963769
0.34727415 0.6689546  0.79234708
0.34714293 0.66119331 0.7848948 
0.34706534 0.65346678 0.77728746
0.34701483 0.64577835 0.76952883
0.34696599 0.63813118 0.76162465
0.34689477 0.63052816 0.75358254
0.34679158 0.62297186 0.74539255
0.34662482 0.6154644  0.7370835 
0.34637064 0.60800836 0.72867116
0.34602331 0.60060367 0.72016532
0.34556852 0.59325163 0.71157906
0.34500592 0.58595135 0.70292153
0.34431497 0.57870516 0.69420952
0.34350656 0.57151038 0.68544867
0.34258223 0.56436583 0.67664745
0.34152242 0.55727375 0.66782364
0.34035291 0.5502291  0.65897488
0.33905662 0.54323376 0.65011777
0.33764897 0.5362844  0.64125324
0.33612559 0.52938088 0.63239144
0.33449507 0.52252103 0.62353536
0.33275213 0.51570489 0.61469526
0.33091277 0.50892915 0.60586864
0.32896833 0.50219442 0.59706709
0.32693723 0.49549843 0.58827386
0.3248193  0.48883946 0.57950254
0.32260979 0.48221728 0.5707638 
0.32031103 0.47563083 0.56206126
0.31793198 0.46907802 0.55339322
0.31548533 0.46255824 0.54473766
0.31296339 0.45607    0.53612075
0.310365   0.44961286 0.52754712
0.30769363 0.44318619 0.51901313
0.30497126 0.43678704 0.51049479
0.30219873 0.43040981 0.50203369
0.29939247 0.42405086 0.49362191
0.29654891 0.41771002 0.48526481
0.29367092 0.41138675 0.47695712
0.29075974 0.40508051 0.46869683
0.28781517 0.39879077 0.46048478
0.28483477 0.39251745 0.45232326
0.28182088 0.38625999 0.44420774
0.27877414 0.38001784 0.43613712
0.27569203 0.37379076 0.42811511
0.2725761  0.3675782  0.42013838
0.26942802 0.3613795  0.41220413
0.26624747 0.35519424 0.40431194
0.26303067 0.34902234 0.39646686
0.25978012 0.34286314 0.38866372
0.25649704 0.33671594 0.38090056
0.25318209 0.33058008 0.37317609
0.24983056 0.32445565 0.36549579
0.24644531 0.31834182 0.35785431
0.24302656 0.31223801 0.3502504 
0.23957439 0.30614359 0.34268313
0.23608676 0.30005822 0.33515482
0.2325641  0.29398125 0.32766344
0.22900632 0.28791217 0.32020727
0.2254139  0.28185019 0.31278486
0.22178689 0.27579459 0.30539522
0.21812164 0.2697452  0.29804222
0.21441948 0.26370123 0.29072153
0.21068233 0.25766146 0.28343032
0.20690754 0.25162564 0.27616958
0.20309413 0.24559314 0.26893882
0.19924164 0.23956297 0.26173873
0.19535028 0.23353432 0.25456599
0.19141824 0.22750663 0.24742053
0.18744615 0.22147871 0.2403002 
0.18343296 0.21544969 0.23320418
0.17937618 0.20941897 0.22613308
0.17527564 0.20338529 0.219086  
0.17113079 0.19734761 0.21206018
0.16693927 0.19130512 0.2050555 
0.16270304 0.18525588 0.19806799
0.15842208 0.17919853 0.19109317
0.15408556 0.17313457 0.18413377
0.14969826 0.167061   0.17718303
0.14525057 0.16097835 0.17024664
0.14074551 0.15488382 0.16331894
0.13617996 0.14877597 0.15639948
0.13154822 0.14265394 0.14948988
0.1268547  0.13651394 0.14258235
0.12209266 0.13035494 0.13567881
0.11726254 0.12417373 0.12877427
0.11235939 0.11796824 0.12186821
0.10737312 0.11173754 0.11496449
0.10230949 0.10547592 0.10805158
0.09715245 0.09918331 0.10113773
0.09190371 0.09285416 0.09421374
0.0865514  0.08648616 0.08728237
0.08108375 0.08007633 0.08034534
0.07551187 0.07365946 0.07345019
0.08175524 0.07993504 0.07913519
0.08715267 0.0865005  0.08486863
0.0924065  0.09304319 0.09050854
0.09754086 0.09955926 0.09606933
0.10256926 0.10604898 0.10155993
0.10750066 0.11251404 0.10698683
0.11234014 0.11895727 0.11235448
0.1170958  0.12537976 0.11766848
0.12177513 0.13178253 0.12293394
0.12637002 0.13817259 0.12814887
0.13089654 0.14454677 0.13332192
0.13535195 0.15090928 0.13845327
0.13973987 0.15726152 0.14354579
0.1440664  0.16360371 0.14860334
0.14832662 0.16994018 0.15362495
0.15252891 0.17626992 0.15861529
0.15666982 0.18259632 0.16357392
0.16075616 0.18891873 0.16850468
0.16478472 0.19524015 0.17340715
0.16875958 0.20156069 0.17828433
0.17267694 0.20788111 0.18315917
0.17653361 0.2142043  0.18802799
0.18033128 0.22053096 0.19289238
0.18406995 0.22686229 0.19775369
0.18775001 0.23319927 0.2026133 
0.19137243 0.23954256 0.20747338
0.19493386 0.24589388 0.21233829
0.19843774 0.25225341 0.2172056 
0.20188501 0.25862174 0.22207668
0.20527574 0.26499966 0.22695257
0.2086097  0.27138804 0.23183423
0.21188338 0.27778829 0.2367265 
0.2151003  0.28420029 0.24162786
0.21826059 0.29062478 0.24653806
0.22136361 0.29706258 0.25145782
0.22441104 0.30351378 0.25638838
0.22739724 0.30998011 0.26133517
0.23032497 0.3164617  0.26629472
0.23319496 0.32295891 0.27126724
0.2360094  0.3294716  0.27625387
0.23876346 0.33600142 0.28125667
0.24145422 0.34254936 0.28627865
0.2440865  0.3491149  0.29131657
0.24666051 0.35569837 0.29637113
0.24917474 0.36230057 0.30144287
0.25162151 0.36892324 0.30653872
0.25400715 0.37556566 0.31165294
0.25633072 0.38222837 0.31678601
0.25859405 0.38891123 0.32193874
0.26078637 0.39561659 0.32711819
0.26291363 0.40234379 0.33231846
0.26497595 0.40909309 0.33753979
0.26697248 0.41586488 0.34278345
0.26889464 0.42266084 0.34805609
0.27074882 0.42948025 0.35335131
0.27253483 0.43632337 0.35866959
0.27424657 0.44319148 0.36401465
0.2758796  0.45008558 0.3693884 
0.27744013 0.4570048  0.3747866 
0.27892929 0.46394906 0.38020977
0.28032672 0.47092224 0.3856654 
0.2816636  0.47792105 0.39111463
0.28291889 0.48495011 0.39655738
0.28410008 0.49200833 0.40198941
0.28521494 0.49909461 0.4074069 
0.28624513 0.50621229 0.4128159 
0.28718602 0.51336243 0.41821533
0.28805548 0.52054209 0.42359932
0.28884935 0.5277522  0.42896813
0.28955499 0.53499497 0.43432518
0.29017156 0.54227067 0.43966956
0.29070567 0.54957851 0.44499632
0.29116196 0.55691796 0.45030299
0.29152858 0.56429083 0.45559421
0.29180401 0.57169752 0.46086885
0.2919813  0.57913936 0.46612509
0.29208258 0.58661315 0.47135612
0.29209916 0.59412016 0.4765655 
0.29201479 0.60166317 0.4817528 
0.29183505 0.60924127 0.48691743
0.2915645  0.6168538  0.49205874
0.29119956 0.62450172 0.49717189
0.29075179 0.63218358 0.50225326
0.290214   0.6399002  0.50730748
0.28957451 0.6476536  0.51233145
0.2888411  0.65544266 0.5173247 
0.28801842 0.66326682 0.5222864 
0.28709503 0.67112803 0.52721312
0.28609139 0.67902363 0.53210317
0.28500806 0.68695398 0.53695293
0.28383545 0.69492036 0.54176437
0.2825799  0.70292213 0.54653665
0.28123961 0.71095985 0.55126748
0.27982321 0.71903267 0.55595632
0.27832756 0.72714138 0.56060046
0.27676697 0.73528447 0.56520028
0.27513484 0.74346331 0.56975222
0.27344998 0.75167595 0.57425747
0.27170709 0.75992368 0.57871243
0.26988876 0.76820939 0.58310872
0.26801641 0.77652907 0.58747325
0.26608164 0.78488441 0.59180103
0.26407212 0.79327772 0.59608297
0.26202197 0.80170605 0.60031715
0.25998943 0.81016442 0.60450173
0.25797378 0.81865446 0.60862819
0.25598195 0.8271773  0.61268423
0.25407988 0.83572799 0.61666834
0.25229257 0.8443066  0.62056679
0.25083283 0.85289608 0.62437822
0.24967048 0.86150311 0.62807855
0.24897576 0.8701158  0.63166259
0.24898412 0.87871792 0.6351189 
0.24988706 0.88729782 0.63842861
0.25193692 0.89583808 0.64157903
0.25554891 0.90430564 0.64457382
0.26114805 0.91266317 0.64742576
0.26912264 0.92086886 0.65017787
0.27970121 0.92888346 0.65291897
0.29282307 0.93668321 0.65576383
0.30814475 0.9442665  0.65881396
0.32366672 0.95181634 0.66194275
0.33871927 0.95940851 0.66506122
0.35335865 0.96704411 0.66817743
0.36764545 0.97472334 0.67128736
0.38162554 0.98244671 0.67439079
0.39535092 0.99021387 0.67747543
0.40894202 0.99801963 0.68045742
