0.91520937 0.88410709 0.10104904
0.91048242 0.87483767 0.09982265
0.90568276 0.86565522 0.09828244
0.90087481 0.85652993 0.09666501
0.89605948 0.8474607 0.09497396
0.89123562 0.83844741 0.09320509
0.88641699 0.82948292 0.0914093
0.88159312 0.82057142 0.08954789
0.8767693 0.81170971 0.0876405
0.87170408 0.80298328 0.08720499
0.86632274 0.79442155 0.08855131
0.86066236 0.78601462 0.09118616
0.85476153 0.777751 0.09465413
0.84865036 0.7696207 0.09867239
0.84236041 0.76161133 0.10308765
0.83592381 0.75371311 0.1075655
0.82935703 0.74591778 0.11214874
0.82268375 0.73821672 0.11669422
0.81592538 0.73060177 0.12110977
0.80908589 0.72306998 0.12544804
0.80218045 0.71561528 0.12965584
0.79522338 0.70823172 0.13369659
0.78822251 0.70091546 0.13757585
0.78118466 0.69366315 0.14129465
0.77411593 0.6864716 0.14486073
0.76702171 0.67933861 0.14825184
0.75990694 0.67226055 0.15151354
0.75277603 0.66523585 0.15461475
0.74563284 0.65826193 0.15757501
0.7384808 0.65133668 0.16040146
0.73132341 0.64445853 0.16308003
0.72416323 0.63762538 0.16563109
0.71700282 0.63083562 0.16805625
0.7098453 0.624088 0.1703366
0.70268951 0.61738136 0.17251526
0.69552894 0.61071879 0.17457539
0.68835849 0.60410123 0.17654791
0.68118711 0.59752443 0.17842287
0.674017 0.59098727 0.18019001
0.66684992 0.58448854 0.18184865
0.65968645 0.578027 0.18341428
0.65251675 0.57160565 0.18491698
0.64535329 0.56521971 0.1863162
0.63819723 0.55886779 0.18762323
0.63104963 0.55254885 0.18884017
0.62390322 0.54626499 0.18998806
0.6167621 0.540014 0.19106157
0.60963287 0.53379311 0.19204192
0.60251611 0.52760139 0.19293407
0.59540002 0.52144238 0.19377287
0.588295 0.51531167 0.19453608
0.58120445 0.50920756 0.19521568
0.57412332 0.50313129 0.19582575
0.56704813 0.49708339 0.19637907
0.55998941 0.49105963 0.19685008
0.55294504 0.48506016 0.19724628
0.54590442 0.47908807 0.19759607
0.53888123 0.47313789 0.1978698
0.53187392 0.46720963 0.19807195
0.52487074 0.46130685 0.19823036
0.51788642 0.45542379 0.19831278
0.51091684 0.44956125 0.1983314
0.50395371 0.44372155 0.19830511
0.49701057 0.43789949 0.19820296
0.49007901 0.43209731 0.19804665
0.48315811 0.42631469 0.19783969
0.47625768 0.42054777 0.19755939
0.46936366 0.41480076 0.19723754
0.46248671 0.4090694 0.19685217
0.45562632 0.40335323 0.19640557
0.44877276 0.39765498 0.19591841
0.44194035 0.39196929 0.19535931
0.43511594 0.38629988 0.19475815
0.42830698 0.38064365 0.19409968
0.42151419 0.37499977 0.19338185
0.41472905 0.36937048 0.19262214
0.40796489 0.36375075 0.19179303
0.40120529 0.35814526 0.19092996
0.39446395 0.35254892 0.19000388
0.38773381 0.34696349 0.1890279
0.3810163 0.34138788 0.18799794
0.37430848 0.33582118 0.1869394
0.36762689 0.33025866 0.1857983
0.36095911 0.32470164 0.18463155
0.35431619 0.31914794 0.18338439
0.34768822 0.31359844 0.18210114
0.3410792 0.308052 0.1807604
0.33448939 0.302508 0.17935841
0.32791164 0.29696681 0.17792595
0.32135565 0.29142653 0.17641478
0.3148132 0.28588761 0.1748605
0.30828345 0.28034949 0.173264
0.3017728 0.27481074 0.17159248
0.29527295 0.26927167 0.16988118
0.28878531 0.2637314 0.16812031
0.28231445 0.25818872 0.16628524
0.27585272 0.25264371 0.1644079
0.26939974 0.2470956 0.16248626
0.26296073 0.24154309 0.16049232
0.2565305 0.23598587 0.15844607
0.25010811 0.23042314 0.15634754
0.24369359 0.22485402 0.15419205
0.23728707 0.21927753 0.1519748
0.23088732 0.21369283 0.14969647
0.22449367 0.20809898 0.14735475
0.21810269 0.20249511 0.14496059
0.21171476 0.19688008 0.1425064
0.20533079 0.19125269 0.13998194
0.19894616 0.18561191 0.13740271
0.19256365 0.17995634 0.13474885
0.18617997 0.17428474 0.1320288
0.17979409 0.16859567 0.12923997
0.17340629 0.16288762 0.12637288
0.16701303 0.15715901 0.1234359
0.16061333 0.15140809 0.12042447
0.15420411 0.14563296 0.11734372
0.14778707 0.13983156 0.11417568
0.14135911 0.13400165 0.11092447
0.1349193 0.12814081 0.10758297
0.12846537 0.12224684 0.10414489
0.12199309 0.1163179 0.10060482
0.1154989 0.11035099 0.09696276
0.10897948 0.10434282 0.09321554
0.10243412 0.09828998 0.08934482
0.09585803 0.09218841 0.08535026
0.08925004 0.08603396 0.08121012
0.08260881 0.0798221 0.07689998
0.07597068 0.07358295 0.07241369
0.08177963 0.07986929 0.0796728
0.0872447 0.08628092 0.08663017
0.0925618 0.09266002 0.09361448
0.09776414 0.09900309 0.10060233
0.10286528 0.10531185 0.10758894
0.10786002 0.11159277 0.1145868
0.11277038 0.11784415 0.12158152
0.11759623 0.12407013 0.12857937
0.12233661 0.13027465 0.1355867
0.1270017 0.13645828 0.14259894
0.1315929 0.1426237 0.1496193
0.13610814 0.14877424 0.15665379
0.14056277 0.15490845 0.16369214
0.14494341 0.16103218 0.17074997
0.14926549 0.16714363 0.17781653
0.15352303 0.17324635 0.18490012
0.15771666 0.17934206 0.19200282
0.16184632 0.18543248 0.19912713
0.16591807 0.19151773 0.20627001
0.16993188 0.19759935 0.21343362
0.17389797 0.20367632 0.2206112
0.17779802 0.20975434 0.2278203
0.18164191 0.2158323 0.23505412
0.18543884 0.22190918 0.24230706
0.18918839 0.22798615 0.24958193
0.19288928 0.23406455 0.25688165
0.19653541 0.24014681 0.26421219
0.20012622 0.24623396 0.27157529
0.20366954 0.25232508 0.27896636
0.20716293 0.25842162 0.28638827
0.21060392 0.26452491 0.29384392
0.21399106 0.27063602 0.30133551
0.21733128 0.27675412 0.30885915
0.22062193 0.28288052 0.31641745
0.22386 0.28901651 0.32401357
0.22704652 0.2951625 0.33164753
0.23018174 0.30131898 0.33932019
0.23327053 0.30748554 0.34702885
0.23630779 0.3136638 0.35477774
0.23929274 0.31985443 0.36256816
0.2422232 0.32605833 0.37040244
0.24510221 0.33227537 0.3782789
0.24793486 0.33850501 0.38619494
0.25071376 0.34474913 0.39415628
0.25344148 0.35100767 0.40216153
0.25611315 0.35728194 0.41021481
0.25873178 0.36357175 0.41831447
0.26129559 0.36987779 0.42646234
0.26380541 0.37620025 0.43465835
0.2662594 0.38253979 0.44290432
0.26865787 0.38889668 0.45120056
0.2710015 0.3952711 0.45954708
0.27328817 0.40166368 0.46794598
0.27551882 0.40807458 0.47639699
0.27769243 0.41450423 0.48490128
0.27980301 0.42095384 0.49346343
0.28185836 0.42742238 0.50207874
0.283855 0.43391063 0.51075017
0.2857891 0.44041942 0.51948079
0.28766136 0.44694881 0.52827066
0.28947418 0.4534986 0.53711895
0.29122105 0.4600699 0.54603101
0.29290319 0.46666267 0.55500646
0.29451878 0.47327734 0.564047
0.29606852 0.47991394 0.57315265
0.29756021 0.48657135 0.58232042
0.29898445 0.49325117 0.59155578
0.30033901 0.49995383 0.6008606
0.30162186 0.50667969 0.61023675
0.30284096 0.51342762 0.61968126
0.3039936 0.52019809 0.62919645
0.30507063 0.52699247 0.63878773
0.30607849 0.53380986 0.64845296
0.30702111 0.54064964 0.6581921
0.30788278 0.54751406 0.66801347
0.3086811 0.55440059 0.67791054
0.30940829 0.56131038 0.68788779
0.31006048 0.56824368 0.69795018
0.31064545 0.57519949 0.70809511
0.31116357 0.58217764 0.71832497
0.31160645 0.58917899 0.72864632
0.31199625 0.59620059 0.73905231
0.31231757 0.60324424 0.74955234
0.31253719 0.61031266 0.7601715
0.31223408 0.61750408 0.77070814
0.31111044 0.62490269 0.78087244
0.30938604 0.63254493 0.79005037
0.3086758 0.64028109 0.79734336
0.31020418 0.64789645 0.80296092
0.31350635 0.65536851 0.80771953
0.31796876 0.66274533 0.81201951
0.32320489 0.67005874 0.81608777
0.3290076 0.67733373 0.81997799
0.335203 0.68458526 0.82378462
0.34169436 0.69182188 0.8275589
0.34841501 0.6990542 0.83129933
0.3553193 0.70628772 0.83502035
0.36237187 0.71352585 0.83874189
0.36954208 0.72077415 0.84246177
0.3768077 0.7280337 0.84620486
0.38414878 0.73531004 0.849957
0.39155023 0.74260235 0.85375149
0.39899892 0.74991441 0.85758147
0.40650806 0.7572489 0.86140904
0.41405589 0.76460738 0.86525963
0.42162544 0.77198956 0.86916876
0.42921676 0.77940556 0.87305562
0.43677559 0.78685456 0.87702293
0.44430596 0.7943419 0.88102723
0.45180917 0.80186818 0.88507028
0.45928653 0.80943404 0.88915358
0.46673965 0.81703763 0.89330009
0.47417008 0.82468192 0.89748984
0.48157918 0.83236753 0.90172409
0.48896784 0.84009614 0.90599511
0.4963378 0.84786706 0.91031485
0.50368951 0.85568253 0.91467121
0.51102494 0.86354184 0.91907588
0.51834477 0.87144655 0.92352227
0.52564983 0.87939765 0.92800842
0.53294081 0.88739626 0.93253171
0.54021846 0.89544323 0.9370913
0.54748503 0.90353816 0.94169579
0.55474193 0.91168157 0.94634634
0.56198543 0.91987808 0.95101555
0.569218 0.92812691 0.95571486
0.57644249 0.93642731 0.96045455
0.58365214 0.94478534 0.96519931
