0.00880976 0.06039671 0.24204078
0.01000877 0.06358692 0.24755032
0.01127693 0.06676052 0.25300306
0.01260551 0.0699012  0.25846331
0.01399349 0.07301024 0.26393456
0.01543952 0.07608835 0.26942165
0.01694353 0.07913816 0.2749217 
0.01850442 0.08216045 0.28043801
0.02012149 0.08515654 0.28597137
0.02179469 0.08812841 0.29151957
0.02352317 0.0910768  0.29708459
0.02530658 0.09400297 0.30266599
0.02714396 0.09690739 0.30826623
0.02903553 0.09979173 0.3138825 
0.03098082 0.10265674 0.31951546
0.03297906 0.10550284 0.32516677
0.03502994 0.10833084 0.33083633
0.0371331  0.11114142 0.33652431
0.03928667 0.11393601 0.34222915
0.04146356 0.11671517 0.3479521 
0.04360981 0.11947948 0.353693  
0.04573491 0.12222852 0.35945593
0.0478408  0.12496342 0.36523813
0.04992925 0.12768532 0.37103676
0.05199888 0.13039301 0.37685884
0.05405196 0.13308798 0.38269978
0.05608893 0.13577041 0.38856049
0.05810955 0.13844    0.39444385
0.06011575 0.14109803 0.40034588
0.06210649 0.14374363 0.40627177
0.06408357 0.14637799 0.4122177 
0.06604689 0.14900097 0.41818569
0.06799662 0.15161257 0.42417691
0.06993452 0.154214   0.43018726
0.07185845 0.15680357 0.43622528
0.073771   0.15938311 0.44228401
0.07567266 0.16195294 0.44836317
0.07756112 0.16451114 0.45447199
0.07943951 0.16706007 0.4606012 
0.08130755 0.16959937 0.46675319
0.08316446 0.17212834 0.47293185
0.0850109  0.17464743 0.4791361 
0.08684787 0.17715728 0.48536383
0.08867548 0.17965788 0.49161584
0.09049378 0.18214917 0.49789309
0.09230183 0.18463028 0.50419998
0.09410129 0.18710243 0.51053186
0.09589224 0.18956557 0.51688953
0.09767495 0.19201981 0.52327314
0.09944956 0.19446514 0.5296832 
0.10121619 0.19690154 0.53612033
0.23046638 0.21904426 0.23890152
0.23320679 0.22190555 0.24170229
0.23594585 0.2247658  0.24450176
0.23868369 0.22762511 0.24730004
0.24142045 0.23048357 0.25009727
0.24415619 0.23334131 0.25289354
0.24689108 0.23619841 0.25568899
0.24962519 0.23905499 0.25848371
0.25235866 0.24191112 0.26127782
0.25509157 0.24476693 0.26407143
0.25782405 0.24762248 0.26686464
0.26055617 0.25047789 0.26965756
0.26328806 0.25333323 0.27245029
0.26601979 0.25618861 0.27524292
0.2687515  0.25904408 0.27803557
0.27148314 0.26189982 0.2808283 
0.27421491 0.26475583 0.28362123
0.27694693 0.26761221 0.28641446
0.27967924 0.27046904 0.28920807
0.28241196 0.27332641 0.29200217
0.28514518 0.27618438 0.29479684
0.28787897 0.27904304 0.29759217
0.2906134  0.28190246 0.30038825
0.29334857 0.28476273 0.30318516
0.29608435 0.287624   0.30598294
0.29882155 0.29048611 0.30878112
0.30155988 0.2933493  0.31157965
0.30429942 0.29621364 0.31437859
0.30704025 0.2990792  0.31717801
0.30978246 0.30194604 0.31997799
0.31252614 0.30481423 0.32277857
0.31527142 0.30768383 0.32557976
0.31801835 0.3105549  0.32838165
0.32076699 0.31342751 0.33118435
0.32351737 0.31630175 0.3339879 
0.3262696  0.31917766 0.33679237
0.32902376 0.32205532 0.33959781
0.3317799  0.32493478 0.34240429
0.33453811 0.3278161  0.34521185
0.33729847 0.33069935 0.34802055
0.34006103 0.33358458 0.35083045
0.34282595 0.33647184 0.35364154
0.34559324 0.33936119 0.35645393
0.34836294 0.34225271 0.35926767
0.35113515 0.34514644 0.36208283
0.3539099  0.34804246 0.36489944
0.35668731 0.3509408  0.36771756
0.35946741 0.35384154 0.37053724
0.36225029 0.35674471 0.37335852
0.365036   0.35965039 0.37618146
0.36782464 0.36255861 0.3790061 
0.37061623 0.36546944 0.38183248
0.37341089 0.36838293 0.38466065
0.37620865 0.37129913 0.38749066
0.3790096  0.37421808 0.39032256
0.38181378 0.37713986 0.39315638
0.38462129 0.3800645  0.39599218
0.38743217 0.38299207 0.39882998
0.3902465  0.38592259 0.40166984
0.39306434 0.38885614 0.4045118 
0.39588576 0.39179275 0.4073559 
0.39871084 0.39473248 0.41020219
0.40153961 0.39767538 0.41305069
0.40437217 0.40062149 0.41590146
0.40720857 0.40357086 0.41875455
0.41004888 0.40652354 0.42160997
0.41289316 0.40947958 0.42446777
0.41574149 0.41243903 0.42732801
0.41859392 0.41540193 0.43019071
0.42145052 0.41836832 0.43305592
0.42431137 0.42133826 0.43592367
0.42717652 0.42431179 0.43879401
0.43004603 0.42728896 0.44166696
0.43291999 0.43026981 0.44454259
0.43579844 0.43325438 0.44742091
0.43868147 0.43624273 0.45030198
0.44156912 0.43923489 0.45318583
0.44446148 0.44223092 0.4560725 
0.4473586  0.44523085 0.45896203
0.45026057 0.44823472 0.46185445
0.45316752 0.45124256 0.46474974
0.45607943 0.45425443 0.467648  
0.45899638 0.45727038 0.47054928
0.46191843 0.46029045 0.47345361
0.46484565 0.46331469 0.47636105
0.46777811 0.46634312 0.47927162
0.47071587 0.46937581 0.48218538
0.47365899 0.47241278 0.48510236
0.47660755 0.47545409 0.4880226 
0.47956161 0.47849977 0.49094615
0.48252137 0.48154983 0.49387294
0.48548676 0.48460434 0.49680311
0.48845785 0.48766336 0.49973673
0.49143471 0.49072691 0.50267383
0.49441741 0.49379504 0.50561445
0.497406   0.4968678  0.50855865
0.50040056 0.49994522 0.51150648
0.50340117 0.50302735 0.51445794
0.50640801 0.50611418 0.51741301
0.50942101 0.5092058  0.52037184
0.51244023 0.51230225 0.52333448
0.51546575 0.51540357 0.52630098
0.51849762 0.5185098  0.5292714 
0.5215359  0.521621   0.53224579
0.5245807  0.52473718 0.53522416
0.52763218 0.52785835 0.53820649
0.53069026 0.53098462 0.54119293
0.533755   0.534116   0.54418356
0.53682648 0.53725256 0.54717842
0.53990474 0.54039432 0.55017757
0.54298985 0.54354134 0.55318108
0.54608198 0.54669361 0.55618888
0.54918113 0.54985121 0.55920109
0.55228731 0.5530142  0.56221782
0.55540057 0.55618261 0.56523913
0.55852097 0.5593565  0.56826509
0.56164856 0.5625359  0.57129574
0.56478342 0.56572086 0.57433114
0.56792573 0.56891138 0.57737123
0.57107541 0.57210756 0.58041621
0.57423249 0.57530943 0.58346614
0.57739702 0.57851706 0.58652108
0.58056908 0.58173048 0.58958111
0.58374869 0.58494974 0.59264628
0.58693599 0.58817487 0.5957166 
0.59013105 0.59140591 0.5987921 
0.59333382 0.59464293 0.60187294
0.59654434 0.59788599 0.60495918
0.59976267 0.60113514 0.6080509 
0.60298886 0.60439043 0.61114816
0.60622294 0.6076519  0.61425102
0.60946497 0.61091961 0.61735954
0.61271514 0.61419356 0.62047367
0.61597333 0.61747385 0.62359361
0.6192396  0.62076054 0.62671943
0.62251399 0.62405368 0.62985118
0.62579653 0.62735332 0.63298894
0.62908727 0.63065951 0.63613278
0.63238626 0.63397231 0.63928275
0.63569353 0.63729177 0.64243892
0.63900916 0.64061794 0.64560134
0.64233324 0.64395085 0.64877002
0.64566573 0.6472906  0.65194511
0.64900665 0.65063723 0.65512668
0.65235605 0.65399081 0.65831479
0.65571397 0.6573514  0.66150947
0.65907968 0.66071932 0.66471101
0.66245245 0.66409489 0.66791999
0.66583232 0.66747816 0.67113644
0.66921933 0.67086921 0.67436041
0.67261352 0.67426807 0.67759195
0.67601496 0.67767481 0.68083123
0.67942367 0.68108949 0.68407814
0.68283969 0.68451218 0.68733275
0.39849045 0.74644039 0.87992241
0.40275222 0.75008814 0.88140343
0.40706865 0.75373308 0.88288272
0.41144882 0.75737335 0.88436137
0.41589282 0.76100883 0.88583933
0.42039933 0.76463968 0.88731628
0.42497704 0.76826411 0.8887929 
0.4296185  0.77188342 0.8902686 
0.43433561 0.77549506 0.89174478
0.43912001 0.77910057 0.89322065
0.44398179 0.78269768 0.89469766
0.44891645 0.78628709 0.89617565
0.45392736 0.78986787 0.89765547
0.45901872 0.79343888 0.89913808
0.46418414 0.79700116 0.90062352
0.46943529 0.80055192 0.90211411
0.47476469 0.80409239 0.90361009
0.48017189 0.80762234 0.90511226
0.48566688 0.81113917 0.90662342
0.49124084 0.81464437 0.90814404
0.49689334 0.81813763 0.9096756 
0.5026284  0.82161756 0.91122065
0.50844443 0.82508405 0.91278084
0.5143362  0.82853776 0.91435784
0.52030214 0.83197857 0.91595371
0.52634391 0.83540559 0.91757103
0.53245835 0.83881902 0.91921204
0.53863937 0.8422198  0.92087841
0.5448837  0.84560822 0.9225724 
0.55118793 0.84898463 0.92429614
0.55755424 0.85234806 0.92605249
0.56397234 0.85570059 0.92784259
0.57043805 0.8590429  0.92966824
0.57693242 0.86238114 0.9315134 
0.58339401 0.86573007 0.93337732
0.58982307 0.86908995 0.93526083
0.59622372 0.87246042 0.93716192
0.60259689 0.87584163 0.9390808 
0.60894412 0.87923359 0.94101723
0.61526341 0.88263692 0.94297357
0.6215598  0.88605105 0.94494686
0.62783638 0.88947571 0.94693553
0.63408609 0.89291236 0.94894572
0.64031786 0.89635972 0.95097134
0.64653006 0.89981832 0.95301434
0.6527236  0.90328824 0.95507468
0.6589026  0.90676898 0.95714978
0.66506474 0.91026118 0.95924207
0.67121408 0.91376433 0.96134893
0.67735789 0.91727734 0.96346508
0.68354906 0.92079081 0.96554815
