0.07299305 0.11805033 0.25775732
0.07503663 0.12089507 0.26326864
0.0770964  0.12373883 0.26870664
0.07914697 0.12657378 0.27414235
0.08118341 0.12939858 0.27959059
0.08320601 0.13221351 0.28505173
0.08521521 0.13501891 0.29052575
0.08721087 0.13781489 0.29601421
0.089192   0.14060131 0.30152087
0.0911587  0.14337835 0.30704655
0.09311158 0.14614634 0.31259059
0.09505239 0.14890601 0.31814914
0.09697919 0.15165683 0.32372854
0.09889182 0.15439887 0.32933015
0.10079313 0.15713319 0.33494696
0.10267964 0.15985873 0.34058954
0.10455405 0.16257648 0.34625124
0.10641765 0.165287   0.35192928
0.10826545 0.16798863 0.35763843
0.11010287 0.17068333 0.36336432
0.11192898 0.17337086 0.3691103 
0.11374222 0.17605072 0.37488154
0.11554227 0.17872285 0.3806797 
0.1173312  0.18138806 0.38649964
0.11910884 0.18404632 0.3923426 
0.12087521 0.1866977  0.39820916
0.12263022 0.18934219 0.40410032
0.12437384 0.19197982 0.41001681
0.12610616 0.19461066 0.41595905
0.12782775 0.19723494 0.42192602
0.12953791 0.19985242 0.42792044
0.13123716 0.2024633  0.43394143
0.13292562 0.20506765 0.43998928
0.13460303 0.20766538 0.44606532
0.13626981 0.21025664 0.452169  
0.13791811 0.21284949 0.45827423
0.13953448 0.21544208 0.46440483
0.14111786 0.2180349  0.47056031
0.14266677 0.22062832 0.47674108
0.14418028 0.22322297 0.48294583
0.14565602 0.22581902 0.48917671
0.14709336 0.22841729 0.49543112
0.14849028 0.23101819 0.50170975
0.14984473 0.23362219 0.50801294
0.15115517 0.23623    0.51433947
0.15241946 0.23884217 0.52068926
0.15363553 0.24145938 0.52706171
0.15480039 0.24408243 0.53345639
0.15591096 0.24671323 0.5398683 
0.1569656  0.24935143 0.54630049
0.15796117 0.25199775 0.55275282
0.15889478 0.25465307 0.55922419
0.15976317 0.25731824 0.56571374
0.16056238 0.2599941  0.57222138
0.16128647 0.262685   0.57873404
0.16193354 0.2653891  0.58526047
0.16249966 0.26810745 0.59179908
0.16297914 0.27084152 0.59834806
0.1633645  0.27359656 0.60489136
0.16365369 0.27636989 0.61144044
0.16383992 0.27916334 0.6179922 
0.1639143  0.28198337 0.624526  
0.16387406 0.2848264  0.63105679
0.16370862 0.2876981  0.63756787
0.16341263 0.29059926 0.64405758
0.16297815 0.29353206 0.65052037
0.16239599 0.2965     0.65694566
0.16165879 0.29950431 0.66333007
0.16075768 0.30254792 0.66966379
0.1596832  0.30563433 0.67593441
0.15842973 0.30876238 0.68214481
0.1569837  0.31194095 0.68826195
0.15534119 0.31516613 0.69429701
0.15349446 0.31844084 0.70023524
0.15143322 0.32177072 0.70605136
0.1491543  0.32515244 0.71175111
0.14665294 0.32858687 0.71732333
0.14392092 0.33207783 0.72274599
0.14095696 0.33562252 0.72801905
0.13775872 0.33921892 0.73313948
0.13432317 0.34286592 0.7381004 
0.1306448  0.34656516 0.74288408
0.12673124 0.35030811 0.74750775
0.12257257 0.35408729 0.75199475
0.11815631 0.35790358 0.75633314
0.11348176 0.36175825 0.76050214
0.10853347 0.36565052 0.76449625
0.10331208 0.36958004 0.76829945
0.09782274 0.37354581 0.77189648
0.09207656 0.37754613 0.77527329
0.08609151 0.38157857 0.7784177 
0.07989873 0.38563959 0.78131996
0.07353953 0.38972501 0.78397355
0.06706974 0.39382993 0.78637555
0.06056319 0.39794884 0.78852704
0.05411341 0.40207597 0.79043307
0.04783885 0.40620539 0.79210256
0.04188414 0.41033144 0.79354764
0.03647558 0.41444882 0.79478311
0.03208082 0.4185528  0.7958257 
0.02877179 0.42263928 0.79669332
0.02656531 0.42670481 0.79740454
0.02546261 0.43074677 0.79797764
0.02545328 0.43476316 0.79843036
0.02651739 0.43875263 0.79877952
0.02868224 0.44271456 0.7990287 
0.03188408 0.44664824 0.79920051
0.03607817 0.45055326 0.79931221
0.041263   0.45443038 0.7993623 
0.04701172 0.45827971 0.79936556
0.05309213 0.46210166 0.79933675
0.05945396 0.46589724 0.79926789
0.0659481  0.46966691 0.79918436
0.07257824 0.4734118  0.79907279
0.07924848 0.47713265 0.79895373
0.08595149 0.48083038 0.79882382
0.09266572 0.48450586 0.79868593
0.09934764 0.48816016 0.7985523 
0.10597267 0.4917966  0.79841818
0.11222974 0.49542955 0.79834338
0.11815144 0.49906145 0.79832322
0.12375432 0.50269338 0.79836472
0.12907673 0.50632597 0.79846449
0.13415197 0.50995959 0.79861949
0.13897219 0.51359577 0.79883894
0.14357695 0.51723447 0.79911498
0.14797095 0.52087663 0.79945052
0.15215653 0.52452321 0.79984898
0.15616166 0.52817419 0.80030354
0.15996318 0.53183126 0.80082644
0.16359708 0.53549405 0.80140602
0.16704458 0.539164   0.80205231
0.17032598 0.5428411  0.80275927
0.1734309  0.54652648 0.80353282
0.17637111 0.55022033 0.80436966
0.17913866 0.55392363 0.80527424
0.18174325 0.55763656 0.80624365
0.18417379 0.56136015 0.80728325
0.18644368 0.56509436 0.80838813
0.18853348 0.56884053 0.80956671
0.19046448 0.57259814 0.81081059
0.19220768 0.57636895 0.81213174
0.19378554 0.58015226 0.81352091
0.19517984 0.58394928 0.8149853 
0.19639297 0.58776018 0.81652355
0.19742747 0.59158508 0.81813411
0.19826132 0.59542529 0.8198249 
0.19891182 0.59928009 0.82158826
0.19935934 0.60315057 0.82343082
0.19960333 0.60703683 0.82535146
0.19964843 0.61093863 0.82734691
0.19946504 0.61485747 0.8294266 
0.19906897 0.61879241 0.83158264
0.19844867 0.6227439  0.83381713
0.19758321 0.6267128  0.83613508
0.19648373 0.63069825 0.83852966
0.19512774 0.63470105 0.84100565
0.19350565 0.63872127 0.8435627 
0.19161966 0.64275829 0.84619619
0.18943442 0.64681328 0.84891334
0.18702543 0.65088317 0.85167666
0.18494058 0.65494389 0.85430064
0.18347116 0.65898018 0.85672453
0.18267718 0.66298902 0.85895135
0.18269222 0.6669625  0.8609703 
0.18363955 0.67089218 0.86277657
0.18560932 0.67477024 0.86437296
0.18864955 0.67858995 0.86576927
0.19277293 0.68234538 0.86697912
0.19788812 0.68603613 0.86803143
0.20388999 0.68966257 0.86895296
0.21064582 0.69322729 0.86977202
0.21801241 0.69673466 0.87051512
0.22591537 0.70018535 0.87119277
0.23418654 0.70358798 0.87183363
0.2427059  0.70694915 0.87245813
0.25146546 0.71026789 0.87306133
0.26030288 0.71355631 0.87367522
0.26925412 0.71681128 0.87428548
0.27821361 0.72004207 0.87491303
0.28716011 0.72325106 0.87556149
0.29611359 0.72643729 0.87622091
0.30500459 0.72960806 0.8769092 
0.31383011 0.732765   0.87762463
0.32258825 0.73590942 0.87836696
0.33129583 0.73904067 0.87913019
0.33992084 0.74216328 0.87992314
0.34846321 0.74527852 0.88074554
0.35692386 0.74838749 0.88159689
0.3653008  0.7514915  0.88247866
0.37359657 0.75459146 0.88338982
0.38181424 0.75768812 0.88432916
0.38995219 0.76078266 0.88529841
0.3980142  0.7638757  0.88629613
0.40599956 0.76696824 0.88732366
0.41391301 0.77006071 0.88837908
0.42175233 0.77315422 0.88946474
0.42952288 0.77624903 0.89057836
0.43722512 0.7793459  0.89172068
0.44487229 0.78244364 0.89288781
0.45245966 0.78554375 0.89408144
0.45998469 0.78864737 0.89530319
0.46744864 0.79175505 0.89655323
0.47485283 0.79486731 0.89783173
0.48219804 0.79798472 0.89913913
0.48950896 0.80110393 0.90046598
0.49676589 0.80422874 0.90182057
0.50396907 0.80735976 0.9032034 
0.51111978 0.81049739 0.90461454
0.51823583 0.81363914 0.90604706
0.525312   0.81678642 0.90750364
0.53233872 0.81994143 0.90898894
0.5393586  0.82309825 0.91047442
0.54631527 0.826267   0.91198893
0.55322517 0.82944562 0.913523  
0.56009261 0.83263384 0.9150751 
0.56691909 0.83583183 0.91664553
0.57369404 0.83904168 0.91824304
0.58042886 0.84226196 0.91986099
0.5871277  0.84549236 0.92149765
0.59379167 0.84873303 0.92315332
0.60042176 0.85198416 0.92482841
0.60701158 0.85524717 0.92652866
0.61356896 0.85852108 0.92824944
0.62009638 0.86180577 0.9299899 
0.62659457 0.86510142 0.93175042
0.63306569 0.86840795 0.93353029
0.63951006 0.8717256  0.93533015
0.64592728 0.87505473 0.93715115
0.65232079 0.878395   0.93899148
0.65868866 0.88174703 0.94085341
0.6650338  0.88511057 0.94273546
0.67135515 0.88848607 0.94463922
0.67765742 0.89187293 0.94656169
0.68393733 0.895272   0.94850617
0.6901969  0.89868317 0.95047172
0.69643851 0.90210621 0.95245711
0.70266261 0.90554129 0.95446258
0.70887051 0.90898838 0.95648768
0.71506337 0.91244749 0.95853205
0.72124343 0.91591838 0.96059441
0.72740681 0.91940206 0.96267846
0.73355188 0.9228991  0.96478615
0.73968982 0.92640744 0.9669087 
0.74581218 0.92992902 0.96905365
0.75192229 0.93346338 0.9712187 
0.75802279 0.93701017 0.9734021 
0.76411581 0.94056916 0.97560248
0.77019237 0.94414244 0.97782791
0.7762635  0.94772789 0.98006946
0.78232755 0.95132605 0.98232888
0.78838784 0.95493641 0.98460371
0.79443734 0.95856067 0.98690039
0.80048873 0.96219627 0.98920824
0.80654595 0.96584254 0.99152406
0.81268546 0.96948282 0.99378053
