0.00880976 0.06039671 0.24204078
0.01000877 0.06358692 0.24755032
0.01127693 0.06676052 0.25300306
0.01260551 0.0699012  0.25846331
0.01399349 0.07301024 0.26393456
0.01543952 0.07608835 0.26942165
0.01694353 0.07913816 0.2749217 
0.01850442 0.08216045 0.28043801
0.02012149 0.08515654 0.28597137
0.02179469 0.08812841 0.29151957
0.02352317 0.0910768  0.29708459
0.02530658 0.09400297 0.30266599
0.02714396 0.09690739 0.30826623
0.02903553 0.09979173 0.3138825 
0.03098082 0.10265674 0.31951546
0.03297906 0.10550284 0.32516677
0.03502994 0.10833084 0.33083633
0.0371331  0.11114142 0.33652431
0.03928667 0.11393601 0.34222915
0.04146356 0.11671517 0.3479521 
0.04360981 0.11947948 0.353693  
0.04573491 0.12222852 0.35945593
0.0478408  0.12496342 0.36523813
0.04992925 0.12768532 0.37103676
0.05199888 0.13039301 0.37685884
0.05405196 0.13308798 0.38269978
0.05608893 0.13577041 0.38856049
0.05810955 0.13844    0.39444385
0.06011575 0.14109803 0.40034588
0.06210649 0.14374363 0.40627177
0.06408357 0.14637799 0.4122177 
0.06604689 0.14900097 0.41818569
0.06799662 0.15161257 0.42417691
0.06993452 0.154214   0.43018726
0.07185845 0.15680357 0.43622528
0.073771   0.15938311 0.44228401
0.07567266 0.16195294 0.44836317
0.07756112 0.16451114 0.45447199
0.07943951 0.16706007 0.4606012 
0.08130755 0.16959937 0.46675319
0.08316446 0.17212834 0.47293185
0.0850109  0.17464743 0.4791361 
0.08684787 0.17715728 0.48536383
0.08867548 0.17965788 0.49161584
0.09049378 0.18214917 0.49789309
0.09230183 0.18463028 0.50419998
0.09410129 0.18710243 0.51053186
0.09589224 0.18956557 0.51688953
0.09767495 0.19201981 0.52327314
0.09944956 0.19446514 0.5296832 
0.10121619 0.19690154 0.53612033
0.1029745  0.19932858 0.54258683
0.10472498 0.20174655 0.54908192
0.10646812 0.20415572 0.5556049 
0.10820407 0.20655607 0.5621562 
0.10993302 0.20894762 0.56873613
0.11165515 0.21133041 0.57534495
0.11337077 0.21370454 0.58198252
0.11507982 0.21606981 0.58865001
0.1167825  0.2184262  0.59534777
0.11847911 0.22077386 0.60207547
0.12016982 0.22311277 0.60883348
0.1218546  0.22544269 0.61562295
0.12353388 0.22776389 0.62244309
0.12520767 0.23007614 0.62929491
0.12687605 0.23237935 0.63617908
0.12853956 0.23467386 0.64309431
0.1301978  0.23695902 0.65004338
0.13180843 0.23925161 0.6570014 
0.13333925 0.24155354 0.66398516
0.13478075 0.24386722 0.67099393
0.1361206  0.24619442 0.6780308 
0.13734557 0.24854072 0.68508696
0.13843236 0.25091831 0.69213902
0.13936714 0.2533249  0.69920354
0.14012748 0.25576663 0.70627514
0.1406706  0.25826422 0.71331466
0.14096337 0.26082565 0.72031608
0.14095135 0.26347568 0.72723211
0.14057675 0.26623237 0.73403613
0.13976482 0.26913867 0.7406286 
0.13844226 0.2722405  0.74689268
0.13656739 0.2755867  0.75267341
0.13416447 0.27921443 0.75780362
0.13136069 0.28312615 0.76216149
0.12834551 0.28728654 0.76571653
0.12530555 0.29163478 0.76853675
0.12236865 0.29610745 0.77074787
0.11960852 0.30065077 0.77248656
0.11706932 0.30522202 0.77387832
0.11474836 0.3098106  0.77496702
0.11266162 0.31438397 0.77586765
0.11079651 0.31894697 0.77657853
0.10915744 0.32347969 0.7771797 
0.10774148 0.32797993 0.77769144
0.10653281 0.33245481 0.77810406
0.10553315 0.33689571 0.77845843
0.104738   0.34130177 0.7787691 
0.10414232 0.34567339 0.77904526
0.10374383 0.35001039 0.77929666
0.10353046 0.35431523 0.77952608
0.10350641 0.35858611 0.77974581
0.10365771 0.36282599 0.77995591
0.10398361 0.36703434 0.7801647 
0.10447724 0.37121317 0.78037181
0.10512995 0.37536689 0.78056653
0.10593763 0.37949229 0.78076858
0.10689415 0.38359001 0.78098184
0.10799303 0.38766076 0.78120972
0.10922749 0.39170582 0.78145282
0.1105907  0.39573227 0.78168443
0.11207655 0.39973415 0.78193721
0.1136781  0.40371223 0.78221339
0.11538889 0.40767003 0.78250165
0.11720319 0.41161102 0.78278991
0.11911378 0.41553053 0.78310583
0.12111621 0.41942997 0.78344674
0.12320655 0.42331633 0.78378165
0.12537542 0.42718332 0.78414775
0.12761855 0.43103371 0.78453504
0.12993507 0.43487182 0.78492331
0.13229883 0.43869481 0.78534209
0.13470463 0.4425041  0.78578864
0.13714778 0.44630105 0.78626015
0.13961875 0.45008763 0.78675311
0.14212945 0.4538617  0.78727381
0.14466795 0.45762594 0.78781626
0.14722968 0.46138137 0.78837915
0.14982894 0.4651253  0.78897015
0.15244875 0.46886153 0.78958004
0.1550885  0.4725902  0.79020973
0.15776187 0.47630876 0.79086654
0.16045219 0.48002083 0.79154175
0.16315865 0.48372686 0.7922348 
0.16589511 0.48742409 0.79295377
0.1686463  0.49111583 0.79369081
0.17141159 0.49480245 0.79444561
0.17420189 0.49848197 0.7952235 
0.17700641 0.50215671 0.79601945
0.17982324 0.50582727 0.79683249
0.18265985 0.50949229 0.79766658
0.18551228 0.51315278 0.79851969
0.18837544 0.51681004 0.79938881
0.19125166 0.52046375 0.80027528
0.1941471  0.52411278 0.80118251
0.19705248 0.52775927 0.80210549
0.19996766 0.53140342 0.80304407
0.20289871 0.53504416 0.80400138
0.20584322 0.53868216 0.80497606
0.20879695 0.5423185  0.80596573
0.21175988 0.54595337 0.80697024
0.21473865 0.54958554 0.80799303
0.21772894 0.5532161  0.80903161
0.22072818 0.55684578 0.81008444
0.22373644 0.56047474 0.81115139
0.22675772 0.56410231 0.81223432
0.22979221 0.5677286  0.81333322
0.23283579 0.57135467 0.8144457 
0.23588862 0.57498066 0.81557163
0.23895088 0.57860668 0.81671089
0.24202765 0.58223183 0.81786594
0.245116   0.58585689 0.81903493
0.24821416 0.58948241 0.82021669
0.2513224  0.59310849 0.82141112
0.25444091 0.59673529 0.8226178 
0.25756996 0.60036293 0.8238365 
0.26071524 0.60399029 0.8250702 
0.26387158 0.60761863 0.82631591
0.26703933 0.61124806 0.82757343
0.27021858 0.61487882 0.8288417 
0.27341005 0.6185108  0.83012151
0.2766142  0.62214405 0.83141283
0.27983123 0.62577877 0.8327147 
0.28306173 0.62941496 0.83402722
0.2863084  0.63305212 0.83535183
0.28956974 0.63669089 0.83668621
0.29284591 0.64033123 0.83803109
0.29613726 0.64397334 0.83938533
0.29944452 0.64761713 0.84074936
0.30276818 0.65126275 0.84212226
0.30610901 0.6549101  0.84350438
0.30946756 0.65855932 0.84489478
0.31284474 0.66221024 0.84629412
0.31624111 0.66586302 0.84770111
0.31965754 0.66951758 0.84911589
0.3230949  0.67317387 0.85053833
0.326554   0.67683191 0.85196774
0.33003573 0.6804917  0.85340359
0.3335411  0.68415312 0.85484585
0.33707252 0.68781582 0.8562947 
0.34063198 0.69147952 0.85775012
0.34421878 0.69514458 0.85921061
0.34783411 0.69881089 0.86067573
0.35147924 0.70247835 0.86214499
0.35515549 0.70614686 0.86361761
0.3588647  0.70981615 0.86509343
0.36261484 0.71348462 0.86657473
0.36640338 0.71715304 0.86805867
0.37023607 0.72082084 0.86954201
0.374115   0.72448753 0.87102558
0.37804932 0.7281514  0.87251006
0.38203118 0.73181401 0.87399354
0.38606149 0.7354751  0.87547657
0.39015183 0.73913254 0.87695946
0.39429476 0.74278763 0.87844172
0.39849045 0.74644039 0.87992241
0.40275222 0.75008814 0.88140343
0.40706865 0.75373308 0.88288272
0.41144882 0.75737335 0.88436137
0.41589282 0.76100883 0.88583933
0.42039933 0.76463968 0.88731628
0.42497704 0.76826411 0.8887929 
0.4296185  0.77188342 0.8902686 
0.43433561 0.77549506 0.89174478
0.43912001 0.77910057 0.89322065
0.44398179 0.78269768 0.89469766
0.44891645 0.78628709 0.89617565
0.45392736 0.78986787 0.89765547
0.45901872 0.79343888 0.89913808
0.46418414 0.79700116 0.90062352
0.46943529 0.80055192 0.90211411
0.47476469 0.80409239 0.90361009
0.48017189 0.80762234 0.90511226
0.48566688 0.81113917 0.90662342
0.49124084 0.81464437 0.90814404
0.49689334 0.81813763 0.9096756 
0.5026284  0.82161756 0.91122065
0.50844443 0.82508405 0.91278084
0.5143362  0.82853776 0.91435784
0.52030214 0.83197857 0.91595371
0.52634391 0.83540559 0.91757103
0.53245835 0.83881902 0.91921204
0.53863937 0.8422198  0.92087841
0.5448837  0.84560822 0.9225724 
0.55118793 0.84898463 0.92429614
0.55755424 0.85234806 0.92605249
0.56397234 0.85570059 0.92784259
0.57043805 0.8590429  0.92966824
0.57693242 0.86238114 0.9315134 
0.58339401 0.86573007 0.93337732
0.58982307 0.86908995 0.93526083
0.59622372 0.87246042 0.93716192
0.60259689 0.87584163 0.9390808 
0.60894412 0.87923359 0.94101723
0.61526341 0.88263692 0.94297357
0.6215598  0.88605105 0.94494686
0.62783638 0.88947571 0.94693553
0.63408609 0.89291236 0.94894572
0.64031786 0.89635972 0.95097134
0.64653006 0.89981832 0.95301434
0.6527236  0.90328824 0.95507468
0.6589026  0.90676898 0.95714978
0.66506474 0.91026118 0.95924207
0.67121408 0.91376433 0.96134893
0.67735789 0.91727734 0.96346508
0.68354906 0.92079081 0.96554815
