0.00880976 0.06039671 0.24204078
0.01000877 0.06358692 0.24755032
0.01127693 0.06676052 0.25300306
0.01260551 0.0699012  0.25846331
0.01399349 0.07301024 0.26393456
0.01543952 0.07608835 0.26942165
0.01694353 0.07913816 0.2749217 
0.01850442 0.08216045 0.28043801
0.02012149 0.08515654 0.28597137
0.02179469 0.08812841 0.29151957
0.02352317 0.0910768  0.29708459
0.02530658 0.09400297 0.30266599
0.02714396 0.09690739 0.30826623
0.02903553 0.09979173 0.3138825 
0.03098082 0.10265674 0.31951546
0.03297906 0.10550284 0.32516677
0.03502994 0.10833084 0.33083633
0.0371331  0.11114142 0.33652431
0.03928667 0.11393601 0.34222915
0.04146356 0.11671517 0.3479521 
0.04360981 0.11947948 0.353693  
0.04573491 0.12222852 0.35945593
0.0478408  0.12496342 0.36523813
0.04992925 0.12768532 0.37103676
0.05199888 0.13039301 0.37685884
0.05405196 0.13308798 0.38269978
0.05608893 0.13577041 0.38856049
0.05810955 0.13844    0.39444385
0.06011575 0.14109803 0.40034588
0.06210649 0.14374363 0.40627177
0.06408357 0.14637799 0.4122177 
0.06604689 0.14900097 0.41818569
0.06799662 0.15161257 0.42417691
0.06993452 0.154214   0.43018726
0.07185845 0.15680357 0.43622528
0.073771   0.15938311 0.44228401
0.07567266 0.16195294 0.44836317
0.07756112 0.16451114 0.45447199
0.07943951 0.16706007 0.4606012 
0.08130755 0.16959937 0.46675319
0.08316446 0.17212834 0.47293185
0.0850109  0.17464743 0.4791361 
0.08684787 0.17715728 0.48536383
0.08867548 0.17965788 0.49161584
0.09049378 0.18214917 0.49789309
0.09230183 0.18463028 0.50419998
0.09410129 0.18710243 0.51053186
0.09589224 0.18956557 0.51688953
0.09767495 0.19201981 0.52327314
0.09944956 0.19446514 0.5296832 
0.10121619 0.19690154 0.53612033
0.1029745  0.19932858 0.54258683
0.10472498 0.20174655 0.54908192
0.10646812 0.20415572 0.5556049 
0.10820407 0.20655607 0.5621562 
0.10993302 0.20894762 0.56873613
0.11165515 0.21133041 0.57534495
0.11337077 0.21370454 0.58198252
0.11507982 0.21606981 0.58865001
0.1167825  0.2184262  0.59534777
0.11847911 0.22077386 0.60207547
0.12016982 0.22311277 0.60883348
0.1218546  0.22544269 0.61562295
0.12353388 0.22776389 0.62244309
0.12520767 0.23007614 0.62929491
0.12687605 0.23237935 0.63617908
0.12853956 0.23467386 0.64309431
0.1301978  0.23695902 0.65004338
0.13180843 0.23925161 0.6570014 
0.13333925 0.24155354 0.66398516
0.13478075 0.24386722 0.67099393
0.1361206  0.24619442 0.6780308 
0.13734557 0.24854072 0.68508696
0.13843236 0.25091831 0.69213902
0.13936714 0.2533249  0.69920354
0.14012748 0.25576663 0.70627514
0.1406706  0.25826422 0.71331466
0.14096337 0.26082565 0.72031608
0.14095135 0.26347568 0.72723211
0.14057675 0.26623237 0.73403613
0.13976482 0.26913867 0.7406286 
0.13844226 0.2722405  0.74689268
0.13656739 0.2755867  0.75267341
0.13416447 0.27921443 0.75780362
0.13136069 0.28312615 0.76216149
0.12834551 0.28728654 0.76571653
0.12530555 0.29163478 0.76853675
0.12236865 0.29610745 0.77074787
0.11960852 0.30065077 0.77248656
0.11706932 0.30522202 0.77387832
0.11474836 0.3098106  0.77496702
0.11266162 0.31438397 0.77586765
0.11079651 0.31894697 0.77657853
0.10915744 0.32347969 0.7771797 
0.10774148 0.32797993 0.77769144
0.10653281 0.33245481 0.77810406
0.10553315 0.33689571 0.77845843
0.104738   0.34130177 0.7787691 
0.10414232 0.34567339 0.77904526
0.10374383 0.35001039 0.77929666
0.10353046 0.35431523 0.77952608
0.10350641 0.35858611 0.77974581
0.10365771 0.36282599 0.77995591
0.10398361 0.36703434 0.7801647 
0.10447724 0.37121317 0.78037181
0.10512995 0.37536689 0.78056653
0.10593763 0.37949229 0.78076858
0.10689415 0.38359001 0.78098184
0.10799303 0.38766076 0.78120972
0.10922749 0.39170582 0.78145282
0.1105907  0.39573227 0.78168443
0.11207655 0.39973415 0.78193721
0.1136781  0.40371223 0.78221339
0.11538889 0.40767003 0.78250165
0.11720319 0.41161102 0.78278991
0.11911378 0.41553053 0.78310583
0.12111621 0.41942997 0.78344674
0.12320655 0.42331633 0.78378165
0.12537542 0.42718332 0.78414775
0.12761855 0.43103371 0.78453504
0.12993507 0.43487182 0.78492331
0.13229883 0.43869481 0.78534209
0.13470463 0.4425041  0.78578864
0.13714778 0.44630105 0.78626015
0.13961875 0.45008763 0.78675311
0.14212945 0.4538617  0.78727381
0.14466795 0.45762594 0.78781626
0.14722968 0.46138137 0.78837915
0.75703654 0.17956722 0.41505052
0.75968325 0.18594312 0.41631382
0.76224616 0.1923104  0.4177158 
0.76474787 0.1986311  0.41923995
0.76717762 0.20492742 0.42089561
0.76956198 0.21115927 0.42265949
0.77188794 0.21735332 0.42453984
0.77417533 0.22348309 0.42651818
0.77642524 0.22955277 0.42859125
0.77863343 0.23557423 0.43075839
0.78081285 0.24153357 0.43300585
0.78296611 0.24743227 0.43532943
0.78509119 0.25327825 0.4377272 
0.78718786 0.25907624 0.44019598
0.78926323 0.2648209  0.44272755
0.79131837 0.27051499 0.44531845
0.79335404 0.27616145 0.44796541
0.79537218 0.28176127 0.45066554
0.79737311 0.28731751 0.45341593
0.79935714 0.29283301 0.45621391
0.80132541 0.29830923 0.45905706
0.80327952 0.30374692 0.46194313
0.80521887 0.30914954 0.46486991
0.80714567 0.31451677 0.46783542
0.80905922 0.31985183 0.47083777
0.81096101 0.32515511 0.47387518
0.81285185 0.33042776 0.47694597
0.81473159 0.33567189 0.48004861
0.81660152 0.34088792 0.48318159
0.81845954 0.34607954 0.48634602
0.82030437 0.35124966 0.48954124
0.82214033 0.35639539 0.49276328
0.82396816 0.36151746 0.49601095
0.82578867 0.36661647 0.49928307
0.82760253 0.3716931  0.50257857
0.82940031 0.37675731 0.50590376
0.83119159 0.38180129 0.50925103
0.83297747 0.38682518 0.51261907
0.83474817 0.39183999 0.51600651
0.83651528 0.39683689 0.51940058
0.83827773 0.40181787 0.52280142
0.84003416 0.40678511 0.52620915
0.84178478 0.41173923 0.52962383
0.84353078 0.41667987 0.53304546
0.84527415 0.42160595 0.53647399
0.84701221 0.42652074 0.53990964
0.84874516 0.43142473 0.54335244
0.85047313 0.43631844 0.54680247
0.85219814 0.44120073 0.55025967
0.85392046 0.44607206 0.5537241 
0.85563841 0.45093448 0.55719591
0.85735222 0.45578839 0.56067514
0.85906209 0.46063417 0.56416187
0.86076851 0.46547195 0.56765612
0.86247368 0.47030043 0.57115792
0.86417541 0.47512198 0.57466738
0.86587394 0.4799369  0.57818457
0.86756947 0.4847455  0.58170953
0.86926224 0.48954807 0.58524234
0.87095181 0.49434538 0.58878314
0.8726405  0.49913608 0.59233186
0.87432782 0.50392101 0.59588856
0.8760131  0.50870113 0.59945336
0.87769574 0.51347728 0.60302645
0.87937671 0.51824914 0.60660777
0.88105625 0.52301692 0.61019738
0.88273382 0.5277814  0.61379548
0.88441024 0.53254234 0.61740203
0.88608575 0.53729995 0.6210171 
0.88776054 0.54205444 0.62464085
0.88943564 0.54680543 0.62827321
0.89110956 0.55155433 0.63191444
0.89278306 0.55630096 0.63556452
0.89445614 0.56104562 0.63922357
0.89612897 0.56578853 0.64289167
0.89780173 0.57052988 0.6465689 
0.8994747  0.57526979 0.65025534
0.90114761 0.58000873 0.65395115
0.90282129 0.58474647 0.6576563 
0.90449501 0.58948377 0.66137104
0.90616982 0.59422023 0.66509533
0.90784545 0.5989563  0.66882932
0.90952168 0.60369243 0.67257319
0.91119929 0.60842836 0.67632693
0.91287827 0.61316438 0.68009067
0.91455815 0.61790105 0.68386463
0.91623957 0.62263823 0.68764883
0.91792261 0.62737611 0.69144341
0.91960791 0.63211457 0.69524845
0.92129634 0.63685329 0.69906409
0.92298666 0.64159332 0.70289051
0.92467907 0.64633477 0.70672784
0.92637339 0.65107798 0.71057626
0.92807002 0.65582294 0.71443585
0.92976885 0.66056996 0.71830681
0.93147016 0.66531907 0.72218931
0.93317689 0.67006876 0.7260834 
0.93488586 0.67482115 0.72998939
0.93659732 0.67957631 0.73390742
0.93831113 0.68433453 0.7378377 
0.94003062 0.68909408 0.74178034
0.94175347 0.69385651 0.7457357 
0.94347895 0.69862246 0.74970389
0.94520784 0.70339167 0.75368528
0.94694189 0.70816347 0.75767893
0.94867769 0.7129404  0.76168145
0.95042112 0.7177195  0.76569188
0.95216992 0.72250219 0.76971071
0.95392281 0.7272894  0.77373825
0.95568398 0.73207909 0.77777385
0.95744982 0.73687341 0.78181824
0.959222   0.74167168 0.78587122
0.96100206 0.74647332 0.78993259
0.96278672 0.75128025 0.79400302
0.96457674 0.75609227 0.79808247
0.96637757 0.76090678 0.80217008
0.96818436 0.7657265  0.80626679
0.96999751 0.77055143 0.81037261
0.9718173  0.77538161 0.81448757
0.97364575 0.78021625 0.81861144
0.97548224 0.78505585 0.8227444 
0.9773225  0.78990275 0.82688726
0.97917168 0.79475457 0.83103924
0.98102627 0.79961325 0.83520102
0.98289039 0.80447695 0.839372  
0.98475514 0.80935021 0.84355373
0.98661561 0.81423556 0.84774707
0.98841702 0.81915947 0.85196091
