0.00880976 0.06039671 0.24204078
0.01000877 0.06358692 0.24755032
0.01127693 0.06676052 0.25300306
0.01260551 0.0699012  0.25846331
0.01399349 0.07301024 0.26393456
0.01543952 0.07608835 0.26942165
0.01694353 0.07913816 0.2749217 
0.01850442 0.08216045 0.28043801
0.02012149 0.08515654 0.28597137
0.02179469 0.08812841 0.29151957
0.02352317 0.0910768  0.29708459
0.02530658 0.09400297 0.30266599
0.02714396 0.09690739 0.30826623
0.02903553 0.09979173 0.3138825 
0.03098082 0.10265674 0.31951546
0.03297906 0.10550284 0.32516677
0.03502994 0.10833084 0.33083633
0.0371331  0.11114142 0.33652431
0.03928667 0.11393601 0.34222915
0.04146356 0.11671517 0.3479521 
0.04360981 0.11947948 0.353693  
0.04573491 0.12222852 0.35945593
0.0478408  0.12496342 0.36523813
0.04992925 0.12768532 0.37103676
0.05199888 0.13039301 0.37685884
0.05405196 0.13308798 0.38269978
0.05608893 0.13577041 0.38856049
0.05810955 0.13844    0.39444385
0.06011575 0.14109803 0.40034588
0.06210649 0.14374363 0.40627177
0.06408357 0.14637799 0.4122177 
0.06604689 0.14900097 0.41818569
0.06799662 0.15161257 0.42417691
0.06993452 0.154214   0.43018726
0.07185845 0.15680357 0.43622528
0.073771   0.15938311 0.44228401
0.07567266 0.16195294 0.44836317
0.07756112 0.16451114 0.45447199
0.07943951 0.16706007 0.4606012 
0.08130755 0.16959937 0.46675319
0.08316446 0.17212834 0.47293185
0.0850109  0.17464743 0.4791361 
0.08684787 0.17715728 0.48536383
0.08867548 0.17965788 0.49161584
0.09049378 0.18214917 0.49789309
0.09230183 0.18463028 0.50419998
0.09410129 0.18710243 0.51053186
0.09589224 0.18956557 0.51688953
0.09767495 0.19201981 0.52327314
0.09944956 0.19446514 0.5296832 
0.10121619 0.19690154 0.53612033
0.1029745  0.19932858 0.54258683
0.10472498 0.20174655 0.54908192
0.10646812 0.20415572 0.5556049 
0.10820407 0.20655607 0.5621562 
0.10993302 0.20894762 0.56873613
0.11165515 0.21133041 0.57534495
0.11337077 0.21370454 0.58198252
0.11507982 0.21606981 0.58865001
0.1167825  0.2184262  0.59534777
0.11847911 0.22077386 0.60207547
0.12016982 0.22311277 0.60883348
0.1218546  0.22544269 0.61562295
0.12353388 0.22776389 0.62244309
0.12520767 0.23007614 0.62929491
0.12687605 0.23237935 0.63617908
0.12853956 0.23467386 0.64309431
0.1301978  0.23695902 0.65004338
0.13180843 0.23925161 0.6570014 
0.13333925 0.24155354 0.66398516
0.13478075 0.24386722 0.67099393
0.1361206  0.24619442 0.6780308 
0.13734557 0.24854072 0.68508696
0.13843236 0.25091831 0.69213902
0.13936714 0.2533249  0.69920354
0.14012748 0.25576663 0.70627514
0.1406706  0.25826422 0.71331466
0.14096337 0.26082565 0.72031608
0.14095135 0.26347568 0.72723211
0.14057675 0.26623237 0.73403613
0.13976482 0.26913867 0.7406286 
0.13844226 0.2722405  0.74689268
0.13656739 0.2755867  0.75267341
0.13416447 0.27921443 0.75780362
0.13136069 0.28312615 0.76216149
0.12834551 0.28728654 0.76571653
0.12530555 0.29163478 0.76853675
0.12236865 0.29610745 0.77074787
0.11960852 0.30065077 0.77248656
0.11706932 0.30522202 0.77387832
0.11474836 0.3098106  0.77496702
0.11266162 0.31438397 0.77586765
0.11079651 0.31894697 0.77657853
0.10915744 0.32347969 0.7771797 
0.10774148 0.32797993 0.77769144
0.10653281 0.33245481 0.77810406
0.10553315 0.33689571 0.77845843
0.104738   0.34130177 0.7787691 
0.10414232 0.34567339 0.77904526
0.10374383 0.35001039 0.77929666
0.10353046 0.35431523 0.77952608
0.10350641 0.35858611 0.77974581
0.10365771 0.36282599 0.77995591
0.10398361 0.36703434 0.7801647 
0.10447724 0.37121317 0.78037181
0.10512995 0.37536689 0.78056653
0.10593763 0.37949229 0.78076858
0.10689415 0.38359001 0.78098184
0.10799303 0.38766076 0.78120972
0.10922749 0.39170582 0.78145282
0.1105907  0.39573227 0.78168443
0.11207655 0.39973415 0.78193721
0.1136781  0.40371223 0.78221339
0.11538889 0.40767003 0.78250165
0.11720319 0.41161102 0.78278991
0.11911378 0.41553053 0.78310583
0.12111621 0.41942997 0.78344674
0.12320655 0.42331633 0.78378165
0.12537542 0.42718332 0.78414775
0.12761855 0.43103371 0.78453504
0.12993507 0.43487182 0.78492331
0.13229883 0.43869481 0.78534209
0.13470463 0.4425041  0.78578864
0.13714778 0.44630105 0.78626015
0.13961875 0.45008763 0.78675311
0.14212945 0.4538617  0.78727381
0.14466795 0.45762594 0.78781626
0.14722968 0.46138137 0.78837915
0.62049711 0.37530362 0.02883231
0.62368749 0.37846419 0.02859895
0.62686158 0.38164092 0.0284076 
0.63001957 0.38483366 0.02826007
0.63316162 0.38804224 0.028158  
0.63628794 0.39126649 0.02810318
0.63939875 0.39450623 0.02809739
0.64249427 0.39776128 0.02814235
0.64557475 0.40103144 0.0282399 
0.64864042 0.40431653 0.02839169
0.65169154 0.40761636 0.02859936
0.65472834 0.41093074 0.02886439
0.65775109 0.41425949 0.02918838
0.66076003 0.41760241 0.02957281
0.66375544 0.42095934 0.03001919
0.66673758 0.42433008 0.03052899
0.66970672 0.42771443 0.03110376
0.67266315 0.43111222 0.03174497
0.67560689 0.43452342 0.0324545 
0.67853672 0.43794886 0.03323281
0.6814637  0.44138187 0.03403671
0.68438766 0.44482269 0.03486368
0.68730861 0.44827137 0.03571429
0.69022661 0.45172796 0.03658912
0.69314168 0.4551925  0.03748872
0.69605385 0.45866504 0.03841367
0.69896317 0.46214563 0.03936457
0.70186967 0.46563431 0.04034205
0.7047734  0.46913112 0.041326  
0.70767438 0.47263612 0.04232106
0.71057265 0.47614935 0.04332886
0.71346802 0.47967098 0.04435029
0.71636058 0.48320104 0.04538518
0.71925053 0.48673947 0.04643281
0.7221379  0.49028632 0.04749316
0.72502273 0.49384164 0.04856621
0.72790506 0.49740546 0.04965198
0.73078494 0.50097783 0.05075042
0.73366238 0.50455881 0.05186153
0.73653743 0.50814843 0.05298524
0.73941011 0.51174676 0.05412153
0.74228047 0.51535382 0.05527037
0.7451484  0.51896975 0.05643228
0.74801377 0.52259468 0.05760794
0.75087692 0.52622849 0.05879606
0.75373787 0.52987124 0.05999662
0.75659667 0.53352297 0.06120958
0.75945335 0.53718371 0.06243494
0.76230796 0.54085353 0.06367268
0.76516054 0.54453245 0.06492277
0.7680111  0.54822055 0.06618513
0.77085969 0.55191785 0.06745972
0.77370628 0.55562445 0.06874676
0.7765505  0.5593406  0.07004756
0.77939287 0.5630661  0.07136058
0.78223339 0.56680101 0.0726857 
0.78507212 0.57054538 0.0740229 
0.78790908 0.57429924 0.07537215
0.79074432 0.57806266 0.07673342
0.79357788 0.58183566 0.07810673
0.79640978 0.58561832 0.07949198
0.79924007 0.58941068 0.08088915
0.80206831 0.59321301 0.08229968
0.80489488 0.59702521 0.08372249
0.80771994 0.60084726 0.08515717
0.81054351 0.6046792  0.08660363
0.81336565 0.60852109 0.08806186
0.81618637 0.61237299 0.08953182
0.81900575 0.61623492 0.09101355
0.82182379 0.62010696 0.09250694
0.82464045 0.62398919 0.09401225
0.82745529 0.62788191 0.09553088
0.83026891 0.63178488 0.09706117
0.83308134 0.63569816 0.09860302
0.83589261 0.63962181 0.10015642
0.83870276 0.64355587 0.10172133
0.84151186 0.64750039 0.10329783
0.84431991 0.65145543 0.10488578
0.8471269  0.65542108 0.10648528
0.84993227 0.65939767 0.10809817
0.85273672 0.66338494 0.10972254
0.85554027 0.66738296 0.11135828
0.85834294 0.67139178 0.11300537
0.86114481 0.67541144 0.11466387
0.86394591 0.67944199 0.11633376
0.86674626 0.68348352 0.11801494
0.86954552 0.68753625 0.1197084 
0.87234373 0.69160022 0.12141437
0.8751413  0.69567534 0.12313162
0.87793826 0.69976165 0.1248601 
0.88073446 0.70385933 0.12659937
0.88352683 0.70797032 0.12833499
0.88632141 0.71209158 0.13006747
0.88911835 0.71622313 0.13179716
0.89191887 0.72036436 0.13352699
0.89472205 0.7245159  0.13525478
0.89752761 0.728678   0.13697988
0.90033555 0.73285078 0.13870227
0.90314605 0.7370342  0.14042243
0.90595918 0.74122834 0.14214052
0.90877503 0.74543326 0.14385668
0.91159354 0.74964907 0.14557085
0.91441455 0.75387597 0.1472826 
0.9172383  0.75811392 0.1489925 
0.92006502 0.76236291 0.15070107
0.92289366 0.76662359 0.15240591
0.92572736 0.77089437 0.15411403
0.92856377 0.77517663 0.15582015
0.93140299 0.77947041 0.15752448
0.93424454 0.78377607 0.15922595
0.93708779 0.78809405 0.16092316
0.93993638 0.7924225  0.16262408
0.94278792 0.79676281 0.16432344
0.9456401  0.8011163  0.16601614
0.94849884 0.80547994 0.16771511
0.95135788 0.80985714 0.16940668
0.95422184 0.81424557 0.17110083
0.95708584 0.8186479  0.17278699
0.95995719 0.8230604  0.17448091
0.96282952 0.82748651 0.17616883
0.9657043  0.83192556 0.17785388
0.96858213 0.83637734 0.17953734
0.97146169 0.84084265 0.18121634
0.97434267 0.84532174 0.18289021
0.97722456 0.84981498 0.18455786
0.98010966 0.85432128 0.18622419
0.98298834 0.85884568 0.18786874
0.98582094 0.8634085  0.18940793
