0.00880976 0.06039671 0.24204078
0.01000877 0.06358692 0.24755032
0.01127693 0.06676052 0.25300306
0.01260551 0.0699012  0.25846331
0.01399349 0.07301024 0.26393456
0.01543952 0.07608835 0.26942165
0.01694353 0.07913816 0.2749217 
0.01850442 0.08216045 0.28043801
0.02012149 0.08515654 0.28597137
0.02179469 0.08812841 0.29151957
0.02352317 0.0910768  0.29708459
0.02530658 0.09400297 0.30266599
0.02714396 0.09690739 0.30826623
0.02903553 0.09979173 0.3138825 
0.03098082 0.10265674 0.31951546
0.03297906 0.10550284 0.32516677
0.03502994 0.10833084 0.33083633
0.0371331  0.11114142 0.33652431
0.03928667 0.11393601 0.34222915
0.04146356 0.11671517 0.3479521 
0.04360981 0.11947948 0.353693  
0.04573491 0.12222852 0.35945593
0.0478408  0.12496342 0.36523813
0.04992925 0.12768532 0.37103676
0.05199888 0.13039301 0.37685884
0.05405196 0.13308798 0.38269978
0.05608893 0.13577041 0.38856049
0.05810955 0.13844    0.39444385
0.06011575 0.14109803 0.40034588
0.06210649 0.14374363 0.40627177
0.06408357 0.14637799 0.4122177 
0.06604689 0.14900097 0.41818569
0.06799662 0.15161257 0.42417691
0.06993452 0.154214   0.43018726
0.07185845 0.15680357 0.43622528
0.073771   0.15938311 0.44228401
0.07567266 0.16195294 0.44836317
0.07756112 0.16451114 0.45447199
0.07943951 0.16706007 0.4606012 
0.08130755 0.16959937 0.46675319
0.08316446 0.17212834 0.47293185
0.0850109  0.17464743 0.4791361 
0.08684787 0.17715728 0.48536383
0.08867548 0.17965788 0.49161584
0.09049378 0.18214917 0.49789309
0.09230183 0.18463028 0.50419998
0.09410129 0.18710243 0.51053186
0.09589224 0.18956557 0.51688953
0.09767495 0.19201981 0.52327314
0.09944956 0.19446514 0.5296832 
0.10121619 0.19690154 0.53612033
0.1029745  0.19932858 0.54258683
0.10472498 0.20174655 0.54908192
0.10646812 0.20415572 0.5556049 
0.10820407 0.20655607 0.5621562 
0.10993302 0.20894762 0.56873613
0.11165515 0.21133041 0.57534495
0.11337077 0.21370454 0.58198252
0.11507982 0.21606981 0.58865001
0.1167825  0.2184262  0.59534777
0.11847911 0.22077386 0.60207547
0.12016982 0.22311277 0.60883348
0.1218546  0.22544269 0.61562295
0.12353388 0.22776389 0.62244309
0.12520767 0.23007614 0.62929491
0.12687605 0.23237935 0.63617908
0.12853956 0.23467386 0.64309431
0.1301978  0.23695902 0.65004338
0.13180843 0.23925161 0.6570014 
0.13333925 0.24155354 0.66398516
0.13478075 0.24386722 0.67099393
0.1361206  0.24619442 0.6780308 
0.13734557 0.24854072 0.68508696
0.13843236 0.25091831 0.69213902
0.13936714 0.2533249  0.69920354
0.14012748 0.25576663 0.70627514
0.1406706  0.25826422 0.71331466
0.14096337 0.26082565 0.72031608
0.14095135 0.26347568 0.72723211
0.14057675 0.26623237 0.73403613
0.13976482 0.26913867 0.7406286 
0.13844226 0.2722405  0.74689268
0.13656739 0.2755867  0.75267341
0.13416447 0.27921443 0.75780362
0.13136069 0.28312615 0.76216149
0.12834551 0.28728654 0.76571653
0.12530555 0.29163478 0.76853675
0.12236865 0.29610745 0.77074787
0.11960852 0.30065077 0.77248656
0.11706932 0.30522202 0.77387832
0.11474836 0.3098106  0.77496702
0.11266162 0.31438397 0.77586765
0.11079651 0.31894697 0.77657853
0.10915744 0.32347969 0.7771797 
0.10774148 0.32797993 0.77769144
0.10653281 0.33245481 0.77810406
0.10553315 0.33689571 0.77845843
0.104738   0.34130177 0.7787691 
0.10414232 0.34567339 0.77904526
0.10374383 0.35001039 0.77929666
0.10353046 0.35431523 0.77952608
0.10350641 0.35858611 0.77974581
0.10365771 0.36282599 0.77995591
0.10398361 0.36703434 0.7801647 
0.10447724 0.37121317 0.78037181
0.10512995 0.37536689 0.78056653
0.10593763 0.37949229 0.78076858
0.10689415 0.38359001 0.78098184
0.10799303 0.38766076 0.78120972
0.10922749 0.39170582 0.78145282
0.1105907  0.39573227 0.78168443
0.11207655 0.39973415 0.78193721
0.1136781  0.40371223 0.78221339
0.11538889 0.40767003 0.78250165
0.11720319 0.41161102 0.78278991
0.11911378 0.41553053 0.78310583
0.12111621 0.41942997 0.78344674
0.12320655 0.42331633 0.78378165
0.12537542 0.42718332 0.78414775
0.12761855 0.43103371 0.78453504
0.12993507 0.43487182 0.78492331
0.13229883 0.43869481 0.78534209
0.13470463 0.4425041  0.78578864
0.13714778 0.44630105 0.78626015
0.13961875 0.45008763 0.78675311
0.14212945 0.4538617  0.78727381
0.14466795 0.45762594 0.78781626
0.14722968 0.46138137 0.78837915
0.75355408 0.23428346 0.12109179
0.7558405  0.23967496 0.12527898
0.75811414 0.24502126 0.12942043
0.76037538 0.25032507 0.13351784
0.76262482 0.25558839 0.1375759 
0.76486275 0.26081358 0.14159657
0.76708947 0.26600289 0.14558161
0.76930492 0.27115908 0.14952898
0.77150989 0.27628306 0.15344385
0.77370459 0.28137668 0.15732762
0.77588945 0.28644138 0.16118137
0.77806467 0.29147886 0.16500528
0.78023025 0.29649099 0.168799  
0.78238682 0.30147846 0.17256589
0.78453489 0.30644221 0.17630663
0.78667451 0.3113837  0.1800222 
0.78880601 0.31630395 0.18371312
0.79092946 0.32120442 0.1873774 
0.79304528 0.32608567 0.19101865
0.79515398 0.33094834 0.19463731
0.79725573 0.33579341 0.198234  
0.79935071 0.34062176 0.2018093 
0.80143941 0.34543398 0.20536315
0.80352153 0.35023149 0.2088945 
0.80559782 0.35501431 0.21240585
0.80766849 0.35978314 0.21589764
0.8097337  0.3645387  0.21937029
0.81179389 0.3692814  0.22282411
0.81384902 0.3740121  0.22625957
0.81589961 0.3787311  0.22967648
0.81794531 0.38343958 0.23307414
0.81998703 0.38813727 0.23645435
0.82202453 0.39282509 0.23981761
0.82405849 0.39750308 0.24316403
0.82608867 0.40217212 0.24649407
0.82811568 0.40683228 0.24980785
0.83013938 0.41148431 0.25310579
0.83216024 0.41612835 0.25638803
0.8341782  0.42076507 0.25965459
0.83619342 0.42539493 0.2629049 
0.83820631 0.43001802 0.26614035
0.84021683 0.4346349  0.26936125
0.84222555 0.43924557 0.27256773
0.84423211 0.44385085 0.27576013
0.84623147 0.44845415 0.27895747
0.84822055 0.45305681 0.2821828 
0.85019925 0.45765914 0.28543634
0.85216758 0.46226141 0.28871827
0.85412575 0.46686368 0.29202872
0.85607361 0.47146632 0.29536792
0.85801141 0.47606934 0.29873612
0.85993911 0.4806729  0.30213492
0.86185679 0.48527726 0.30556296
0.8637646  0.48988253 0.3090204 
0.86566247 0.49448895 0.31250744
0.8675507  0.49909653 0.31602415
0.86942908 0.5037056  0.31957078
0.87129803 0.50831605 0.32314737
0.87315726 0.51292827 0.32675419
0.87500726 0.51754211 0.33039124
0.87684774 0.52215792 0.33405943
0.87867914 0.52677548 0.33775961
0.88050124 0.53139523 0.3414906 
0.88231449 0.53601705 0.34525241
0.88411867 0.54064125 0.34904528
0.88591421 0.54526769 0.35286921
0.88770094 0.54989668 0.35672444
0.88947925 0.55452809 0.36061096
0.89124901 0.55916218 0.36452919
0.89301057 0.56379871 0.36848113
0.89476388 0.56843805 0.37246481
0.89650927 0.57308012 0.37648024
0.89824674 0.57772508 0.38052759
0.89997655 0.58237293 0.38460689
0.9016988  0.58702375 0.38871824
0.90341365 0.59167759 0.39286173
0.9051213  0.59633434 0.39703928
0.90682183 0.60099418 0.40124986
0.90851559 0.60565711 0.40549274
0.91020256 0.61032328 0.4097681 
0.91188313 0.61499261 0.41407586
0.91355732 0.61966522 0.41841617
0.91522547 0.62434108 0.422789  
0.91688767 0.62902009 0.42719691
0.91854417 0.6337024  0.43163771
0.92019524 0.63838805 0.43611114
0.921841   0.6430771  0.44061728
0.92348179 0.6477695  0.44515608
0.92511776 0.65246533 0.44972759
0.92674917 0.6571645  0.45433297
0.92837626 0.66186699 0.45897269
0.92999927 0.66657293 0.46364513
0.93161849 0.67128232 0.46835022
0.93323414 0.6759952  0.473088  
0.93484652 0.68071154 0.4778584 
0.93645587 0.68543135 0.48266174
0.93806245 0.69015449 0.48750018
0.93966659 0.69488111 0.49237114
0.94126853 0.69961125 0.49727459
0.9428686  0.7043449  0.50221046
0.94446106 0.70908511 0.50718311
0.9460458  0.71383338 0.51217534
0.94763471 0.7185843  0.5171727 
0.94922076 0.7233416  0.52218054
0.95080367 0.72810554 0.52719927
0.95238305 0.73287646 0.53222937
0.95396827 0.73764994 0.53726433
0.95554986 0.74243078 0.54231118
0.95712717 0.74721942 0.54737059
0.95871122 0.75201072 0.55243495
0.96028888 0.75681113 0.55751382
0.96186993 0.76161614 0.5626005 
0.96344647 0.76642965 0.56770081
0.9650284  0.77124715 0.57280802
0.9666063  0.77607321 0.57792899
0.9681839  0.78090622 0.58306135
0.96976508 0.78574456 0.58820265
0.97134433 0.79059091 0.59335697
0.97292321 0.7954447  0.59852349
0.97450203 0.80030592 0.60370226
0.97607885 0.80517558 0.60889487
0.97765899 0.81005146 0.61409792
0.97923505 0.81493697 0.61931677
0.98081326 0.8198295  0.62454743
0.98238459 0.82473313 0.62979633
0.98395424 0.82964568 0.63506019
0.98551043 0.83457236 0.64034729
0.9869815  0.83954382 0.64570635
