0.00880976 0.06039671 0.24204078
0.01000877 0.06358692 0.24755032
0.01127693 0.06676052 0.25300306
0.01260551 0.0699012  0.25846331
0.01399349 0.07301024 0.26393456
0.01543952 0.07608835 0.26942165
0.01694353 0.07913816 0.2749217 
0.01850442 0.08216045 0.28043801
0.02012149 0.08515654 0.28597137
0.02179469 0.08812841 0.29151957
0.02352317 0.0910768  0.29708459
0.02530658 0.09400297 0.30266599
0.02714396 0.09690739 0.30826623
0.02903553 0.09979173 0.3138825 
0.03098082 0.10265674 0.31951546
0.03297906 0.10550284 0.32516677
0.03502994 0.10833084 0.33083633
0.0371331  0.11114142 0.33652431
0.03928667 0.11393601 0.34222915
0.04146356 0.11671517 0.3479521 
0.04360981 0.11947948 0.353693  
0.04573491 0.12222852 0.35945593
0.0478408  0.12496342 0.36523813
0.04992925 0.12768532 0.37103676
0.05199888 0.13039301 0.37685884
0.05405196 0.13308798 0.38269978
0.05608893 0.13577041 0.38856049
0.05810955 0.13844    0.39444385
0.06011575 0.14109803 0.40034588
0.06210649 0.14374363 0.40627177
0.06408357 0.14637799 0.4122177 
0.06604689 0.14900097 0.41818569
0.06799662 0.15161257 0.42417691
0.06993452 0.154214   0.43018726
0.07185845 0.15680357 0.43622528
0.073771   0.15938311 0.44228401
0.07567266 0.16195294 0.44836317
0.07756112 0.16451114 0.45447199
0.07943951 0.16706007 0.4606012 
0.08130755 0.16959937 0.46675319
0.08316446 0.17212834 0.47293185
0.0850109  0.17464743 0.4791361 
0.08684787 0.17715728 0.48536383
0.08867548 0.17965788 0.49161584
0.09049378 0.18214917 0.49789309
0.09230183 0.18463028 0.50419998
0.09410129 0.18710243 0.51053186
0.09589224 0.18956557 0.51688953
0.09767495 0.19201981 0.52327314
0.09944956 0.19446514 0.5296832 
0.10121619 0.19690154 0.53612033
0.1029745  0.19932858 0.54258683
0.10472498 0.20174655 0.54908192
0.10646812 0.20415572 0.5556049 
0.10820407 0.20655607 0.5621562 
0.10993302 0.20894762 0.56873613
0.11165515 0.21133041 0.57534495
0.11337077 0.21370454 0.58198252
0.11507982 0.21606981 0.58865001
0.1167825  0.2184262  0.59534777
0.11847911 0.22077386 0.60207547
0.12016982 0.22311277 0.60883348
0.1218546  0.22544269 0.61562295
0.12353388 0.22776389 0.62244309
0.12520767 0.23007614 0.62929491
0.12687605 0.23237935 0.63617908
0.12853956 0.23467386 0.64309431
0.1301978  0.23695902 0.65004338
0.13180843 0.23925161 0.6570014 
0.13333925 0.24155354 0.66398516
0.13478075 0.24386722 0.67099393
0.1361206  0.24619442 0.6780308 
0.13734557 0.24854072 0.68508696
0.13843236 0.25091831 0.69213902
0.13936714 0.2533249  0.69920354
0.14012748 0.25576663 0.70627514
0.1406706  0.25826422 0.71331466
0.14096337 0.26082565 0.72031608
0.14095135 0.26347568 0.72723211
0.14057675 0.26623237 0.73403613
0.13976482 0.26913867 0.7406286 
0.13844226 0.2722405  0.74689268
0.13656739 0.2755867  0.75267341
0.13416447 0.27921443 0.75780362
0.13136069 0.28312615 0.76216149
0.12834551 0.28728654 0.76571653
0.12530555 0.29163478 0.76853675
0.12236865 0.29610745 0.77074787
0.11960852 0.30065077 0.77248656
0.11706932 0.30522202 0.77387832
0.11474836 0.3098106  0.77496702
0.11266162 0.31438397 0.77586765
0.11079651 0.31894697 0.77657853
0.10915744 0.32347969 0.7771797 
0.10774148 0.32797993 0.77769144
0.10653281 0.33245481 0.77810406
0.10553315 0.33689571 0.77845843
0.104738   0.34130177 0.7787691 
0.10414232 0.34567339 0.77904526
0.10374383 0.35001039 0.77929666
0.10353046 0.35431523 0.77952608
0.10350641 0.35858611 0.77974581
0.10365771 0.36282599 0.77995591
0.10398361 0.36703434 0.7801647 
0.10447724 0.37121317 0.78037181
0.10512995 0.37536689 0.78056653
0.10593763 0.37949229 0.78076858
0.10689415 0.38359001 0.78098184
0.10799303 0.38766076 0.78120972
0.10922749 0.39170582 0.78145282
0.1105907  0.39573227 0.78168443
0.11207655 0.39973415 0.78193721
0.1136781  0.40371223 0.78221339
0.11538889 0.40767003 0.78250165
0.11720319 0.41161102 0.78278991
0.11911378 0.41553053 0.78310583
0.12111621 0.41942997 0.78344674
0.12320655 0.42331633 0.78378165
0.12537542 0.42718332 0.78414775
0.12761855 0.43103371 0.78453504
0.12993507 0.43487182 0.78492331
0.13229883 0.43869481 0.78534209
0.13470463 0.4425041  0.78578864
0.13714778 0.44630105 0.78626015
0.13961875 0.45008763 0.78675311
0.14212945 0.4538617  0.78727381
0.14466795 0.45762594 0.78781626
0.14722968 0.46138137 0.78837915
0.20015356 0.50402331 0.44797525
0.2013535  0.50742451 0.45055835
0.20255095 0.5108311  0.45314221
0.20374558 0.51424324 0.45572651
0.20493627 0.51766119 0.45831043
0.20612533 0.52108455 0.46089579
0.20730954 0.52451401 0.4634802 
0.20849205 0.52794903 0.4660659 
0.20966909 0.53139027 0.46865155
0.21084856 0.53483674 0.47123735
0.21201965 0.53828993 0.47382311
0.21319913 0.54174773 0.47640857
0.21437069 0.5452123  0.47899411
0.21554337 0.54868255 0.4815794 
0.21671603 0.55215868 0.4841646 
0.21788204 0.55564158 0.48674983
0.21905652 0.5591294  0.48933469
0.22022415 0.56262414 0.49191961
0.22139296 0.56612485 0.49450435
0.22256365 0.56963149 0.49708891
0.22372809 0.57314516 0.49967351
0.22490075 0.57666409 0.50225773
0.22606966 0.58018983 0.50484195
0.22723633 0.58372228 0.507426  
0.2284105  0.58726027 0.51000981
0.2295792  0.59080547 0.51259351
0.23075155 0.59435682 0.51517699
0.2319269  0.59791446 0.51776022
0.23309788 0.60147935 0.52034335
0.2342768  0.60505005 0.52292612
0.23545606 0.60862754 0.52550871
0.23663144 0.61221242 0.52809108
0.23781858 0.61580281 0.5306731 
0.23900368 0.61940049 0.5332548 
0.24018642 0.62300555 0.53583634
0.24138245 0.62661613 0.53841734
0.24257654 0.63023417 0.54099807
0.24376917 0.63385966 0.54357855
0.24497557 0.63749082 0.54615839
0.24618133 0.64112947 0.54873791
0.24738657 0.64477565 0.55131708
0.24860491 0.64842777 0.55389557
0.24982513 0.65208727 0.55647361
0.25104603 0.65575435 0.55905121
0.25227768 0.65942786 0.56162808
0.2535156  0.6631084  0.56420437
0.25475539 0.66679659 0.5667801 
0.25600231 0.67049183 0.56935517
0.25726135 0.67419362 0.57192941
0.25852352 0.67790309 0.57450295
0.25978935 0.68162025 0.57707578
0.26107092 0.68534371 0.5796477 
0.26235951 0.68907459 0.58221878
0.26365311 0.6928132  0.58478899
0.26495389 0.69655936 0.58735822
0.26627255 0.70031184 0.58992638
0.26759782 0.70407207 0.59249353
0.26893018 0.70784006 0.5950596 
0.27027283 0.7116155  0.59762453
0.27163413 0.71539747 0.6001882 
0.27300432 0.71918719 0.60275066
0.27438405 0.72298466 0.60531185
0.27577399 0.72678988 0.6078717 
0.27718613 0.73060148 0.61043007
0.27861027 0.73442076 0.612987  
0.28004655 0.73824777 0.61554243
0.28149568 0.7420825  0.6180963 
0.28296151 0.74592457 0.62064853
0.28444929 0.74977342 0.62319898
0.28595192 0.75362997 0.62574767
0.28747024 0.7574942  0.62829453
0.28900509 0.76136608 0.63083951
0.29055737 0.76524558 0.63338255
0.29213709 0.76913158 0.63592351
0.29373566 0.77302518 0.63846235
0.29535405 0.77692633 0.64099907
0.29699319 0.78083499 0.64353361
0.29865358 0.78475119 0.64606578
0.30033653 0.78867484 0.64859562
0.30204766 0.79260534 0.65112308
0.30378567 0.79654293 0.65364793
0.305549   0.80048785 0.65617031
0.30733827 0.80444011 0.65869002
0.30915463 0.80839964 0.66120702
0.31099909 0.81236639 0.66372126
0.31287277 0.8163403  0.66623269
0.31477667 0.82032132 0.66874123
0.31671206 0.82430936 0.67124687
0.31868247 0.82830407 0.67374945
0.32068822 0.83230547 0.67624906
0.32272818 0.83631377 0.67874552
0.32480365 0.84032887 0.68123886
0.32691587 0.84435068 0.68372907
0.32906581 0.84837914 0.68621603
0.33125388 0.8524143  0.68869936
0.33345645 0.85645881 0.69118229
0.33566134 0.8605139  0.69366876
0.33786859 0.86457964 0.6961588 
0.34007824 0.86865612 0.69865243
0.3422903  0.87274339 0.70114966
0.34450481 0.87684155 0.7036505 
0.34672178 0.88095066 0.70615497
0.34894122 0.88507081 0.70866307
0.3511626  0.88920217 0.71117455
0.35338892 0.89334433 0.71369086
0.35561944 0.8974975  0.71621165
0.35785219 0.90166207 0.71873597
0.36008618 0.90583828 0.72126336
0.3623212  0.91002626 0.7237937 
0.36456357 0.91422507 0.72633007
0.36680916 0.91843545 0.72887048
0.36905363 0.9226582  0.73141281
0.37130586 0.92689196 0.7339614 
0.3735589  0.93113795 0.73651286
0.37581548 0.93539581 0.73906854
0.3780746  0.93966578 0.74162794
0.38033945 0.94394743 0.74419265
0.38260345 0.94824193 0.74675943
0.38487133 0.9525486  0.7493306 
0.38714515 0.95686717 0.75190722
0.38941945 0.96119864 0.75448656
0.39169495 0.96554298 0.75706898
0.39397778 0.96989928 0.75965756
0.39625412 0.97426988 0.76224538
0.39853438 0.97865319 0.76483764
0.40081563 0.98304976 0.76743288
0.40307991 0.98746266 0.770022  
0.40526413 0.99190242 0.77257291
