0.01398507 0.056118   0.27989748
0.01525358 0.06338832 0.29001726
0.01666987 0.0704746  0.300062  
0.01818325 0.07737581 0.31015916
0.01977097 0.08411571 0.320332  
0.0214333  0.09072478 0.33055153
0.02315473 0.09721883 0.34082746
0.02492551 0.10361314 0.3511577 
0.02672337 0.1099159  0.36156144
0.02855361 0.11614291 0.37201233
0.0303941  0.12229886 0.3825294 
0.03225654 0.12839685 0.39308279
0.03409478 0.1344337  0.40372238
0.03592481 0.14042144 0.41441383
0.03769069 0.14638618 0.42510813
0.03924857 0.1523461  0.43581574
0.04053743 0.15832236 0.44648957
0.041418   0.16430794 0.45720046
0.04184367 0.17034353 0.46783054
0.04165508 0.17643899 0.47840273
0.04067134 0.18264035 0.48880713
0.03853153 0.18901023 0.49891505
0.03495825 0.19566287 0.50838236
0.02983973 0.20277606 0.51653071
0.02459495 0.21044738 0.5223678 
0.02184562 0.21842271 0.5258015 
0.02227922 0.22635429 0.52791856
0.02539831 0.23414031 0.52936564
0.03076088 0.24174369 0.53053532
0.03913769 0.24913534 0.53137712
0.04967571 0.25631214 0.53202509
0.06094638 0.26329005 0.53259366
0.07231624 0.27009543 0.53321899
0.08374013 0.27674941 0.53385423
0.09495398 0.28327138 0.5346045 
0.10594714 0.28968163 0.53544977
0.11670709 0.29599241 0.53640884
0.12727391 0.30221737 0.53744791
0.13763648 0.3083669  0.53858193
0.14780133 0.31445075 0.53981167
0.15777593 0.32047638 0.5411447 
0.1675984  0.32645033 0.54255644
0.17727733 0.33237846 0.54404836
0.18681063 0.33826657 0.54563118
0.19621978 0.34411985 0.54728819
0.20549985 0.34994258 0.54903601
0.2146624  0.35573897 0.550869  
0.22374682 0.36151012 0.55275723
0.23275755 0.3672593  0.55469981
0.24166727 0.37299191 0.55672861
0.25048188 0.37871097 0.55884253
0.25926189 0.38441353 0.56098843
0.26797066 0.39010609 0.56320233
0.27659984 0.39579218 0.56549658
0.28520021 0.40146825 0.56782686
0.29374668 0.40713969 0.57021759
0.30222494 0.41281047 0.57268605
0.31069665 0.41847421 0.57517708
0.31910715 0.42414039 0.57774337
0.3274863  0.42980677 0.5803581 
0.33584268 0.4354736  0.58301548
0.34414352 0.4411474  0.58575006
0.35245812 0.44681947 0.58849187
0.36072373 0.45250215 0.59129636
0.36894697 0.45819702 0.59415128
0.37714175 0.4639032  0.59704467
0.38531016 0.46962157 0.59997662
0.39344586 0.47535427 0.60295695
0.40156548 0.48109956 0.6059706 
0.40965229 0.48686154 0.60903682
0.4177266  0.49263766 0.61213629
0.42578093 0.49843022 0.61527917
0.43381603 0.50424008 0.61846666
0.44184453 0.51006588 0.62168649
0.44985009 0.51591168 0.62495796
0.45785042 0.52177495 0.62826385
0.46584072 0.52765747 0.63161105
0.47381834 0.53356072 0.63500362
0.48179561 0.53948305 0.63842933
0.48976154 0.5454275  0.64190209
0.49772308 0.55139345 0.64541577
0.50568695 0.55738034 0.64896373
0.51364018 0.5633917  0.65256172
0.52159565 0.56942554 0.65619703
0.52955444 0.57548233 0.65986978
0.5375055  0.58156535 0.66359302
0.54546278 0.58767224 0.66735242
0.5534259  0.59380377 0.67114991
0.56138401 0.59996316 0.67499848
0.56935082 0.60614809 0.67888345
0.57732582 0.61235928 0.68280705
0.58529948 0.61859964 0.68678156
0.59328076 0.62486783 0.69079748
0.60127234 0.63116395 0.6948526 
0.60926949 0.63748974 0.69895396
0.61727099 0.64384621 0.70310413
0.62528604 0.65023205 0.7072917 
0.63331244 0.65664826 0.71152197
0.64134396 0.66309703 0.71580349
0.64938539 0.66957796 0.7201312 
0.65743978 0.67609097 0.72450272
0.66550849 0.68263649 0.7289166 
0.6735866  0.68921632 0.73338076
0.68167502 0.69583097 0.73789485
0.68977706 0.70248022 0.74245672
0.69789487 0.7091644  0.74706335
0.70602734 0.71588434 0.75171811
0.71417113 0.72264152 0.75642691
0.72232834 0.72943629 0.76118654
0.73050279 0.73626841 0.76599317
0.73869745 0.74313665 0.77085484
0.74691926 0.75003976 0.77576577
0.75516366 0.75697911 0.78073708
0.76343428 0.76395474 0.78576285
0.77172727 0.77096794 0.79085282
0.78004773 0.7780185  0.79599802
0.78839123 0.78510783 0.80120943
0.79676047 0.79223612 0.80648316
0.80515389 0.79940433 0.81182416
0.81357635 0.80661227 0.81722406
0.82202229 0.8138616  0.82269629
0.83049078 0.82115317 0.82824461
0.83898702 0.82848678 0.83385992
0.84749853 0.83586533 0.83957042
0.85603313 0.84328816 0.84536146
0.8645837  0.85075729 0.85125005
0.873143   0.85827477 0.85725341
0.88165064 0.8658015  0.86336633
0.87375419 0.8583296  0.85437345
0.86501225 0.85121815 0.8451802 
0.85624342 0.84418808 0.8359152 
0.84746967 0.83722562 0.82661516
0.83870744 0.83032031 0.81730761
0.82995776 0.82347048 0.80799479
0.82122152 0.81667458 0.79867865
0.81251129 0.8099245  0.78938028
0.80381384 0.80322666 0.78007854
0.79514503 0.7965712  0.77079984
0.78649914 0.78996034 0.7615353 
0.7778717  0.7833956  0.75227811
0.76926819 0.77687298 0.74303769
0.76068755 0.77039213 0.73381275
0.75213236 0.76395071 0.72460799
0.74360185 0.75754822 0.71542255
0.73509274 0.75118555 0.7062516 
0.72661266 0.74485786 0.6971059 
0.71816214 0.73856447 0.68798201
0.70973734 0.73230659 0.67887394
0.70133815 0.72608344 0.66978181
0.69296442 0.71989423 0.66070568
0.68461599 0.71373822 0.65164555
0.67629285 0.7076146  0.64260132
0.66799468 0.70152269 0.6335731 
0.65972121 0.69546178 0.62456081
0.65147227 0.68943116 0.61556442
0.6432476  0.68343014 0.60658385
0.63504698 0.67745801 0.59761901
0.62687013 0.67151413 0.58866975
0.6187168  0.66559781 0.57973598
0.61058674 0.65970837 0.57081757
0.60247968 0.65384516 0.56191438
0.5943953  0.64800754 0.55302622
0.58633337 0.64219485 0.54415297
0.57829359 0.63640643 0.53529446
0.57027565 0.63064166 0.5264505 
0.56227927 0.62489989 0.51762088
0.55430415 0.61918047 0.50880546
0.54634998 0.61348279 0.50000401
0.53841646 0.6078062  0.49121631
0.53050326 0.60215008 0.48244214
0.5226102  0.59651375 0.4736812 
0.51473692 0.59089661 0.46493328
0.50688299 0.58529805 0.45619813
0.49904812 0.57971743 0.44747555
0.49123196 0.57415413 0.43876524
0.48343416 0.56860751 0.43006691
0.47565438 0.56307696 0.42138021
0.46789226 0.55756183 0.41270484
0.46014745 0.5520615  0.40404044
0.45241007 0.54657744 0.39539805
0.44466982 0.54111166 0.38678235
0.43692655 0.53566312 0.37819568
0.42917855 0.53023147 0.36963778
0.42142139 0.52481741 0.36110436
0.41365682 0.51941905 0.35260101
0.40588246 0.51403619 0.34412688
0.39809374 0.50866942 0.33567804
0.39029229 0.50331684 0.32726009
0.38247354 0.49797896 0.31886947
0.37463578 0.49265506 0.31050716
0.36677769 0.48734428 0.30217475
0.35889386 0.48204716 0.2938684 
0.35098551 0.4767618  0.28559357
0.34304417 0.47148953 0.2773447 
0.33507238 0.46622768 0.26913223
0.32706064 0.46097803 0.26094476
0.31901009 0.45573843 0.25278823
0.31091202 0.45050982 0.24465716
0.30276422 0.44529094 0.2365541 
0.2945613  0.44008119 0.22848155
0.28629461 0.4348807  0.22044102
0.27796099 0.42968839 0.21242794
0.26955126 0.42450438 0.20443939
0.26105524 0.41932845 0.19647763
0.25246648 0.41415911 0.18854968
0.2437737  0.40899656 0.18064367
0.23496356 0.40384044 0.17276143
0.22601216 0.39869174 0.16491216
0.21687818 0.39355471 0.15709518
0.20755045 0.38842327 0.14939053
0.19791668 0.38331362 0.14178355
0.18790726 0.378226   0.13438691
0.17735874 0.3731709  0.12740604
0.16599269 0.36815785 0.12143064
0.15453215 0.3629941  0.11819431
0.14579374 0.35728794 0.11729612
0.13899556 0.35127238 0.11667036
0.13308975 0.34512806 0.11594299
0.12768243 0.33891636 0.11509505
0.1225923  0.33266384 0.11414068
0.11769978 0.3263871  0.1130903 
0.11297951 0.32008982 0.11194326
0.10839093 0.31377745 0.11069622
0.10394548 0.3074483  0.10935215
0.09962439 0.30110456 0.10791087
0.0954229  0.29474647 0.10637393
0.09133052 0.28837487 0.10474243
0.08734066 0.28199001 0.10301792
0.08343713 0.27559322 0.10120111
0.07962592 0.269183   0.09929486
0.07587541 0.2627623  0.09729843
0.07220581 0.25632775 0.09521591
0.06858416 0.24988231 0.09304462
0.06500313 0.2434256  0.09078729
0.06147861 0.23695457 0.0884475 
0.05797834 0.23047159 0.08602433
0.054493   0.22397635 0.08351685
0.05103226 0.21746621 0.08092754
0.04757915 0.21094136 0.07825799
0.04411878 0.20440168 0.07550685
0.04064233 0.19784619 0.07267388
0.03717898 0.19127219 0.06976243
0.03386471 0.1846794  0.06676843
0.03070378 0.17806418 0.0637197 
0.02762504 0.17143285 0.06060593
0.02464885 0.16478093 0.05743527
0.0217541  0.15811005 0.05418717
0.01897531 0.151413   0.05087986
0.01629646 0.14469036 0.04749488
0.01374365 0.13793536 0.04404548
0.01129759 0.131149   0.04050801
0.00898703 0.12432303 0.03693135
0.00681054 0.11745434 0.03347046
0.00476463 0.11054008 0.03012442
0.00287079 0.10357122 0.02691367
0.0011414  0.09653948 0.02385057
