0.01398507 0.056118   0.27989748
0.01525358 0.06338832 0.29001726
0.01666987 0.0704746  0.300062  
0.01818325 0.07737581 0.31015916
0.01977097 0.08411571 0.320332  
0.0214333  0.09072478 0.33055153
0.02315473 0.09721883 0.34082746
0.02492551 0.10361314 0.3511577 
0.02672337 0.1099159  0.36156144
0.02855361 0.11614291 0.37201233
0.0303941  0.12229886 0.3825294 
0.03225654 0.12839685 0.39308279
0.03409478 0.1344337  0.40372238
0.03592481 0.14042144 0.41441383
0.03769069 0.14638618 0.42510813
0.03924857 0.1523461  0.43581574
0.04053743 0.15832236 0.44648957
0.041418   0.16430794 0.45720046
0.04184367 0.17034353 0.46783054
0.04165508 0.17643899 0.47840273
0.04067134 0.18264035 0.48880713
0.03853153 0.18901023 0.49891505
0.03495825 0.19566287 0.50838236
0.02983973 0.20277606 0.51653071
0.02459495 0.21044738 0.5223678 
0.02184562 0.21842271 0.5258015 
0.02227922 0.22635429 0.52791856
0.02539831 0.23414031 0.52936564
0.03076088 0.24174369 0.53053532
0.03913769 0.24913534 0.53137712
0.04967571 0.25631214 0.53202509
0.06094638 0.26329005 0.53259366
0.07231624 0.27009543 0.53321899
0.08374013 0.27674941 0.53385423
0.09495398 0.28327138 0.5346045 
0.10594714 0.28968163 0.53544977
0.11670709 0.29599241 0.53640884
0.12727391 0.30221737 0.53744791
0.13763648 0.3083669  0.53858193
0.14780133 0.31445075 0.53981167
0.15777593 0.32047638 0.5411447 
0.1675984  0.32645033 0.54255644
0.17727733 0.33237846 0.54404836
0.18681063 0.33826657 0.54563118
0.19621978 0.34411985 0.54728819
0.20549985 0.34994258 0.54903601
0.2146624  0.35573897 0.550869  
0.22374682 0.36151012 0.55275723
0.23275755 0.3672593  0.55469981
0.24166727 0.37299191 0.55672861
0.25048188 0.37871097 0.55884253
0.25926189 0.38441353 0.56098843
0.26797066 0.39010609 0.56320233
0.27659984 0.39579218 0.56549658
0.28520021 0.40146825 0.56782686
0.29374668 0.40713969 0.57021759
0.30222494 0.41281047 0.57268605
0.31069665 0.41847421 0.57517708
0.31910715 0.42414039 0.57774337
0.3274863  0.42980677 0.5803581 
0.33584268 0.4354736  0.58301548
0.34414352 0.4411474  0.58575006
0.35245812 0.44681947 0.58849187
0.36072373 0.45250215 0.59129636
0.36894697 0.45819702 0.59415128
0.37714175 0.4639032  0.59704467
0.38531016 0.46962157 0.59997662
0.39344586 0.47535427 0.60295695
0.40156548 0.48109956 0.6059706 
0.40965229 0.48686154 0.60903682
0.4177266  0.49263766 0.61213629
0.42578093 0.49843022 0.61527917
0.43381603 0.50424008 0.61846666
0.44184453 0.51006588 0.62168649
0.44985009 0.51591168 0.62495796
0.45785042 0.52177495 0.62826385
0.46584072 0.52765747 0.63161105
0.47381834 0.53356072 0.63500362
0.48179561 0.53948305 0.63842933
0.48976154 0.5454275  0.64190209
0.49772308 0.55139345 0.64541577
0.50568695 0.55738034 0.64896373
0.51364018 0.5633917  0.65256172
0.52159565 0.56942554 0.65619703
0.52955444 0.57548233 0.65986978
0.5375055  0.58156535 0.66359302
0.54546278 0.58767224 0.66735242
0.5534259  0.59380377 0.67114991
0.56138401 0.59996316 0.67499848
0.56935082 0.60614809 0.67888345
0.57732582 0.61235928 0.68280705
0.58529948 0.61859964 0.68678156
0.59328076 0.62486783 0.69079748
0.60127234 0.63116395 0.6948526 
0.60926949 0.63748974 0.69895396
0.61727099 0.64384621 0.70310413
0.62528604 0.65023205 0.7072917 
0.63331244 0.65664826 0.71152197
0.64134396 0.66309703 0.71580349
0.64938539 0.66957796 0.7201312 
0.65743978 0.67609097 0.72450272
0.66550849 0.68263649 0.7289166 
0.6735866  0.68921632 0.73338076
0.68167502 0.69583097 0.73789485
0.68977706 0.70248022 0.74245672
0.69789487 0.7091644  0.74706335
0.70602734 0.71588434 0.75171811
0.71417113 0.72264152 0.75642691
0.72232834 0.72943629 0.76118654
0.73050279 0.73626841 0.76599317
0.73869745 0.74313665 0.77085484
0.74691926 0.75003976 0.77576577
0.75516366 0.75697911 0.78073708
0.76343428 0.76395474 0.78576285
0.77172727 0.77096794 0.79085282
0.78004773 0.7780185  0.79599802
0.78839123 0.78510783 0.80120943
0.79676047 0.79223612 0.80648316
0.80515389 0.79940433 0.81182416
0.81357635 0.80661227 0.81722406
0.82202229 0.8138616  0.82269629
0.83049078 0.82115317 0.82824461
0.83898702 0.82848678 0.83385992
0.84749853 0.83586533 0.83957042
0.85603313 0.84328816 0.84536146
0.8645837  0.85075729 0.85125005
0.873143   0.85827477 0.85725341
0.88165064 0.8658015  0.86336633
0.87508733 0.85773439 0.854937  
0.86935065 0.84927946 0.84701549
0.86381404 0.84080248 0.8391133 
0.85839284 0.83233501 0.83124164
0.85308464 0.82387666 0.82340006
0.84787242 0.81543288 0.81559023
0.84271749 0.80701786 0.80781701
0.83766221 0.79861355 0.80007355
0.83266093 0.79023708 0.79236576
0.82771969 0.78188497 0.78469209
0.822847   0.77355266 0.77705059
0.81802523 0.76524626 0.76944319
0.81325447 0.75696471 0.76186921
0.80853807 0.74870555 0.75432751
0.80386266 0.74047332 0.74681943
0.79923539 0.73226402 0.73934327
0.79465184 0.72407847 0.73189905
0.79010515 0.7159186  0.72448721
0.78559972 0.70778183 0.71710344
0.7811286  0.69967074 0.70974297
0.77669436 0.69158318 0.7024051 
0.77230677 0.68351395 0.69508659
0.76794869 0.67546942 0.68779082
0.7636249  0.66744643 0.68051692
0.75933387 0.65944461 0.67326476
0.75506585 0.65146734 0.66603574
0.75082768 0.64351056 0.65882785
0.74662653 0.63557007 0.6516381 
0.74244782 0.6276513  0.64447039
0.73828745 0.61975519 0.63732516
0.73414796 0.61187955 0.63020156
0.73003927 0.60401888 0.62309515
0.72594956 0.5961775  0.61600951
0.7218764  0.58835553 0.60894509
0.71781535 0.58055415 0.60190216
0.71377973 0.57276603 0.59487539
0.70975587 0.56499653 0.58786956
0.70574147 0.55724581 0.58088479
0.70174626 0.5495081  0.57391655
0.69776244 0.54178612 0.56696721
0.69378397 0.53408181 0.56003852
0.68981903 0.52639003 0.5531266 
0.68586292 0.51871206 0.54623233
0.68190677 0.51105134 0.53935865
0.67796137 0.50340121 0.53250086
0.67402167 0.49576313 0.52566009
0.67007645 0.48814196 0.51883995
0.66614264 0.48052747 0.51203349
0.66220814 0.47292494 0.50524473
0.65826534 0.46533743 0.49847587
0.65433348 0.45775307 0.49171851
0.65039145 0.45018233 0.4849807 
0.64644715 0.44261953 0.47825858
0.64250205 0.43506249 0.47155068
0.63854081 0.42751886 0.46486258
0.63458461 0.41997475 0.45818511
0.63061437 0.41244007 0.45152551
0.62663356 0.40491138 0.44488135
0.62264492 0.3973855  0.4382508 
0.6186356  0.38986893 0.43163895
0.61462781 0.38234597 0.42503555
0.6105956  0.37483158 0.418451  
0.60655321 0.36731485 0.41187832
0.60249215 0.35979957 0.40532065
0.59842919 0.35227207 0.39877216
0.5943139  0.34476346 0.39226825
0.59020444 0.33723171 0.38577959
0.58603782 0.32971802 0.3793445 
0.58186906 0.32218196 0.37292842
0.57766759 0.31464255 0.36655037
0.57343371 0.30709707 0.36021164
0.56919265 0.29952378 0.35389685
0.564901   0.29195261 0.3476323 
0.56057954 0.28436485 0.34140589
0.55624119 0.27674641 0.33521128
0.55185866 0.26911542 0.32906616
0.54742825 0.26147176 0.32297283
0.54297007 0.25379411 0.31692164
0.53848881 0.24607235 0.31091571
0.53395813 0.23832511 0.30496762
0.52936514 0.2305591  0.29908986
0.52474382 0.22273534 0.29327276
0.52006537 0.21487552 0.28752819
0.51534459 0.20695568 0.28186272
0.51056276 0.19898668 0.27628883
0.50572715 0.19094962 0.27081893
0.50083066 0.18283994 0.26546987
0.49585737 0.17466226 0.26026621
0.49078112 0.16643112 0.25525626
0.48561255 0.1581179  0.25045852
0.48029886 0.14976598 0.24596702
0.47479667 0.1414156  0.2418578 
0.46898991 0.13321697 0.23826158
0.46272469 0.1254172  0.23526928
0.45586342 0.11831661 0.23278467
0.44844614 0.11197757 0.23054938
0.44065521 0.1062003  0.22830721
0.43246671 0.10110512 0.22591803
0.42391423 0.09671388 0.22320989
0.41510785 0.09287389 0.22008783
0.40614409 0.08941783 0.21655025
0.39710571 0.08617817 0.21265677
0.3880356  0.0830568  0.2084706 
0.37895092 0.08000506 0.20404491
0.36986631 0.07698141 0.19942015
0.360798   0.07394015 0.19463763
0.35173567 0.07089299 0.18971288
0.3426897  0.06780872 0.18467129
0.33365882 0.06468017 0.1795303 
0.32464269 0.0615003  0.17429855
0.31562858 0.05828648 0.16898202
0.30662913 0.05500447 0.16359207
0.29763725 0.0516592  0.1581349 
0.28864739 0.04825248 0.1526151 
0.27964612 0.04479833 0.14704809
0.27064148 0.04126404 0.14145748
0.26163045 0.03765558 0.13584132
0.25261198 0.03413378 0.13019732
0.24357522 0.03073703 0.12452382
0.23452158 0.02746026 0.11881789
0.22545434 0.02429623 0.11307616
0.21635823 0.02126932 0.10729656
0.20722646 0.01838676 0.10147596
0.19806821 0.01563111 0.09560942
0.18886162 0.01303162 0.08969422
0.17960428 0.01058626 0.08372543
0.17029117 0.00829657 0.07769765
0.16090461 0.00617846 0.07160582
