0.01016255 0.0514081  0.29375647
0.01095848 0.05911847 0.30359775
0.01186082 0.06652172 0.31353309
0.01285292 0.07367736 0.32355991
0.01392097 0.08063034 0.33367121
0.0150676  0.08742336 0.34382774
0.01624903 0.09406285 0.35409743
0.017493   0.10059042 0.36439552
0.01875348 0.10700488 0.37478928
0.02004034 0.11332894 0.38523872
0.02134783 0.1195744  0.39573788
0.02263283 0.12574399 0.40632231
0.02382493 0.13190022 0.41685058
0.02481466 0.13803544 0.42740401
0.02552561 0.14416154 0.43798187
0.02588991 0.15031277 0.44850191
0.02577832 0.15649271 0.45900027
0.02503562 0.16273778 0.46940983
0.02347585 0.16910321 0.47960144
0.02080482 0.17566436 0.48940443
0.01668823 0.18254565 0.49846845
0.01129072 0.18994523 0.50594975
0.00628247 0.19787791 0.51103373
0.00380539 0.20601284 0.51402379
0.00413791 0.21406475 0.51589089
0.00676935 0.22193253 0.51729057
0.0115235  0.22960996 0.51840671
0.01914481 0.2370611  0.51922029
0.02940484 0.24429152 0.5198975 
0.04211368 0.25131997 0.52050568
0.05509724 0.25817138 0.52117566
0.06767668 0.26486636 0.52188126
0.0797365  0.27142719 0.52269663
0.0913674  0.27787256 0.5236065 
0.10261325 0.28421476 0.52463105
0.11354552 0.29046842 0.52574135
0.12419613 0.29664369 0.52694181
0.13457862 0.30275012 0.5282448 
0.14474626 0.3087953  0.52962854
0.15470552 0.31478624 0.53110651
0.16449238 0.32073002 0.53265558
0.17409626 0.32663138 0.53430841
0.18355241 0.33249609 0.53603716
0.19287494 0.33832858 0.53783852
0.20206737 0.34413174 0.53972756
0.21117673 0.34990718 0.5416659 
0.22017819 0.35566128 0.54367675
0.22907434 0.36139728 0.54576589
0.23790135 0.36711489 0.5479088 
0.24666271 0.37281702 0.55010439
0.25533595 0.37850892 0.55237672
0.26394957 0.38418994 0.55470649
0.27251632 0.38986127 0.55708365
0.28100968 0.39552871 0.55953394
0.28947642 0.40118854 0.56201766
0.29789098 0.40684583 0.56456237
0.30624802 0.41250347 0.56717523
0.3145981  0.41815642 0.56980925
0.32288595 0.42381405 0.57252071
0.33116077 0.42947084 0.57526462
0.33939422 0.43513263 0.57806987
0.34762018 0.44079673 0.58089748
0.35579747 0.4464721  0.58378221
0.36394723 0.45215725 0.5867019 
0.37205792 0.45785532 0.58967087
0.38015077 0.46356397 0.59266996
0.38820713 0.46928746 0.59572113
0.39624707 0.4750235  0.59880563
0.40426439 0.48077428 0.6019315 
0.41226303 0.48654017 0.60509647
0.42025001 0.49232077 0.60829556
0.42821215 0.49811951 0.61154482
0.4361695  0.50393365 0.6148239 
0.44410992 0.50976638 0.61814768
0.45204114 0.51561709 0.62150973
0.45996709 0.52148585 0.62490735
0.46787791 0.52737556 0.62835238
0.47578958 0.53328382 0.63182872
0.4836926  0.53921335 0.63534853
0.49159038 0.54516424 0.63890958
0.49949169 0.5511355  0.64250294
0.50738319 0.55713072 0.64614474
0.51527774 0.5631479  0.64982228
0.52317529 0.56918776 0.65353694
0.53106692 0.57525307 0.65729938
0.53896584 0.58134166 0.66109604
0.54686841 0.58745499 0.66493255
0.55476855 0.59359514 0.66881707
0.5626785  0.59976018 0.6727359 
0.57059549 0.6059514  0.67669346
0.57851227 0.6121711  0.68069983
0.58643932 0.61841756 0.68474397
0.59437744 0.62469135 0.68882549
0.60231566 0.63099567 0.6929586 
0.61026514 0.63732855 0.69713183
0.6182271  0.64369044 0.70134418
0.62619575 0.6500834  0.70560351
0.63417415 0.65650742 0.70990688
0.64216581 0.66296225 0.71425192
0.65017153 0.66944841 0.71863832
0.65818356 0.67596843 0.72307677
0.66620786 0.68252149 0.72756169
0.67424874 0.6891074  0.73208706
0.68230457 0.69572708 0.73665721
0.69037061 0.70238235 0.74127948
0.69844926 0.70907336 0.74595145
0.70654517 0.71579972 0.7506676 
0.71465644 0.72256242 0.75543295
0.72278354 0.72936205 0.76024782
0.73093015 0.73619886 0.76510412
0.73909649 0.74307121 0.77002365
0.74728674 0.74997903 0.77499935
0.75550603 0.75692211 0.78002212
0.76374643 0.7639024  0.78511022
0.77201688 0.77091905 0.79024661
0.78030968 0.77797398 0.79544908
0.7886295  0.78506707 0.80070956
0.79697644 0.79219895 0.80602957
0.80534849 0.79937063 0.81141504
0.81374812 0.80658235 0.81686256
0.82216696 0.81383626 0.8223915 
0.83061487 0.82113132 0.82798294
0.83908588 0.82846928 0.83365128
0.84758081 0.83585069 0.8393966 
0.8560948  0.84327714 0.84523108
0.8646257  0.85074975 0.85116117
0.87316659 0.85827051 0.85720345
0.88165764 0.86580023 0.8633515 
0.87510601 0.85778876 0.85434311
0.86940639 0.84945816 0.84508459
0.86388091 0.8411247  0.83576107
0.85849305 0.83279883 0.82639899
0.85321438 0.82448854 0.81701875
0.84801841 0.81620137 0.80763952
0.84289547 0.80793943 0.79826742
0.83784654 0.79970134 0.78890016
0.83286949 0.79148676 0.77953791
0.82794532 0.78330105 0.77019444
0.8230777  0.77514199 0.76086543
0.81826275 0.76700994 0.75155266
0.81349891 0.75890444 0.74225602
0.80877853 0.75082721 0.73298043
0.80410979 0.74277445 0.72371788
0.79947854 0.73475015 0.71447868
0.79488707 0.72675262 0.70525972
0.79033484 0.71878111 0.69606015
0.78581083 0.71083868 0.68688798
0.78131929 0.70292294 0.67773849
0.77687752 0.69502668 0.66859576
0.77242531 0.68717778 0.65944313
0.76798734 0.67936611 0.6502626 
0.76356017 0.67159234 0.64105463
0.75914174 0.66385662 0.63181862
0.75472155 0.65616441 0.62254066
0.75030354 0.64851164 0.61323536
0.7458857  0.64089835 0.60390383
0.74146577 0.6333248  0.59454655
0.73704099 0.62579143 0.58516484
0.73260112 0.61830386 0.5757448 
0.72815166 0.61085715 0.56630251
0.7236906  0.60345147 0.55683947
0.7192163  0.59608685 0.54735673
0.71472615 0.58876384 0.53785517
0.71021069 0.58148767 0.52832346
0.7056767  0.57425286 0.51877702
0.70112256 0.56705943 0.50921796
0.69654733 0.55990712 0.49964763
0.6919455  0.55279843 0.49006382
0.68731421 0.5457347  0.48046229
0.6826584  0.53871167 0.47085546
0.67797784 0.53172879 0.46124431
0.6732698  0.52478646 0.45163452
0.66852552 0.51789043 0.44200869
0.66375429 0.51103372 0.43238344
0.65895575 0.50421568 0.422762  
0.65412851 0.49743617 0.41314855
0.64926341 0.49070117 0.40352702
0.6443693  0.48400398 0.39391194
0.63944656 0.4773434  0.38430882
0.63449438 0.47071948 0.37471602
0.62950488 0.4641376  0.36511686
0.62448648 0.45759046 0.35553473
0.61943891 0.45107743 0.34597228
0.61435736 0.44460218 0.33641257
0.60924377 0.43816255 0.32686121
0.60410244 0.43175447 0.31733033
0.59893065 0.42537954 0.30781253
0.59372397 0.41904074 0.29829599
0.58849073 0.41273095 0.2888002 
0.58322881 0.40645098 0.2793227 
0.5779311  0.40020616 0.2698417 
0.57263386 0.39397116 0.26038894
0.56735322 0.38773734 0.25093099
0.56208389 0.38150293 0.24151934
0.55682906 0.37526812 0.23210505
0.55158925 0.36903122 0.22268605
0.54636371 0.36279004 0.21327874
0.54115273 0.35654266 0.20388556
0.53595839 0.35028782 0.19447954
0.53078011 0.34402393 0.18506194
0.52561804 0.33774903 0.17563153
0.52047561 0.33145942 0.16617681
0.51534791 0.32515469 0.15672212
0.51024427 0.31882852 0.14722615
0.50515739 0.31248232 0.13770484
0.50010063 0.30610629 0.12811351
0.49506697 0.29970104 0.11846905
0.49006268 0.29325916 0.10875876
0.48508855 0.28677613 0.09898036
0.48015482 0.28024208 0.08908555
0.47526283 0.27365125 0.07905611
0.47041664 0.26699352 0.06891336
0.46561389 0.2602642  0.05864955
0.46086104 0.2534506  0.04826901
0.45614155 0.24655639 0.03781352
0.45142755 0.23959171 0.02844479
0.44667518 0.23258359 0.0207448 
0.44182594 0.22557576 0.01462644
0.43682929 0.21861203 0.00991065
0.43167404 0.21171131 0.00627001
0.42632706 0.20490692 0.00357626
0.42071346 0.19826649 0.0018641 
0.4147544  0.19186914 0.0010934 
0.40837315 0.18580106 0.00112746
0.4015992  0.18005851 0.00166168
0.39449856 0.17459911 0.00243288
0.38714882 0.16936133 0.00327996
0.37961868 0.16428647 0.00410141
0.37194861 0.15933853 0.00485299
0.36417707 0.15448072 0.00552001
0.35632616 0.14969185 0.00608176
0.34841946 0.14494774 0.00653349
0.34045718 0.14024579 0.00689658
0.33245009 0.13557362 0.00717089
0.32441022 0.13091767 0.00734989
0.31634071 0.12627222 0.00744203
0.30824321 0.12163272 0.00745699
0.30011896 0.11699492 0.0074027 
0.29197    0.11235376 0.00728292
0.28379583 0.10770472 0.00712636
0.27561206 0.10302852 0.00692508
0.26741834 0.09832171 0.00667809
0.25921047 0.09358386 0.00639314
0.25098548 0.08881313 0.00607453
0.24274207 0.08400577 0.00572268
0.2344748  0.07916126 0.00534623
0.226182   0.07427515 0.00494553
0.21786209 0.06934219 0.00452085
0.20950508 0.06436415 0.00408723
0.20111159 0.05933207 0.00363965
0.19266927 0.05424819 0.00319451
0.18418188 0.0490979  0.00274102
0.17563557 0.0438821  0.00229552
0.16702534 0.038585   0.00185912
0.15833992 0.03348129 0.00144037
0.14954485 0.02874072 0.00107183
