0.01398507 0.056118   0.27989748
0.01525358 0.06338832 0.29001726
0.01666987 0.0704746  0.300062  
0.01818325 0.07737581 0.31015916
0.01977097 0.08411571 0.320332  
0.0214333  0.09072478 0.33055153
0.02315473 0.09721883 0.34082746
0.02492551 0.10361314 0.3511577 
0.02672337 0.1099159  0.36156144
0.02855361 0.11614291 0.37201233
0.0303941  0.12229886 0.3825294 
0.03225654 0.12839685 0.39308279
0.03409478 0.1344337  0.40372238
0.03592481 0.14042144 0.41441383
0.03769069 0.14638618 0.42510813
0.03924857 0.1523461  0.43581574
0.04053743 0.15832236 0.44648957
0.041418   0.16430794 0.45720046
0.04184367 0.17034353 0.46783054
0.04165508 0.17643899 0.47840273
0.04067134 0.18264035 0.48880713
0.03853153 0.18901023 0.49891505
0.03495825 0.19566287 0.50838236
0.02983973 0.20277606 0.51653071
0.02459495 0.21044738 0.5223678 
0.02184562 0.21842271 0.5258015 
0.02227922 0.22635429 0.52791856
0.02539831 0.23414031 0.52936564
0.03076088 0.24174369 0.53053532
0.03913769 0.24913534 0.53137712
0.04967571 0.25631214 0.53202509
0.06094638 0.26329005 0.53259366
0.07231624 0.27009543 0.53321899
0.08374013 0.27674941 0.53385423
0.09495398 0.28327138 0.5346045 
0.10594714 0.28968163 0.53544977
0.11670709 0.29599241 0.53640884
0.12727391 0.30221737 0.53744791
0.13763648 0.3083669  0.53858193
0.14780133 0.31445075 0.53981167
0.15777593 0.32047638 0.5411447 
0.1675984  0.32645033 0.54255644
0.17727733 0.33237846 0.54404836
0.18681063 0.33826657 0.54563118
0.19621978 0.34411985 0.54728819
0.20549985 0.34994258 0.54903601
0.2146624  0.35573897 0.550869  
0.22374682 0.36151012 0.55275723
0.23275755 0.3672593  0.55469981
0.24166727 0.37299191 0.55672861
0.25048188 0.37871097 0.55884253
0.25926189 0.38441353 0.56098843
0.26797066 0.39010609 0.56320233
0.27659984 0.39579218 0.56549658
0.28520021 0.40146825 0.56782686
0.29374668 0.40713969 0.57021759
0.30222494 0.41281047 0.57268605
0.31069665 0.41847421 0.57517708
0.31910715 0.42414039 0.57774337
0.3274863  0.42980677 0.5803581 
0.33584268 0.4354736  0.58301548
0.34414352 0.4411474  0.58575006
0.35245812 0.44681947 0.58849187
0.36072373 0.45250215 0.59129636
0.36894697 0.45819702 0.59415128
0.37714175 0.4639032  0.59704467
0.38531016 0.46962157 0.59997662
0.39344586 0.47535427 0.60295695
0.40156548 0.48109956 0.6059706 
0.40965229 0.48686154 0.60903682
0.4177266  0.49263766 0.61213629
0.42578093 0.49843022 0.61527917
0.43381603 0.50424008 0.61846666
0.44184453 0.51006588 0.62168649
0.44985009 0.51591168 0.62495796
0.45785042 0.52177495 0.62826385
0.46584072 0.52765747 0.63161105
0.47381834 0.53356072 0.63500362
0.48179561 0.53948305 0.63842933
0.48976154 0.5454275  0.64190209
0.49772308 0.55139345 0.64541577
0.50568695 0.55738034 0.64896373
0.51364018 0.5633917  0.65256172
0.52159565 0.56942554 0.65619703
0.52955444 0.57548233 0.65986978
0.5375055  0.58156535 0.66359302
0.54546278 0.58767224 0.66735242
0.5534259  0.59380377 0.67114991
0.56138401 0.59996316 0.67499848
0.56935082 0.60614809 0.67888345
0.57732582 0.61235928 0.68280705
0.58529948 0.61859964 0.68678156
0.59328076 0.62486783 0.69079748
0.60127234 0.63116395 0.6948526 
0.60926949 0.63748974 0.69895396
0.61727099 0.64384621 0.70310413
0.62528604 0.65023205 0.7072917 
0.63331244 0.65664826 0.71152197
0.64134396 0.66309703 0.71580349
0.64938539 0.66957796 0.7201312 
0.65743978 0.67609097 0.72450272
0.66550849 0.68263649 0.7289166 
0.6735866  0.68921632 0.73338076
0.68167502 0.69583097 0.73789485
0.68977706 0.70248022 0.74245672
0.69789487 0.7091644  0.74706335
0.70602734 0.71588434 0.75171811
0.71417113 0.72264152 0.75642691
0.72232834 0.72943629 0.76118654
0.73050279 0.73626841 0.76599317
0.73869745 0.74313665 0.77085484
0.74691926 0.75003976 0.77576577
0.75516366 0.75697911 0.78073708
0.76343428 0.76395474 0.78576285
0.77172727 0.77096794 0.79085282
0.78004773 0.7780185  0.79599802
0.78839123 0.78510783 0.80120943
0.79676047 0.79223612 0.80648316
0.80515389 0.79940433 0.81182416
0.81357635 0.80661227 0.81722406
0.82202229 0.8138616  0.82269629
0.83049078 0.82115317 0.82824461
0.83898702 0.82848678 0.83385992
0.84749853 0.83586533 0.83957042
0.85603313 0.84328816 0.84536146
0.8645837  0.85075729 0.85125005
0.873143   0.85827477 0.85725341
0.88165064 0.8658015  0.86336633
0.87514018 0.85777793 0.85431488
0.86949885 0.84942881 0.84500713
0.86403629 0.84107515 0.83563016
0.85871183 0.83272872 0.8262137 
0.85348828 0.82440036 0.81678508
0.8483509  0.81609375 0.80735426
0.8432977  0.80780844 0.79792119
0.83832073 0.79954594 0.78849061
0.83339561 0.79131336 0.77908051
0.82853649 0.78310495 0.76967814
0.82373564 0.77492231 0.76028827
0.8189846  0.7667673  0.75091636
0.81428945 0.75863688 0.74155607
0.80963195 0.75053636 0.73222097
0.80502837 0.74245915 0.72289638
0.80045137 0.73441388 0.7136036 
0.79591568 0.72639448 0.70432918
0.79144061 0.7183931  0.69505562
0.78699239 0.7104208  0.68580984
0.78256211 0.70247998 0.67659826
0.77816277 0.69456509 0.66740876
0.77381914 0.68666608 0.65821887
0.76948969 0.67879729 0.64906283
0.76517307 0.67095847 0.6399408 
0.76091024 0.66313331 0.63081606
0.75664617 0.65534069 0.62174544
0.75240778 0.64756966 0.61270361
0.74818893 0.63982065 0.6037053 
0.74399523 0.63209157 0.59473453
0.73982524 0.624382   0.5857921 
0.73567201 0.61669282 0.57689261
0.73153929 0.60902259 0.56802217
0.72742578 0.60137086 0.55918115
0.72332444 0.59373861 0.55038489
0.71924037 0.58612378 0.54161805
0.71517139 0.57852633 0.53288173
0.71111092 0.57094723 0.52418984
0.70706337 0.56338442 0.51552989
0.70302737 0.55583763 0.5069012 
0.69899735 0.54830768 0.49831466
0.69497557 0.54079298 0.48976388
0.69096228 0.53329273 0.48124476
0.68695294 0.52580764 0.47276417
0.68294508 0.51833766 0.46432602
0.67894181 0.51088094 0.45592072
0.6749414  0.50343726 0.44754907
0.6709369  0.49600809 0.4392255 
0.66693344 0.48859076 0.43093626
0.66293023 0.48118463 0.42268081
0.65892242 0.47379071 0.41446631
0.65490788 0.46640883 0.4062961 
0.65088931 0.45903711 0.39816135
0.64686485 0.45167538 0.39006299
0.64283065 0.44432398 0.38200981
0.63878746 0.43698169 0.37399742
0.63473514 0.42964771 0.36602223
0.6306716  0.42232198 0.35808539
0.6265926  0.41500507 0.35019668
0.62250091 0.40769464 0.34234833
0.61839519 0.40039038 0.33453877
0.61427357 0.39309206 0.32676896
0.61013286 0.38579976 0.31904644
0.60597254 0.37851272 0.3113686 
0.60179414 0.37122887 0.30373036
0.59759543 0.36394811 0.29613299
0.59337395 0.35667032 0.28857992
0.58912605 0.34939599 0.28107776
0.5848558  0.34212143 0.2736161 
0.58056004 0.33484706 0.26619702
0.57623944 0.3275706  0.2588195 
0.57188495 0.32029604 0.25149608
0.56750101 0.3130184  0.24422339
0.56308423 0.30573844 0.23700064
0.55863672 0.29845244 0.22982643
0.55416037 0.29115657 0.22269977
0.54964508 0.28385604 0.21562994
0.54509777 0.27654289 0.2086119 
0.54050913 0.26922156 0.20165643
0.53587947 0.26188905 0.19476371
0.53121033 0.25454117 0.18793155
0.5265     0.24717598 0.18116277
0.52174354 0.23979416 0.17446288
0.51694669 0.23238665 0.16782916
0.51209906 0.22495863 0.16127183
0.50720433 0.21750211 0.15479033
0.50226035 0.210014   0.148389  
0.4972601  0.20249542 0.14208027
0.49220289 0.19494127 0.13586738
0.4870882  0.18734567 0.12975274
0.48191586 0.17970122 0.1237411 
0.47668227 0.17200342 0.11783989
0.47138193 0.16424859 0.11206613
0.46600769 0.15643464 0.1064356 
0.46056485 0.148544   0.10094267
0.45504029 0.14057869 0.09561781
0.44943053 0.13252845 0.09047227
0.44373507 0.12437593 0.08551918
0.43793822 0.11612325 0.08078518
0.43204269 0.10774208 0.07628519
0.4260378  0.09922166 0.07202907
0.41987844 0.09059831 0.06816836
0.41342141 0.08209221 0.06509825
0.40597836 0.07512131 0.06364926
0.397225   0.07080822 0.06248046
0.38810602 0.06733663 0.06067051
0.37890589 0.06405797 0.05847235
0.36968222 0.06082447 0.05601784
0.36044384 0.05760058 0.0533925 
0.35119384 0.05436888 0.05063336
0.34193919 0.05110391 0.04776255
0.33268369 0.04778736 0.0447941 
0.32342386 0.04441713 0.04174031
0.31415954 0.04098315 0.0386004 
0.30488628 0.03749883 0.03550374
0.29558878 0.03414523 0.03250944
0.286278   0.03090085 0.0296311 
0.27695534 0.02775935 0.02687089
0.26761357 0.02473267 0.02423411
0.25825055 0.02182155 0.02172089
0.24886204 0.01903042 0.01933304
0.23944943 0.01635333 0.01706793
0.22999851 0.01381077 0.01493436
0.22050516 0.01140399 0.01293265
0.21096263 0.00913766 0.01106452
0.20137175 0.00700461 0.00932703
0.19171169 0.00502764 0.00772901
0.18197868 0.00320304 0.00626862
0.17216506 0.00153177 0.00494594
