0.00880976 0.06039671 0.24204078
0.01000877 0.06358692 0.24755032
0.01127693 0.06676052 0.25300306
0.01260551 0.0699012  0.25846331
0.01399349 0.07301024 0.26393456
0.01543952 0.07608835 0.26942165
0.01694353 0.07913816 0.2749217 
0.01850442 0.08216045 0.28043801
0.02012149 0.08515654 0.28597137
0.02179469 0.08812841 0.29151957
0.02352317 0.0910768  0.29708459
0.02530658 0.09400297 0.30266599
0.02714396 0.09690739 0.30826623
0.02903553 0.09979173 0.3138825 
0.03098082 0.10265674 0.31951546
0.03297906 0.10550284 0.32516677
0.03502994 0.10833084 0.33083633
0.0371331  0.11114142 0.33652431
0.03928667 0.11393601 0.34222915
0.04146356 0.11671517 0.3479521 
0.04360981 0.11947948 0.353693  
0.04573491 0.12222852 0.35945593
0.0478408  0.12496342 0.36523813
0.04992925 0.12768532 0.37103676
0.05199888 0.13039301 0.37685884
0.05405196 0.13308798 0.38269978
0.05608893 0.13577041 0.38856049
0.05810955 0.13844    0.39444385
0.06011575 0.14109803 0.40034588
0.06210649 0.14374363 0.40627177
0.06408357 0.14637799 0.4122177 
0.06604689 0.14900097 0.41818569
0.06799662 0.15161257 0.42417691
0.06993452 0.154214   0.43018726
0.07185845 0.15680357 0.43622528
0.073771   0.15938311 0.44228401
0.07567266 0.16195294 0.44836317
0.07756112 0.16451114 0.45447199
0.07943951 0.16706007 0.4606012 
0.08130755 0.16959937 0.46675319
0.08316446 0.17212834 0.47293185
0.0850109  0.17464743 0.4791361 
0.08684787 0.17715728 0.48536383
0.08867548 0.17965788 0.49161584
0.09049378 0.18214917 0.49789309
0.09230183 0.18463028 0.50419998
0.09410129 0.18710243 0.51053186
0.09589224 0.18956557 0.51688953
0.09767495 0.19201981 0.52327314
0.09944956 0.19446514 0.5296832 
0.10121619 0.19690154 0.53612033
0.1029745  0.19932858 0.54258683
0.10472498 0.20174655 0.54908192
0.10646812 0.20415572 0.5556049 
0.10820407 0.20655607 0.5621562 
0.10993302 0.20894762 0.56873613
0.11165515 0.21133041 0.57534495
0.11337077 0.21370454 0.58198252
0.11507982 0.21606981 0.58865001
0.1167825  0.2184262  0.59534777
0.11847911 0.22077386 0.60207547
0.12016982 0.22311277 0.60883348
0.1218546  0.22544269 0.61562295
0.12353388 0.22776389 0.62244309
0.12520767 0.23007614 0.62929491
0.12687605 0.23237935 0.63617908
0.12853956 0.23467386 0.64309431
0.1301978  0.23695902 0.65004338
0.13180843 0.23925161 0.6570014 
0.13333925 0.24155354 0.66398516
0.13478075 0.24386722 0.67099393
0.1361206  0.24619442 0.6780308 
0.13734557 0.24854072 0.68508696
0.13843236 0.25091831 0.69213902
0.13936714 0.2533249  0.69920354
0.14012748 0.25576663 0.70627514
0.1406706  0.25826422 0.71331466
0.14096337 0.26082565 0.72031608
0.14095135 0.26347568 0.72723211
0.14057675 0.26623237 0.73403613
0.13976482 0.26913867 0.7406286 
0.13844226 0.2722405  0.74689268
0.13656739 0.2755867  0.75267341
0.13416447 0.27921443 0.75780362
0.13136069 0.28312615 0.76216149
0.12834551 0.28728654 0.76571653
0.12530555 0.29163478 0.76853675
0.12236865 0.29610745 0.77074787
0.11960852 0.30065077 0.77248656
0.11706932 0.30522202 0.77387832
0.11474836 0.3098106  0.77496702
0.11266162 0.31438397 0.77586765
0.11079651 0.31894697 0.77657853
0.10915744 0.32347969 0.7771797 
0.10774148 0.32797993 0.77769144
0.10653281 0.33245481 0.77810406
0.10553315 0.33689571 0.77845843
0.104738   0.34130177 0.7787691 
0.10414232 0.34567339 0.77904526
0.10374383 0.35001039 0.77929666
0.10353046 0.35431523 0.77952608
0.10350641 0.35858611 0.77974581
0.10365771 0.36282599 0.77995591
0.10398361 0.36703434 0.7801647 
0.10447724 0.37121317 0.78037181
0.10512995 0.37536689 0.78056653
0.10593763 0.37949229 0.78076858
0.10689415 0.38359001 0.78098184
0.10799303 0.38766076 0.78120972
0.10922749 0.39170582 0.78145282
0.1105907  0.39573227 0.78168443
0.11207655 0.39973415 0.78193721
0.1136781  0.40371223 0.78221339
0.11538889 0.40767003 0.78250165
0.11720319 0.41161102 0.78278991
0.11911378 0.41553053 0.78310583
0.12111621 0.41942997 0.78344674
0.12320655 0.42331633 0.78378165
0.12537542 0.42718332 0.78414775
0.12761855 0.43103371 0.78453504
0.12993507 0.43487182 0.78492331
0.13229883 0.43869481 0.78534209
0.13470463 0.4425041  0.78578864
0.13714778 0.44630105 0.78626015
0.13961875 0.45008763 0.78675311
0.14212945 0.4538617  0.78727381
0.14466795 0.45762594 0.78781626
0.14722968 0.46138137 0.78837915
0.52522067 0.43078967 0.094313  
0.52824628 0.4339023  0.09465863
0.53127457 0.43701984 0.09499572
0.53430559 0.44014237 0.09532299
0.53733936 0.44326999 0.09563923
0.54037591 0.44640279 0.09594386
0.54341533 0.44954075 0.0962378 
0.54645768 0.45268386 0.09652347
0.54950298 0.45583226 0.09679797
0.55255126 0.45898604 0.09706061
0.55560259 0.46214519 0.09731207
0.55865698 0.46530982 0.09755168
0.56171457 0.46847983 0.09778312
0.56477532 0.47165541 0.09800237
0.56783929 0.4748366  0.09820991
0.57090652 0.47802347 0.09840506
0.57397706 0.48121604 0.09858827
0.577051   0.48441429 0.09876179
0.58012833 0.48761835 0.09892361
0.58320912 0.49082827 0.09907325
0.58629337 0.49404412 0.09920996
0.58938117 0.49726595 0.09933422
0.59247253 0.5004938  0.09944561
0.59556752 0.50372767 0.09954619
0.59866619 0.50696764 0.09963488
0.60176856 0.51021379 0.09971032
0.60487465 0.5134662  0.09977212
0.60798453 0.51672489 0.09982072
0.61109823 0.51998992 0.09985586
0.61421578 0.52326137 0.09987694
0.61733726 0.5265392  0.09988609
0.62046269 0.52982352 0.09988222
0.6235921  0.53311439 0.09986411
0.62672552 0.53641189 0.09983142
0.629863   0.53971605 0.09978423
0.63300458 0.54302693 0.09972232
0.63615029 0.54634459 0.09964562
0.63930017 0.54966908 0.0995537 
0.64245425 0.55300047 0.09944638
0.64561259 0.55633877 0.09932448
0.64877523 0.55968405 0.09918797
0.65194219 0.56303637 0.09903554
0.6551135  0.56639581 0.09886694
0.6582892  0.56976241 0.0986819 
0.66146932 0.57313625 0.09848   
0.6646539  0.57651737 0.09826111
0.66784298 0.57990583 0.098025  
0.67103658 0.5833017  0.09777136
0.67423474 0.58670501 0.09749993
0.6774375  0.59011584 0.09721043
0.68064488 0.59353426 0.09690228
0.68385691 0.59696031 0.09657535
0.68707363 0.60039405 0.09622931
0.69029508 0.60383554 0.09586382
0.69352127 0.60728485 0.09547851
0.69675225 0.61074204 0.09507301
0.69998804 0.61420716 0.09464685
0.70322868 0.61768028 0.09419968
0.70647417 0.62116146 0.09373098
0.70972455 0.62465078 0.09323991
0.71297985 0.62814829 0.09272627
0.71624011 0.63165404 0.09218969
0.71950534 0.63516812 0.09162967
0.72277555 0.63869058 0.09104518
0.72605079 0.6422215  0.0904357 
0.72933107 0.64576093 0.08980098
0.73261641 0.64930896 0.08913968
0.73590353 0.65286703 0.08845834
0.73919042 0.65643603 0.08776285
0.74247683 0.66001615 0.0870519 
0.74576255 0.6636075  0.08632854
0.74904706 0.66721035 0.08559578
0.75233056 0.67082471 0.08485054
0.75561275 0.67445081 0.08409141
0.75889351 0.67808873 0.08332055
0.76217254 0.6817387  0.08253678
0.76544963 0.68540085 0.0817412 
0.76872409 0.68907545 0.08094123
0.77199572 0.69276269 0.08013653
0.77526453 0.69646267 0.07932207
0.77853026 0.70017557 0.07849925
0.78179262 0.70390158 0.07766874
0.7850502  0.70764114 0.07684869
0.78830367 0.71139424 0.07602414
0.79155267 0.71516108 0.07519613
0.79479633 0.71894201 0.07437425
0.79803392 0.72273731 0.07356601
0.80126578 0.72654706 0.07276015
0.80449094 0.73037161 0.07196753
0.80770842 0.73421135 0.07119915
0.81091874 0.73806628 0.07044124
0.81412009 0.74193697 0.06971851
0.81731259 0.74582358 0.06902108
0.8204955  0.74972639 0.06835792
0.82366761 0.75364587 0.06774257
0.82682889 0.75758218 0.06716643
0.82997763 0.76153587 0.06665626
0.83311391 0.76550709 0.06620115
0.83623599 0.76949644 0.06582267
0.83934333 0.77350419 0.06552463
0.84243526 0.77753067 0.06530953
0.84550949 0.78157659 0.06521118
0.84856617 0.7856421  0.06521417
0.85160367 0.78972776 0.06533885
0.85462009 0.79383414 0.06561477
0.85761481 0.79796163 0.0660328 
0.86058661 0.80211061 0.06661084
0.86353368 0.80628173 0.06736231
0.86645406 0.81047554 0.06831588
0.86934674 0.81469243 0.06947378
0.87221013 0.81893291 0.07084839
0.87504241 0.82319757 0.07245259
0.87786213 0.82747998 0.07414305
0.88068511 0.8317746  0.07581677
0.88351144 0.83608149 0.0774748 
0.8863419  0.84040037 0.07912164
0.88917621 0.84473147 0.08075617
0.89201285 0.84907562 0.08237099
0.89485455 0.85343162 0.08398037
0.89769878 0.85780076 0.08557179
0.90054649 0.8621827  0.0871504 
0.90339806 0.86657735 0.08871835
0.9062528  0.87098515 0.09027251
0.90911046 0.87540631 0.09181191
0.9119705  0.87984117 0.09333426
0.9148323  0.88429013 0.09483688
0.91769339 0.88875442 0.0963084 
0.92052909 0.89324548 0.09763257
