7.88526153e-02 1.83808500e-01 2.94483779e-01
8.06250301e-02 1.88866859e-01 2.98167179e-01
8.24966557e-02 1.93883478e-01 3.01891757e-01
8.43660384e-02 1.98882144e-01 3.05630453e-01
8.62087242e-02 2.03869255e-01 3.09377242e-01
8.80518393e-02 2.08840303e-01 3.13138452e-01
8.98374357e-02 2.13808160e-01 3.16900969e-01
9.16176843e-02 2.18763117e-01 3.20676652e-01
9.33656766e-02 2.23711482e-01 3.24459634e-01
9.50808324e-02 2.28654136e-01 3.28249988e-01
9.67616254e-02 2.33592097e-01 3.32047590e-01
9.84011708e-02 2.38527337e-01 3.35851316e-01
9.99984898e-02 2.43460629e-01 3.39661253e-01
1.01559697e-01 2.48391409e-01 3.43478720e-01
1.03079872e-01 2.53321140e-01 3.47302990e-01
1.04557320e-01 2.58250636e-01 3.51133949e-01
1.05995385e-01 2.63179785e-01 3.54972296e-01
1.07401915e-01 2.68107699e-01 3.58819333e-01
1.08745693e-01 2.73040246e-01 3.62670332e-01
1.10037396e-01 2.77975895e-01 3.66527224e-01
1.11281574e-01 2.82914223e-01 3.70390842e-01
1.12500177e-01 2.87851961e-01 3.74264282e-01
1.13633655e-01 2.92799272e-01 3.78139498e-01
1.14716355e-01 2.97750718e-01 3.82021418e-01
1.15771096e-01 3.02702974e-01 3.85912947e-01
1.16736608e-01 3.07666023e-01 3.89806543e-01
1.17754672e-01 3.12622225e-01 3.93686605e-01
1.18715743e-01 3.17588482e-01 3.97544096e-01
1.19751209e-01 3.22548212e-01 4.01369955e-01
1.20790273e-01 3.27511484e-01 4.05165426e-01
1.21822883e-01 3.32480180e-01 4.08929202e-01
1.22878609e-01 3.37451334e-01 4.12656252e-01
1.24056423e-01 3.42413833e-01 4.16334864e-01
1.25281232e-01 3.47378052e-01 4.19965677e-01
1.26593781e-01 3.52339745e-01 4.23543738e-01
1.28024372e-01 3.57296570e-01 4.27060272e-01
1.29607138e-01 3.62245991e-01 4.30504165e-01
1.31395757e-01 3.67182791e-01 4.33865647e-01
1.33446144e-01 3.72101779e-01 4.37131804e-01
1.35820988e-01 3.76997102e-01 4.40286335e-01
1.38604445e-01 3.81859499e-01 4.43315486e-01
1.41883870e-01 3.86679128e-01 4.46201458e-01
1.45903810e-01 3.91425457e-01 4.48919114e-01
1.50689934e-01 3.96091726e-01 4.51464845e-01
1.56422431e-01 4.00647301e-01 4.53844278e-01
1.63130561e-01 4.05075067e-01 4.56092290e-01
1.70798282e-01 4.09359220e-01 4.58265696e-01
1.79134418e-01 4.13521314e-01 4.60442005e-01
1.88037111e-01 4.17561969e-01 4.62665813e-01
1.97166667e-01 4.21522662e-01 4.64979568e-01
2.06385586e-01 4.25421768e-01 4.67399019e-01
2.15673117e-01 4.29263777e-01 4.69910684e-01
2.24877225e-01 4.33075161e-01 4.72523982e-01
2.33983935e-01 4.36862559e-01 4.75226159e-01
2.42978839e-01 4.40632432e-01 4.78009350e-01
2.51832766e-01 4.44396489e-01 4.80847569e-01
2.60524275e-01 4.48165773e-01 4.83711648e-01
2.69068572e-01 4.51940745e-01 4.86601022e-01
2.77475148e-01 4.55722490e-01 4.89516698e-01
2.85758413e-01 4.59510974e-01 4.92457112e-01
2.93937536e-01 4.63304843e-01 4.95419251e-01
3.02017708e-01 4.67105150e-01 4.98403711e-01
3.09998605e-01 4.70913871e-01 5.01413167e-01
3.17890004e-01 4.74730916e-01 5.04446245e-01
3.25700144e-01 4.78556299e-01 5.07501911e-01
3.33428847e-01 4.82391579e-01 5.10582587e-01
3.41098714e-01 4.86233367e-01 5.13682117e-01
3.48704856e-01 4.90084017e-01 5.16803439e-01
3.56245145e-01 4.93945290e-01 5.19948717e-01
3.63726836e-01 4.97816832e-01 5.23116357e-01
3.71156546e-01 5.01698184e-01 5.26305969e-01
3.78545881e-01 5.05587709e-01 5.29514051e-01
3.85881831e-01 5.09489464e-01 5.32746449e-01
3.93170623e-01 5.13403018e-01 5.36001555e-01
4.00427507e-01 5.17325489e-01 5.39275344e-01
4.07645598e-01 5.21259430e-01 5.42570937e-01
4.14824218e-01 5.25205922e-01 5.45888946e-01
4.21968009e-01 5.29164515e-01 5.49229341e-01
4.29088491e-01 5.33133051e-01 5.52587985e-01
4.36172976e-01 5.37115559e-01 5.55970246e-01
4.43228123e-01 5.41110990e-01 5.59374749e-01
4.50265842e-01 5.45116859e-01 5.62797349e-01
4.57272208e-01 5.49137575e-01 5.66243781e-01
4.64255761e-01 5.53171429e-01 5.69711927e-01
4.71223032e-01 5.57217261e-01 5.73199465e-01
4.78163177e-01 5.61278700e-01 5.76710932e-01
4.85090588e-01 5.65352242e-01 5.80241859e-01
4.91997761e-01 5.69440581e-01 5.83795401e-01
4.98882602e-01 5.73544917e-01 5.87372679e-01
5.05763939e-01 5.77660308e-01 5.90967092e-01
5.12621671e-01 5.81793117e-01 5.94586824e-01
5.19467906e-01 5.85940300e-01 5.98227876e-01
5.26302696e-01 5.90102352e-01 6.01890408e-01
5.33119295e-01 5.94281793e-01 6.05577470e-01
5.39935581e-01 5.98473694e-01 6.09282587e-01
5.46732603e-01 6.02684268e-01 6.13013526e-01
5.53525087e-01 6.06909461e-01 6.16765190e-01
5.60305284e-01 6.11152120e-01 6.20540833e-01
5.67076565e-01 6.15411659e-01 6.24339501e-01
5.73843820e-01 6.19686978e-01 6.28159656e-01
5.80621868e-01 6.23974152e-01 6.31992273e-01
5.87370924e-01 6.28285712e-01 6.35858172e-01
5.94130727e-01 6.32610029e-01 6.39736381e-01
6.00874285e-01 6.36955715e-01 6.43642092e-01
6.07616309e-01 6.41318669e-01 6.47567804e-01
6.14359866e-01 6.45698308e-01 6.51512307e-01
6.21079318e-01 6.50103005e-01 6.55490291e-01
6.27810086e-01 6.54522106e-01 6.59482648e-01
6.34536083e-01 6.58960998e-01 6.63498767e-01
6.41243910e-01 6.63424321e-01 6.67546668e-01
6.47961364e-01 6.67903646e-01 6.71611256e-01
6.54678796e-01 6.72402382e-01 6.75698386e-01
6.61377229e-01 6.76927000e-01 6.79819288e-01
6.68075457e-01 6.81471858e-01 6.83963821e-01
6.74776869e-01 6.86036213e-01 6.88130500e-01
6.81474118e-01 6.90622806e-01 6.92323968e-01
6.88169825e-01 6.95231149e-01 6.96543187e-01
6.94854240e-01 6.99864813e-01 7.00794237e-01
7.01534332e-01 7.04521895e-01 7.05073589e-01
7.08210293e-01 7.09202702e-01 7.09381596e-01
7.14881260e-01 7.13907891e-01 7.13719219e-01
7.21543598e-01 7.18639048e-01 7.18089044e-01
7.28191640e-01 7.23398454e-01 7.22494864e-01
7.34828166e-01 7.28185578e-01 7.26935547e-01
7.41457993e-01 7.32999183e-01 7.31408746e-01
7.48058340e-01 7.37847350e-01 7.35928345e-01
7.54628516e-01 7.42730753e-01 7.40495298e-01
7.61106553e-01 7.47631152e-01 7.45099599e-01
7.56545832e-01 7.42152140e-01 7.38657469e-01
7.51874827e-01 7.36788616e-01 7.31382059e-01
7.47267488e-01 7.31438915e-01 7.24001361e-01
7.42715079e-01 7.26103602e-01 7.16539175e-01
7.38206484e-01 7.20783548e-01 7.09026075e-01
7.33736886e-01 7.15478959e-01 7.01474829e-01
7.29297030e-01 7.10190580e-01 6.93910812e-01
7.24892646e-01 7.04917446e-01 6.86316909e-01
7.20520196e-01 6.99659659e-01 6.78702295e-01
7.16173804e-01 6.94417626e-01 6.71082809e-01
7.11855573e-01 6.89190809e-01 6.63451635e-01
7.07564367e-01 6.83979057e-01 6.55811154e-01
7.03299193e-01 6.78782208e-01 6.48163349e-01
6.99059168e-01 6.73600091e-01 6.40509894e-01
6.94843492e-01 6.68432526e-01 6.32852223e-01
6.90651437e-01 6.63279331e-01 6.25191577e-01
6.86482327e-01 6.58140319e-01 6.17529042e-01
6.82335534e-01 6.53015298e-01 6.09865574e-01
6.78209572e-01 6.47904200e-01 6.02204582e-01
6.74102177e-01 6.42807074e-01 5.94551716e-01
6.70017685e-01 6.37723049e-01 5.86893723e-01
6.65962849e-01 6.32648307e-01 5.79237130e-01
6.61933802e-01 6.27583746e-01 5.71585578e-01
6.57929231e-01 6.22529378e-01 5.63940911e-01
6.53947870e-01 6.17485218e-01 5.56304844e-01
6.49998481e-01 6.12448861e-01 5.48659700e-01
6.46071073e-01 6.07422441e-01 5.41023607e-01
6.42164443e-01 6.02405991e-01 5.33397885e-01
6.38281455e-01 5.97398559e-01 5.25775841e-01
6.34424410e-01 5.92399169e-01 5.18153274e-01
6.30586808e-01 5.87409325e-01 5.10539981e-01
6.26765657e-01 5.82429363e-01 5.02942569e-01
6.22973548e-01 5.77455862e-01 4.95334913e-01
6.19198120e-01 5.72491739e-01 4.87739435e-01
6.15436404e-01 5.67537364e-01 4.80162565e-01
6.11702213e-01 5.62588953e-01 4.72575292e-01
6.07982864e-01 5.57649555e-01 4.65001049e-01
6.04276282e-01 5.52719334e-01 4.57444470e-01
6.00594730e-01 5.47794802e-01 4.49879571e-01
5.96925133e-01 5.42879212e-01 4.42330641e-01
5.93271359e-01 5.37971189e-01 4.34789737e-01
5.89635903e-01 5.33069706e-01 4.27251449e-01
5.86010098e-01 5.28176962e-01 4.19730895e-01
5.82404557e-01 5.23289675e-01 4.12206347e-01
5.78810848e-01 5.18409921e-01 4.04693345e-01
5.75226844e-01 5.13537955e-01 3.97196082e-01
5.71661387e-01 5.08670997e-01 3.89695077e-01
5.68101962e-01 5.03812392e-01 3.82214085e-01
5.64560663e-01 4.98958288e-01 3.74727947e-01
5.61027209e-01 4.94111414e-01 3.67256084e-01
5.57504369e-01 4.89270638e-01 3.59792042e-01
5.53993435e-01 4.84435237e-01 3.52332298e-01
5.50487020e-01 4.79607210e-01 3.44890131e-01
5.46997396e-01 4.74782465e-01 3.37439309e-01
5.43509000e-01 4.69965522e-01 3.30010314e-01
5.40035832e-01 4.65151686e-01 3.22573089e-01
5.36565044e-01 4.60344699e-01 3.15152684e-01
5.33104656e-01 4.55541696e-01 3.07731053e-01
5.29649115e-01 4.50744143e-01 3.00318204e-01
5.26199673e-01 4.45951320e-01 2.92909988e-01
5.22756496e-01 4.41162836e-01 2.85504550e-01
5.19315949e-01 4.36379606e-01 2.78107553e-01
5.15883387e-01 4.31599503e-01 2.70705667e-01
5.12450410e-01 4.26825056e-01 2.63314932e-01
5.09026086e-01 4.22052825e-01 2.55913601e-01
5.05598840e-01 4.17286490e-01 2.48524591e-01
5.02180367e-01 4.12521626e-01 2.41119792e-01
4.98756975e-01 4.07762737e-01 2.33726830e-01
4.95341955e-01 4.03004739e-01 2.26313219e-01
4.91920504e-01 3.98252633e-01 2.18909133e-01
4.88506524e-01 3.93501006e-01 2.11479639e-01
4.85085059e-01 3.88755024e-01 2.04055275e-01
4.81669687e-01 3.84009277e-01 1.96600517e-01
4.78259020e-01 3.79264280e-01 1.89105929e-01
4.74847529e-01 3.74517442e-01 1.81656967e-01
4.71457974e-01 3.69763682e-01 1.74118094e-01
4.68066404e-01 3.65007168e-01 1.66627870e-01
4.64698436e-01 3.60241848e-01 1.59029820e-01
4.61328120e-01 3.55472571e-01 1.51477458e-01
4.57978075e-01 3.50693562e-01 1.43827929e-01
4.54637760e-01 3.45905926e-01 1.36149498e-01
4.51312367e-01 3.41107149e-01 1.28412094e-01
4.48007549e-01 3.36295351e-01 1.20557955e-01
4.44704172e-01 3.31474363e-01 1.12706784e-01
4.41428512e-01 3.26634405e-01 1.04714099e-01
4.38172776e-01 3.21777502e-01 9.65858511e-02
4.34939353e-01 3.16899815e-01 8.83320477e-02
4.31722024e-01 3.12002267e-01 7.99644259e-02
4.28543123e-01 3.07073652e-01 7.13638970e-02
4.25397218e-01 3.02113768e-01 6.25266875e-02
4.22290969e-01 2.97116326e-01 5.34062694e-02
4.19230932e-01 2.92074418e-01 4.39478162e-02
4.16221950e-01 2.86981269e-01 3.42788863e-02
4.13278300e-01 2.81824114e-01 2.54679665e-02
4.10362890e-01 2.76613183e-01 1.79902149e-02
4.07457627e-01 2.71356230e-01 1.18100988e-02
4.04453509e-01 2.66108234e-01 7.27101610e-03
4.01264069e-01 2.60928367e-01 4.14768941e-03
3.97813219e-01 2.55869528e-01 2.31401080e-03
3.94127664e-01 2.50932043e-01 1.24243941e-03
3.90235091e-01 2.46105082e-01 7.61513432e-04
3.86174080e-01 2.41371785e-01 6.47784950e-04
3.81982963e-01 2.36712555e-01 7.52934515e-04
3.77686573e-01 2.32113841e-01 1.00504527e-03
3.73303033e-01 2.27565903e-01 1.34300346e-03
3.68842411e-01 2.23062286e-01 1.76322065e-03
3.64317530e-01 2.18594837e-01 2.24936225e-03
3.59739585e-01 2.14158424e-01 2.72707577e-03
3.55133499e-01 2.09734122e-01 3.23167887e-03
3.50518318e-01 2.05310561e-01 3.69303237e-03
3.45891584e-01 2.00889565e-01 4.09181281e-03
3.41255008e-01 1.96468191e-01 4.45487085e-03
3.36607849e-01 1.92046223e-01 4.78174498e-03
3.31948922e-01 1.87623930e-01 5.06775751e-03
3.27277808e-01 1.83200654e-01 5.31661835e-03
3.22593514e-01 1.78776364e-01 5.52643452e-03
3.17894935e-01 1.74351124e-01 5.69476001e-03
3.13182054e-01 1.69923652e-01 5.82995443e-03
3.08454142e-01 1.65493451e-01 5.93349171e-03
3.03710441e-01 1.61059991e-01 6.00686274e-03
2.98949189e-01 1.56623902e-01 6.04304274e-03
2.94170527e-01 1.52183434e-01 6.05233531e-03
2.89373245e-01 1.47738397e-01 6.03326784e-03
2.84558419e-01 1.43285653e-01 6.00356253e-03
2.79721064e-01 1.38829573e-01 5.93158915e-03
2.74864262e-01 1.34364272e-01 5.85166330e-03
2.69985040e-01 1.29891386e-01 5.74960813e-03
2.65081927e-01 1.25410561e-01 5.62418209e-03
