0.02847108 0.14103818 0.16545022
0.02992464 0.14423971 0.16932698
0.03147573 0.14742702 0.17316954
0.0330507  0.15060736 0.17700925
0.03465374 0.15378065 0.18084455
0.03627904 0.15694767 0.18467788
0.03792094 0.16010913 0.18851139
0.03957937 0.16326526 0.19234507
0.04123701 0.1664162  0.19617859
0.04286294 0.1695622  0.20001207
0.04446018 0.17270405 0.20384829
0.04603395 0.17584162 0.20768575
0.04758958 0.17897476 0.21152288
0.04911409 0.18210481 0.21536495
0.05062396 0.18523065 0.21920617
0.05210163 0.188354   0.22305348
0.05356426 0.19147366 0.22690079
0.05500327 0.19459057 0.23075163
0.05641729 0.19770506 0.23460685
0.05781207 0.20081687 0.23846456
0.05918702 0.20392626 0.24232526
0.06054026 0.20703356 0.24618993
0.0618683  0.21013925 0.25006014
0.06317653 0.21324308 0.25393409
0.06446495 0.21634521 0.25781201
0.06573275 0.21944588 0.26169441
0.06697988 0.22254526 0.26558152
0.0682059  0.22564354 0.26947372
0.06941201 0.22874077 0.27337072
0.07059725 0.23183718 0.27727308
0.07176088 0.23493297 0.28118123
0.07290555 0.23802807 0.28509434
0.07402796 0.24112287 0.28901381
0.07513157 0.24421723 0.29293847
0.07621357 0.24731149 0.29686953
0.07727593 0.25040561 0.30080636
0.07832201 0.2535     0.30474344
0.0793333  0.25659741 0.30867789
0.08029667 0.25969909 0.31261363
0.08121433 0.26280507 0.31654882
0.08208155 0.26591594 0.320484  
0.08289957 0.26903181 0.32441754
0.08366361 0.27215327 0.32834976
0.08437438 0.27528046 0.33227904
0.08502935 0.27841379 0.33620471
0.08562427 0.28155381 0.3401265 
0.08615907 0.28470072 0.34404272
0.08663084 0.28785496 0.34795244
0.08703695 0.29101694 0.35185449
0.08737482 0.29418705 0.35574754
0.08764193 0.2973657  0.35963012
0.08783542 0.30055328 0.36350067
0.08795862 0.30375016 0.36735246
0.08800701 0.30695664 0.37118589
0.08797543 0.3101732  0.37500071
0.08786425 0.31339994 0.37879413
0.0876836  0.31663713 0.38255393
0.0874238  0.31988487 0.38628613
0.08708938 0.32314317 0.38998532
0.08669351 0.32641185 0.39364057
0.08622928 0.32969074 0.39725775
0.0857192  0.33297931 0.40082192
0.08516281 0.33627692 0.40433804
0.08458267 0.33958278 0.40779476
0.08398647 0.34289589 0.41119464
0.08339947 0.34621513 0.41452872
0.08283228 0.34953925 0.41780088
0.08231366 0.35286695 0.42100291
0.0818531  0.35619693 0.42414155
0.0814799  0.35952793 0.42720952
0.08120051 0.36285879 0.43021536
0.08103865 0.36618851 0.43315469
0.08100011 0.36951624 0.43603429
0.08109561 0.37284125 0.43885626
0.08133816 0.37616293 0.44162034
0.08171922 0.37948106 0.44433686
0.08225474 0.38279518 0.44700134
0.08293548 0.3861054  0.44962102
0.08375906 0.38941137 0.45220176
0.0847232  0.39271338 0.45474362
0.08582849 0.39601149 0.45724637
0.08706137 0.39930586 0.45971776
0.08841705 0.40259662 0.46216002
0.08988882 0.40588404 0.46457506
0.09147018 0.40916835 0.46696475
0.09315701 0.41244976 0.46932953
0.09494124 0.41572861 0.47167126
0.09679492 0.41900625 0.47399718
0.09862441 0.4222879  0.4763284 
0.10042186 0.42557455 0.47866313
0.10218794 0.42886629 0.48100135
0.10392326 0.43216319 0.48334308
0.10562841 0.43546534 0.48568833
0.10730386 0.43877282 0.4880371 
0.10894996 0.44208573 0.49038937
0.11056703 0.44540416 0.49274513
0.11215557 0.44872817 0.49510441
0.11371586 0.45205785 0.49746722
0.11524818 0.45539327 0.4998336 
0.11675268 0.45873451 0.50220371
0.11822963 0.46208166 0.50457735
0.11967912 0.46543482 0.5069545 
0.12110144 0.46879404 0.50933521
0.1224967  0.47215941 0.51171946
0.12386499 0.475531   0.51410727
0.12520637 0.4789089  0.51649864
0.12652093 0.48229318 0.51889357
0.12780866 0.48568391 0.52129208
0.12906955 0.48908117 0.52369431
0.13030357 0.49248501 0.52610031
0.13151067 0.49589555 0.5285099 
0.13269093 0.49931284 0.53092312
0.13384423 0.50273696 0.53333996
0.13497046 0.50616798 0.53576044
0.13606956 0.50960598 0.53818456
0.13714134 0.51305104 0.54061234
0.13818568 0.51650319 0.54304402
0.13920243 0.51996252 0.54547957
0.1401914  0.52342912 0.54791882
0.1411524  0.52690305 0.5503618 
0.14208522 0.5303844  0.55280851
0.14298962 0.53387322 0.55525898
0.14386536 0.5373696  0.55771323
0.14471213 0.54087356 0.56017165
0.14552967 0.54438521 0.56263397
0.14631767 0.54790462 0.56510013
0.14707581 0.55143186 0.56757014
0.14780376 0.554967   0.57004405
0.14850106 0.55851012 0.57252185
0.14916745 0.56206123 0.57500406
0.14980245 0.56562045 0.57749028
0.15040554 0.56918785 0.57998048
0.15097637 0.57276351 0.58247469
0.15151434 0.57634749 0.58497294
0.15201911 0.57993982 0.58747556
0.15249011 0.58354058 0.58998257
0.15292677 0.58714987 0.59249372
0.15332844 0.59076775 0.59500904
0.15369459 0.5943943  0.59752856
0.15402445 0.59802955 0.6000527 
0.15431737 0.60167358 0.60258134
0.15457271 0.60532648 0.60511431
0.15478969 0.60898833 0.60765163
0.15496539 0.6126594  0.61019286
0.15518256 0.61633447 0.61272512
0.15543758 0.62001412 0.61524665
0.15573405 0.6236982  0.61775721
0.15607912 0.62738631 0.62025637
0.15649066 0.63107733 0.62274286
0.15695543 0.63477231 0.62521745
0.15747664 0.63847116 0.6276798 
0.15808061 0.64217213 0.63012839
0.1587539  0.64587629 0.63256396
0.15949575 0.64958382 0.63498623
0.1603408  0.65329236 0.63739357
0.16126507 0.65700371 0.63978707
0.16228446 0.66071684 0.64216572
0.16341186 0.66443089 0.64452905
0.16463243 0.66814698 0.64687765
0.16598414 0.67186246 0.6492096 
0.16743666 0.67557951 0.65152638
0.16902784 0.67929542 0.65382628
0.17073405 0.68301185 0.65611038
0.17258765 0.68672643 0.6583773 
0.17456584 0.69044071 0.66062811
0.1767039  0.69415202 0.66286136
0.17897349 0.69786227 0.66507847
0.18141209 0.70156851 0.66727801
0.18399524 0.70527233 0.66946129
0.18674094 0.7089721  0.67162782
0.18965108 0.71266738 0.67377789
0.19271312 0.71635879 0.67591235
0.19595644 0.72004366 0.67803048
0.19935733 0.72372338 0.68013387
0.20291763 0.72739738 0.682223  
0.20665736 0.73106353 0.68429759
0.21055246 0.73472323 0.68635952
0.21460311 0.73837593 0.68840951
0.2188272  0.74201952 0.6904476 
0.22319959 0.74565551 0.69247584
0.22771674 0.74928361 0.69449528
0.23239199 0.752902   0.69650632
0.23720575 0.75651176 0.69851085
0.24214906 0.7601131  0.70051032
0.24722692 0.76370494 0.70250553
0.2524313  0.76728746 0.70449711
0.25778802 0.77085788 0.70648069
0.26336248 0.7744082  0.70846131
0.26920836 0.77793112 0.71044404
0.27539048 0.7814175  0.71243512
0.28198597 0.78485586 0.71444369
0.28910035 0.78822943 0.71649145
0.29683448 0.79151887 0.71861834
0.30524898 0.79470547 0.7208925 
0.31424625 0.7977875  0.72339509
0.32355527 0.80078829 0.72618313
0.33287538 0.80374403 0.72925618
0.34200772 0.80668564 0.73256873
0.35089242 0.80962758 0.73607682
0.35950063 0.81258154 0.73972727
0.36785397 0.81554996 0.74349137
0.37597803 0.81853376 0.74734659
0.38389508 0.82153355 0.75127517
0.3916232  0.82454991 0.75526284
0.39919111 0.82758062 0.75930496
0.40660825 0.83062671 0.76339095
0.41389128 0.83368731 0.76751635
0.42105043 0.83676258 0.77167511
0.42810458 0.83985037 0.77586882
0.43505435 0.84295238 0.78008882
0.44190697 0.84606853 0.78433318
0.44868023 0.84919628 0.78860523
0.45537475 0.85233675 0.79289999
0.46199494 0.85549011 0.79721531
0.46854704 0.85865598 0.80155047
0.47503638 0.86183409 0.80590475
0.48146522 0.86502477 0.8102768 
0.4878399  0.86822739 0.8146666 
0.49416457 0.87144175 0.81907367
0.50043909 0.87466852 0.82349648
0.50667046 0.87790677 0.82793566
0.51286276 0.88115613 0.83239123
0.51903902 0.88441244 0.83686321
0.5251913  0.88767834 0.84134349
0.5313187  0.8909544  0.84583148
0.53742459 0.89424019 0.85032798
0.54350785 0.89753631 0.85483235
0.54957108 0.90084247 0.85934518
0.55561481 0.90415887 0.86386641
0.56163965 0.90748567 0.868396  
0.56764681 0.9108229  0.87293414
0.57363769 0.91417049 0.8774811 
0.57961327 0.9175285  0.88203701
0.58557483 0.92089689 0.88660214
0.59151762 0.92427714 0.89117467
0.59744728 0.92766811 0.89575637
0.60336568 0.93106957 0.90034774
0.60927376 0.93448154 0.90494897
0.61516747 0.93790533 0.90955851
0.62104963 0.94134047 0.91417721
0.626925   0.94478594 0.91880664
0.63278656 0.94824385 0.9234442 
0.63864243 0.95171227 0.92809267
0.64448737 0.95519285 0.93275009
0.65032828 0.95868394 0.93741886
0.65615681 0.96218806 0.94209585
0.66198053 0.96570337 0.94678375
0.66779962 0.96923001 0.95148257
0.67361271 0.97276859 0.95619173
0.67942073 0.97631907 0.96091153
0.68522613 0.97988096 0.96564284
0.69102771 0.98345481 0.97038515
0.69682842 0.98703996 0.97513957
0.70262986 0.99063616 0.97990668
0.70843893 0.99424155 0.98468914
0.71431303 0.99783937 0.98950925
