0.01050985 0.1088284  0.14562666
0.01138233 0.11203469 0.15049267
0.01229951 0.11522651 0.15532984
0.01322515 0.11840625 0.16017449
0.01415619 0.12157449 0.16502885
0.01508852 0.1247318  0.16989592
0.01601881 0.12787868 0.17477778
0.01694784 0.13101543 0.17967278
0.01787142 0.13414253 0.18458366
0.01878732 0.13726037 0.18951133
0.01969376 0.14036929 0.19445629
0.02059086 0.14346954 0.1994175 
0.02147446 0.14656151 0.20439735
0.02234469 0.14964544 0.20939483
0.02319624 0.15272171 0.21441305
0.02393664 0.15580598 0.2194263 
0.02433597 0.15892614 0.22444055
0.02426824 0.16209821 0.22943715
0.02357957 0.16534657 0.23435423
0.02214908 0.1686995  0.23906452
0.02011827 0.17216724 0.24334175
0.01803237 0.17570759 0.2470117 
0.01636638 0.17925923 0.25012814
0.01522594 0.18279103 0.25285143
0.01454339 0.18629614 0.25530886
0.01423215 0.18977397 0.25759337
0.01421839 0.19322836 0.25975049
0.01444831 0.19666181 0.26181652
0.01488389 0.20007682 0.26381258
0.01549377 0.20347566 0.26575451
0.01625391 0.2068603  0.26765303
0.01714629 0.21023314 0.26950976
0.01815739 0.21359394 0.27134255
0.01927299 0.21694558 0.27314443
0.02048373 0.22028755 0.2749308 
0.02178029 0.22362254 0.27669113
0.02315551 0.22695002 0.27843848
0.02460263 0.23027091 0.28017375
0.02611351 0.23358691 0.28189162
0.02768365 0.23689811 0.28359733
0.0293095  0.24020477 0.28529375
0.03098427 0.24350777 0.28698045
0.03270507 0.24680749 0.28865835
0.03446575 0.25010471 0.290327  
0.0362647  0.25339961 0.2919876 
0.03809611 0.25669289 0.29363965
0.03995502 0.25998512 0.29528289
0.04184121 0.26327404 0.29691413
0.04372995 0.26656021 0.29853244
0.04562485 0.26984395 0.30013829
0.04752313 0.27312562 0.30173206
0.04942204 0.27640557 0.30331395
0.05131931 0.27968412 0.30488423
0.05321289 0.28296158 0.30644311
0.05510119 0.28623823 0.30799087
0.05698253 0.28951437 0.30952765
0.0588554  0.29279028 0.31105355
0.06071938 0.29606611 0.31256908
0.0625726  0.29934222 0.31407397
0.06441643 0.30261896 0.31556532
0.06624972 0.30589643 0.31704473
0.06806987 0.30917487 0.3185135 
0.06987577 0.31245457 0.3199714 
0.07166899 0.31573543 0.32141957
0.07344669 0.31901797 0.32285675
0.0752135  0.32230239 0.32427857
0.076965   0.32558886 0.32568848
0.07870211 0.32887726 0.3270883 
0.08042265 0.33216804 0.3284769 
0.08212918 0.33546117 0.32985367
0.08382271 0.33875715 0.33121384
0.08549995 0.34205588 0.33256279
0.08716219 0.34535729 0.3339012 
0.08880913 0.34866174 0.33522706
0.09044285 0.35196969 0.33653465
0.09206196 0.35528066 0.33783149
0.0936655  0.35859492 0.33911687
0.09525502 0.36191288 0.34038606
0.09683153 0.36523452 0.34163935
0.09839363 0.36855965 0.34288119
0.09994136 0.37188849 0.34411037
0.10147761 0.37522159 0.34531884
0.10299956 0.37855853 0.34651513
0.10450816 0.38189928 0.34769955
0.10600583 0.38524455 0.34886273
0.10749099 0.38859387 0.35001246
0.10896388 0.39194716 0.3511501 
0.110426   0.39530526 0.35226591
0.11187705 0.39866756 0.35336751
0.11331652 0.40203408 0.35445646
0.11474668 0.40540558 0.35552222
0.11616657 0.40878142 0.35657415
0.11757629 0.41216165 0.35761225
0.1189779  0.41554703 0.35862627
0.12036996 0.41893682 0.3596272 
0.12175396 0.4223313  0.36061087
0.12312994 0.42573091 0.36157283
0.12449834 0.42913491 0.36252201
0.12585965 0.43254416 0.36344835
0.1272142  0.43595822 0.36435753
0.12856231 0.43937693 0.36525184
0.12990461 0.44280118 0.36612032
0.13124189 0.44622988 0.36697608
0.13257386 0.44966392 0.36780936
0.13390148 0.45310295 0.36862373
0.13522449 0.45654682 0.3694224 
0.13654387 0.45999633 0.37019463
0.13785945 0.46345053 0.37095328
0.13917248 0.46691024 0.37168728
0.14048299 0.47037493 0.37240366
0.14179171 0.47384471 0.37310108
0.14309801 0.4773201  0.37377406
0.14440332 0.48080018 0.37443344
0.14570707 0.48428635 0.37506255
0.14701155 0.48777705 0.37567931
0.14831493 0.49127362 0.37626907
0.14961871 0.49477528 0.37684102
0.15092284 0.4982824  0.37739078
0.15222877 0.50179487 0.37791855
0.15353556 0.50531257 0.37842786
0.15484364 0.50883618 0.37890973
0.15615475 0.51236455 0.37937795
0.15746779 0.51589915 0.37981466
0.1587836  0.51943861 0.38023801
0.16010253 0.5229842  0.38063078
0.16142547 0.52653474 0.38100863
0.16275131 0.53009141 0.38135748
0.16408222 0.53365318 0.38168895
0.16541713 0.53722088 0.38199392
0.1667568  0.54079406 0.38227809
0.16810193 0.54437293 0.38253829
0.16945247 0.54795745 0.38277556
0.17080804 0.55154776 0.38298922
0.17217076 0.55514368 0.38317929
0.17353887 0.5587454  0.38334653
0.1749141  0.56235295 0.38348813
0.17629614 0.56596614 0.3836084 
0.17768481 0.56958544 0.3837009 
0.17908184 0.57321022 0.38377338
0.18048519 0.57684134 0.38381647
0.1818981  0.58047786 0.3838402 
0.1833177  0.5841208  0.38383401
0.18473821 0.58777078 0.38379768
0.1861913  0.59142408 0.38374035
0.18765702 0.59508334 0.3836526 
0.18915528 0.59874615 0.38354153
0.19066826 0.60241474 0.38340069
0.19221594 0.60608681 0.38323528
0.19377763 0.60976489 0.38303878
0.19538019 0.61344575 0.38281986
0.19699278 0.61713332 0.38256591
0.19865453 0.6208227  0.38229294
0.20032098 0.62451963 0.3819807 
0.2020452  0.62821743 0.38165158
0.20376864 0.63192354 0.38128049
0.20556011 0.63562937 0.38089511
0.20735217 0.63934351 0.38046627
0.20920563 0.64305822 0.3800206 
0.21107228 0.64677982 0.37953462
0.21298787 0.65050372 0.37902442
0.21493376 0.65423237 0.37848087
0.2169149  0.65796516 0.37790601
0.21894401 0.66170059 0.37730324
0.22099173 0.66544244 0.37665944
0.22310927 0.66918409 0.3759979 
0.2252409  0.67293285 0.3752915 
0.22743702 0.6766822  0.37456306
0.22966376 0.68043663 0.37379508
0.23193268 0.68419464 0.37299265
0.2342598  0.6879541  0.37216359
0.23660864 0.69171996 0.37128765
0.23903597 0.69548459 0.37039382
0.24149274 0.69925464 0.36945527
0.24399882 0.70302746 0.36848133
0.24656796 0.70680117 0.36747872
0.24916705 0.71058037 0.36642745
0.25184087 0.71435883 0.36535278
0.25456015 0.71814068 0.36423572
0.25731838 0.72192676 0.36307284
0.26016261 0.72571057 0.36188908
0.26304593 0.7294986  0.3606569 
0.26598126 0.7332891  0.35938192
0.26899736 0.73707792 0.35808061
0.27205806 0.74087023 0.35672953
0.27517637 0.74466418 0.35533456
0.27837807 0.74845591 0.35391253
0.28163017 0.75225026 0.35243958
0.28493782 0.75604641 0.35091818
0.28833932 0.75983861 0.34937316
0.29179716 0.76363246 0.34777602
0.29531398 0.7674275  0.34612733
0.29891593 0.77121968 0.34444452
0.3025942  0.77501023 0.34272007
0.30633767 0.77880078 0.34094416
0.31014903 0.78259094 0.33911493
0.31405806 0.78637581 0.33725598
0.31804345 0.79015866 0.33534828
0.32210325 0.79393973 0.33338738
0.32624005 0.79771842 0.33137516
0.33046991 0.80149206 0.32932073
0.33479398 0.80526017 0.32722599
0.33920217 0.80902439 0.32507665
0.34369679 0.81278398 0.32287683
0.34828106 0.81653835 0.32062453
0.35295828 0.82028671 0.3183203 
0.35774776 0.82402542 0.31598256
0.36263405 0.82775695 0.31359246
0.36761986 0.83148052 0.31115175
0.37270806 0.83519532 0.30866147
0.37790163 0.83890052 0.30612236
0.38320346 0.84259524 0.30353564
0.38861671 0.84627859 0.30090192
0.39414397 0.84994963 0.29822367
0.39978814 0.85360741 0.29550252
0.40555199 0.85725091 0.29274064
0.41143799 0.86087915 0.28994106
0.41744875 0.86449107 0.28710654
0.42358697 0.86808558 0.28423979
0.42985444 0.87166163 0.28134576
0.43625304 0.87521815 0.2784292 
0.44278426 0.87875407 0.2754957 
0.44945082 0.88226818 0.27254854
0.45625221 0.88575956 0.26959752
0.46318967 0.88922712 0.26664897
0.47026318 0.89266988 0.26371168
0.47747224 0.89608692 0.26079527
0.48481535 0.89947746 0.2579111 
0.49229398 0.9028401  0.25507371
0.49991524 0.90617183 0.25231783
0.50762266 0.90948403 0.24958206
0.51529656 0.91280164 0.24676157
0.52293923 0.91612468 0.24385329
0.53054749 0.919454   0.24086265
0.53812286 0.92278976 0.23778762
0.54567624 0.92613062 0.23460959
0.5532057  0.92947719 0.23133057
0.56070675 0.9328305  0.22795741
0.5681951  0.93618835 0.22445969
0.57565589 0.93955343 0.22086249
0.58310749 0.94292301 0.21712766
0.590535   0.94629983 0.21328059
0.59795719 0.94968101 0.20927868
0.60536055 0.95306908 0.20514416
0.61275292 0.95646295 0.20085421
0.62013919 0.95986201 0.19638969
0.62751721 0.96326684 0.19174572
0.63488748 0.96667758 0.18691017
0.64225169 0.97009414 0.18186589
0.64961257 0.97351623 0.17659025
0.65697703 0.97694275 0.17104513
0.66433065 0.9803766  0.16524797
0.67169139 0.98381457 0.15912028
0.67905935 0.9872568  0.15262518
0.68643281 0.99070375 0.14572361
0.69383007 0.99415197 0.13829497
0.70135546 0.99758072 0.12985567
