0.00627597 0.08977184 0.09770948
0.00756843 0.09311271 0.10141051
0.00895385 0.09643195 0.10507796
0.01040253 0.09973501 0.10873042
0.01191019 0.10302327 0.11237089
0.01347713 0.10629736 0.11599973
0.01510203 0.10955811 0.11961811
0.01678306 0.11280633 0.12322735
0.01852017 0.11604259 0.12682782
0.02031453 0.11926726 0.13041935
0.02216153 0.1224814  0.13400439
0.0240644  0.12568508 0.13758175
0.02602031 0.12887907 0.14115296
0.02803294 0.13206337 0.14471675
0.03009364 0.13523931 0.14827695
0.03220942 0.13840653 0.15183089
0.03437906 0.1415655  0.15537934
0.03659903 0.14471694 0.15892389
0.03886862 0.14786122 0.16246497
0.04117325 0.15099848 0.16600211
0.04344375 0.15412901 0.16953542
0.04568903 0.1572532  0.17306557
0.04791034 0.16037139 0.1765929 
0.05010884 0.16348385 0.1801177 
0.05228558 0.16659089 0.18364026
0.05444153 0.16969277 0.18716088
0.05657755 0.17278976 0.19067981
0.05869445 0.17588212 0.19419732
0.06079361 0.17897001 0.19771339
0.06287519 0.18205374 0.20122848
0.0649403  0.18513347 0.20474261
0.06698968 0.18820941 0.20825595
0.06902402 0.19128176 0.21176864
0.07104054 0.19435107 0.21528225
0.07304214 0.19741728 0.21879598
0.07503007 0.20048049 0.2223097 
0.07700495 0.20354087 0.22582349
0.0789674  0.20659857 0.22933743
0.08091764 0.20965378 0.23285176
0.08285092 0.21270723 0.23636882
0.08477308 0.21575848 0.23988643
0.08668466 0.21880766 0.24340465
0.08858615 0.2218549  0.24692354
0.09047264 0.22490093 0.25044548
0.09234627 0.22794654 0.25396226
0.09419865 0.23099275 0.25747847
0.09602995 0.23403977 0.26099405
0.09784014 0.23708802 0.26450686
0.09962939 0.24013756 0.26801787
0.10139784 0.24318845 0.27152801
0.10314558 0.24624087 0.27503718
0.10487257 0.24929506 0.27854466
0.10657881 0.2523514  0.28204873
0.10826451 0.25540976 0.28555148
0.10992971 0.25847032 0.28905276
0.11157447 0.26153323 0.29255241
0.1131988  0.26459872 0.29604966
0.1148027  0.2676671  0.29954298
0.11638613 0.27073831 0.30303422
0.11794929 0.27381247 0.30652314
0.11949229 0.27688971 0.31000949
0.12101524 0.27997017 0.31349305
0.12251797 0.28305411 0.31697272
0.12400073 0.28614168 0.32044792
0.12546373 0.28923283 0.32391964
0.12690691 0.29232771 0.32738771
0.12833051 0.29542642 0.33085183
0.1297348  0.29852904 0.33431168
0.13111965 0.30163572 0.3377671 
0.13248557 0.30474659 0.34121706
0.13383253 0.30786182 0.34466084
0.13516093 0.31098135 0.34809932
0.13647107 0.31410524 0.3515322 
0.13776317 0.31723357 0.35495921
0.13903766 0.3203664  0.35838004
0.14029479 0.32350381 0.36179441
0.14153506 0.32664582 0.36520203
0.14275878 0.32979249 0.36860262
0.14396647 0.33294391 0.37199544
0.14515854 0.33610018 0.3753797 
0.14633553 0.3392612  0.37875613
0.14749797 0.34242699 0.38212448
0.14864637 0.34559757 0.38548452
0.14978138 0.34877295 0.388836  
0.15090353 0.35195313 0.39217871
0.15201349 0.35513811 0.39551244
0.15311188 0.35832788 0.39883699
0.15419937 0.36152243 0.40215219
0.15527662 0.36472175 0.40545789
0.1563443  0.3679259  0.4087533 
0.15740307 0.37113487 0.41203814
0.15845372 0.37434855 0.41531307
0.15949683 0.37756693 0.41857802
0.16053329 0.38078994 0.42183291
0.16156362 0.38401759 0.4250777 
0.1625887  0.38724983 0.42831235
0.16360901 0.39048665 0.43153687
0.16462545 0.39372798 0.43475125
0.16563848 0.39697384 0.43795554
0.16664897 0.40022428 0.44114875
0.16765726 0.40347928 0.44433109
0.16866438 0.40673868 0.44750344
0.16967061 0.4100025  0.45066592
0.17067677 0.41327068 0.45381862
0.17168334 0.41654321 0.45696169
0.1726908  0.41982007 0.46009526
0.17370007 0.4231012  0.46321947
0.17471112 0.42638687 0.46633253
0.17572459 0.42967687 0.46943606
0.17674126 0.43297112 0.47253068
0.17776124 0.43626963 0.4756166 
0.17878498 0.4395724  0.47869403
0.17981311 0.44287939 0.48176318
0.1808458  0.44619082 0.4848225 
0.18188332 0.44950664 0.48787272
0.18292609 0.45282671 0.49091525
0.18397447 0.45615104 0.49395033
0.18502887 0.4594796  0.4969782 
0.18608808 0.46281273 0.49999796
0.18713477 0.4661514  0.50302319
0.18816992 0.46949555 0.50605349
0.18919352 0.47284525 0.50908892
0.19020556 0.47620055 0.5121295 
0.19120431 0.47956169 0.51517564
0.19218991 0.4829287  0.51822735
0.19316384 0.48630146 0.52128434
0.19412609 0.48968003 0.52434666
0.19507666 0.49306445 0.52741434
0.19601224 0.49645513 0.5304881 
0.1969358  0.49985181 0.53356736
0.19784752 0.50325449 0.53665211
0.19874739 0.50666323 0.53974239
0.19963351 0.51007828 0.54283863
0.20050584 0.5134997  0.54594086
0.20136614 0.51692733 0.54904875
0.20221438 0.52036123 0.55216234
0.20304954 0.52380154 0.55528186
0.20386955 0.52724855 0.55840776
0.2046773  0.53070197 0.56153949
0.20547277 0.53416185 0.56467709
0.20625542 0.53762831 0.5678207 
0.20702195 0.54110172 0.57097098
0.20777598 0.54458175 0.57412726
0.20851745 0.54806845 0.57728958
0.20924578 0.55156192 0.58045809
0.20995747 0.55506258 0.58363347
0.2106564  0.55857004 0.58681501
0.21134247 0.56208438 0.59000278
0.21201456 0.56560574 0.59319699
0.21266992 0.56913445 0.59639819
0.21331213 0.57267019 0.59960573
0.21394112 0.57621299 0.60281966
0.2145548  0.57976312 0.6060404 
0.21515217 0.58332071 0.60926814
0.21573601 0.58688552 0.6125024 
0.21630624 0.5904576  0.61574323
0.21685895 0.59403739 0.61899133
0.21739631 0.5976247  0.62224635
0.21791972 0.60121943 0.62550807
0.21842868 0.60482167 0.62877662
0.21891844 0.60843193 0.63205283
0.21939387 0.61204977 0.63533587
0.21985484 0.61567523 0.63862579
0.22029805 0.61930868 0.64192318
0.22072399 0.62295011 0.64522798
0.22113509 0.62659931 0.64853979
0.22153079 0.63025638 0.65185874
0.22190556 0.63392189 0.65518574
0.22226499 0.63759533 0.6585199 
0.22260914 0.64127674 0.66186126
0.22293348 0.64496658 0.66521054
0.22323967 0.64866473 0.66856748
0.22352983 0.65237103 0.67193176
0.22380215 0.65608567 0.67530375
0.22405327 0.65980901 0.67868392
0.22428781 0.66354066 0.68207158
0.22450573 0.66728064 0.68546677
0.22469989 0.67102965 0.68887061
0.22487675 0.67478713 0.6922821 
0.2250362  0.67855313 0.69570127
0.22517281 0.68232816 0.69912899
0.22528968 0.68611198 0.70256477
0.22538843 0.68990448 0.70600838
0.22546485 0.69370606 0.70946048
0.22551925 0.69751672 0.71292102
0.22555476 0.70133623 0.71638953
0.22556819 0.70516489 0.71986652
0.22555743 0.7090029  0.7233523 
0.22552692 0.71284992 0.7268462 
0.22547432 0.71670619 0.7303486 
0.22539544 0.72057206 0.73386008
0.22529595 0.72444711 0.73737985
0.22517406 0.72833151 0.74090819
0.22502391 0.73222577 0.74444587
0.22485205 0.73612937 0.74799198
0.22465712 0.74004246 0.75154679
0.22443205 0.74396563 0.75511116
0.22418438 0.74789829 0.75868412
0.22391213 0.75184064 0.76226594
0.22360821 0.75579326 0.7658575 
0.22328077 0.75975552 0.7694578 
0.22292664 0.7637277  0.77306719
0.22253983 0.76771027 0.77668643
0.22212789 0.77170268 0.78031458
0.22168691 0.77570526 0.78395209
0.22121248 0.77971834 0.78759953
0.22071094 0.78374147 0.79125606
0.2201515  0.78777713 0.79492289
0.21957541 0.7918221  0.7985977 
0.21895174 0.79587887 0.80228128
0.21829837 0.79994602 0.80597325
0.21762723 0.80402262 0.80967337
0.21690769 0.80811109 0.81338239
0.21614629 0.81221089 0.8171002 
0.21537545 0.81631956 0.82082611
0.21455584 0.8204401  0.82456105
0.21368704 0.82457252 0.82830505
0.21279558 0.82871485 0.83205758
0.21187001 0.83286795 0.83581893
0.21089418 0.83703298 0.83958948
0.20986782 0.84120992 0.84336928
0.20881162 0.84539731 0.84715792
0.20772133 0.84959545 0.85095555
0.2065775  0.85380567 0.85476259
0.20538095 0.85802788 0.85857906
0.20413173 0.86226203 0.86240499
0.20283903 0.8665075  0.86624023
0.20151097 0.87076374 0.87008468
0.20012617 0.87503211 0.87393877
0.19868567 0.87931251 0.87780251
0.19718489 0.88360518 0.88167602
0.19562623 0.88790991 0.88555928
0.19400754 0.89222678 0.88945236
0.1923249  0.89655597 0.89335535
0.19057804 0.90089742 0.89726828
0.18876486 0.90525119 0.90119122
0.18688256 0.90961736 0.90512423
0.18492784 0.91399603 0.90906739
0.18289708 0.9183873  0.91302077
0.18077978 0.92279164 0.91698456
0.17857545 0.92720894 0.92095875
0.17626784 0.93163989 0.92494361
0.17390272 0.93608201 0.92893847
0.17143452 0.9405375  0.93294401
0.16883288 0.94500762 0.93696062
0.16614126 0.94949005 0.9409877 
0.16332607 0.95398619 0.9450257 
0.16038224 0.95849599 0.94907465
0.15727223 0.96302083 0.95313497
0.15406295 0.96755745 0.95720582
0.15066563 0.97210932 0.9612882 
0.14706649 0.97667651 0.96538219
0.14328407 0.98125772 0.96948747
0.13922857 0.98585582 0.97360488
0.13480578 0.99047332 0.97773515
0.12937198 0.99513099 0.98188397
