0.120500 0.019636 0.186827
0.124426 0.020844 0.193570
0.128323 0.022106 0.200247
0.132209 0.023374 0.206944
0.136088 0.024633 0.213682
0.139961 0.025882 0.220454
0.143830 0.027115 0.227269
0.147695 0.028329 0.234125
0.151560 0.029511 0.241034
0.155423 0.030665 0.247985
0.159285 0.031783 0.254985
0.163149 0.032859 0.262036
0.167015 0.033885 0.269142
0.170884 0.034858 0.276302
0.174756 0.035772 0.283516
0.178632 0.036623 0.290786
0.182512 0.037408 0.298107
0.186400 0.038109 0.305495
0.190294 0.038730 0.312939
0.194194 0.039264 0.320443
0.198104 0.039696 0.328013
0.202021 0.040031 0.335642
0.205949 0.040250 0.343340
0.209887 0.040352 0.351102
0.213805 0.040395 0.358911
0.217683 0.040399 0.366785
0.221528 0.040348 0.374728
0.225331 0.040263 0.382733
0.229093 0.040137 0.390803
0.232814 0.039978 0.398933
0.236485 0.039802 0.407120
0.240114 0.039596 0.415365
0.243686 0.039397 0.423657
0.247212 0.039181 0.432002
0.250678 0.038987 0.440389
0.254093 0.038800 0.448819
0.257446 0.038649 0.457285
0.260741 0.038531 0.465785
0.263973 0.038465 0.474313
0.267142 0.038462 0.482867
0.270248 0.038525 0.491442
0.273283 0.038684 0.500032
0.276257 0.038923 0.508638
0.279155 0.039293 0.517248
0.281989 0.039763 0.525867
0.284748 0.040382 0.534485
0.287438 0.041120 0.543102
0.290057 0.041999 0.551715
0.292600 0.043032 0.560318
0.295076 0.044198 0.568914
0.297472 0.045538 0.577492
0.299799 0.047019 0.586058
0.302054 0.048645 0.594609
0.304230 0.050439 0.603137
0.306337 0.052365 0.611648
0.308371 0.054429 0.620139
0.310327 0.056646 0.628604
0.312213 0.058983 0.637049
0.314029 0.061437 0.645474
0.315765 0.064025 0.653870
0.317431 0.066721 0.662244
0.319026 0.069514 0.670597
0.320551 0.072400 0.678927
0.321996 0.075394 0.687231
0.323371 0.078469 0.695513
0.324676 0.081618 0.703774
0.325910 0.084839 0.712015
0.327072 0.088124 0.720236
0.328158 0.091483 0.728434
0.329171 0.094900 0.736613
0.330113 0.098367 0.744776
0.330968 0.101939 0.752881
0.331712 0.105675 0.760890
0.332339 0.109579 0.768794
0.332843 0.113666 0.776571
0.333215 0.117947 0.784202
0.333458 0.122398 0.791693
0.333568 0.127018 0.799036
0.333540 0.131806 0.806219
0.333365 0.136780 0.813211
0.333041 0.141936 0.820000
0.332570 0.147246 0.826597
0.331949 0.152705 0.832992
0.331173 0.158323 0.839158
0.330237 0.164099 0.845076
0.329149 0.169998 0.850768
0.327910 0.176011 0.856228
0.326510 0.182155 0.861419
0.324955 0.188405 0.866352
0.323254 0.194737 0.871041
0.321407 0.201140 0.875486
0.319407 0.207635 0.879644
0.317268 0.214181 0.883555
0.314995 0.220765 0.887226
0.312593 0.227378 0.890661
0.310056 0.234032 0.893829
0.307398 0.240699 0.896766
0.304625 0.247365 0.899486
0.301743 0.254024 0.901996
0.298755 0.260671 0.904299
0.295660 0.267312 0.906378
0.292471 0.273925 0.908273
0.289192 0.280504 0.909993
0.285828 0.287047 0.911546
0.282383 0.293549 0.912941
0.278860 0.300006 0.914186
0.275264 0.306418 0.915288
0.271594 0.312786 0.916245
0.267859 0.319102 0.917081
0.264061 0.325364 0.917804
0.260202 0.331572 0.918422
0.256286 0.337723 0.918942
0.252313 0.343819 0.919373
0.248286 0.349859 0.919720
0.244205 0.355843 0.919992
0.240072 0.361771 0.920194
0.235888 0.367644 0.920333
0.231653 0.373461 0.920416
0.227369 0.379224 0.920447
0.223033 0.384934 0.920432
0.218646 0.390591 0.920377
0.214206 0.396196 0.920285
0.209711 0.401751 0.920160
0.205160 0.407260 0.919996
0.200550 0.412720 0.919809
0.195880 0.418133 0.919601
0.191146 0.423499 0.919379
0.186343 0.428821 0.919143
0.181473 0.434107 0.918863
0.176621 0.439355 0.918496
0.171812 0.444565 0.918038
0.167113 0.449735 0.917475
0.162526 0.454865 0.916813
0.158083 0.459956 0.916052
0.153828 0.465006 0.915188
0.149810 0.470013 0.914220
0.146083 0.474977 0.913146
0.142709 0.479895 0.911964
0.139749 0.484767 0.910673
0.137269 0.489590 0.909274
0.135336 0.494362 0.907768
0.134010 0.499082 0.906157
0.133347 0.503748 0.904443
0.133394 0.508357 0.902629
0.134183 0.512909 0.900720
0.135732 0.517401 0.898722
0.138044 0.521832 0.896640
0.141106 0.526200 0.894482
0.144888 0.530504 0.892255
0.149351 0.534744 0.889967
0.154444 0.538920 0.887628
0.160111 0.543030 0.885245
0.166293 0.547075 0.882829
0.172938 0.551055 0.880386
0.179986 0.554971 0.877925
0.187368 0.558825 0.875459
0.195033 0.562618 0.872995
0.202933 0.566351 0.870542
0.211023 0.570027 0.868107
0.219265 0.573647 0.865697
0.227625 0.577214 0.863319
0.236073 0.580730 0.860979
0.244588 0.584196 0.858679
0.253156 0.587615 0.856422
0.261746 0.590990 0.854216
0.270341 0.594323 0.852064
0.278926 0.597617 0.849970
0.287489 0.600873 0.847935
0.296020 0.604096 0.845962
0.304509 0.607286 0.844055
0.312949 0.610446 0.842213
0.321336 0.613578 0.840438
0.329692 0.616680 0.838722
0.337999 0.619757 0.837069
0.346238 0.622812 0.835486
0.354409 0.625847 0.833972
0.362508 0.628863 0.832528
0.370556 0.631859 0.831147
0.378558 0.634836 0.829825
0.386488 0.637800 0.828571
0.394339 0.640751 0.827391
0.402128 0.643689 0.826274
0.409885 0.646612 0.825207
0.417563 0.649526 0.824212
0.425167 0.652433 0.823286
0.432730 0.655329 0.822412
0.440240 0.658216 0.821597
0.447677 0.661100 0.820850
0.455057 0.663978 0.820163
0.462404 0.666847 0.819524
0.469679 0.669715 0.818951
0.476898 0.672581 0.818438
0.484089 0.675439 0.817969
0.491210 0.678300 0.817566
0.498287 0.681158 0.817214
0.505328 0.684013 0.816912
0.512302 0.686872 0.816672
0.519251 0.689727 0.816475
0.526151 0.692584 0.816333
0.532993 0.695446 0.816249
0.539821 0.698304 0.816201
0.546588 0.701169 0.816214
0.553346 0.704030 0.816250
0.560048 0.706901 0.816327
0.566707 0.709779 0.816434
0.573299 0.712669 0.816599
0.579854 0.715566 0.816790
0.586359 0.718473 0.817026
0.592815 0.721390 0.817304
0.599238 0.724316 0.817610
0.605608 0.727253 0.817967
0.611942 0.730199 0.818358
0.618246 0.733154 0.818778
0.624500 0.736121 0.819250
0.630722 0.739097 0.819755
0.636918 0.742083 0.820289
0.643071 0.745081 0.820870
0.649194 0.748089 0.821487
0.655292 0.751106 0.822133
0.661358 0.754135 0.822818
0.667389 0.757176 0.823547
0.673398 0.760227 0.824305
0.679383 0.763288 0.825096
0.685339 0.766361 0.825927
0.691266 0.769446 0.826797
0.697172 0.772542 0.827701
0.703057 0.775649 0.828635
0.708921 0.778767 0.829604
0.714759 0.781898 0.830613
0.720574 0.785041 0.831660
0.726369 0.788195 0.832740
0.732146 0.791362 0.833853
0.737904 0.794540 0.835001
0.743644 0.797730 0.836184
0.749365 0.800933 0.837402
0.755068 0.804148 0.838656
0.760754 0.807375 0.839945
0.766422 0.810616 0.841270
0.772073 0.813869 0.842632
0.777709 0.817135 0.844029
0.783328 0.820415 0.845462
0.788933 0.823707 0.846930
0.794523 0.827012 0.848433
0.800101 0.830331 0.849970
0.805657 0.833664 0.851553
0.811200 0.837011 0.853169
0.816736 0.840370 0.854815
0.822246 0.843747 0.856513
0.827749 0.847135 0.858239
0.833232 0.850540 0.860009
0.838700 0.853959 0.861819
0.844153 0.857394 0.863666
0.849593 0.860844 0.865548
0.855011 0.864312 0.867474
0.860416 0.867797 0.869431
0.865864 0.871283 0.871339
0.864150 0.866672 0.866252
0.862287 0.862123 0.861262
0.860349 0.857610 0.856329
0.858359 0.853127 0.851439
0.856303 0.848678 0.846603
0.854175 0.844266 0.841823
0.851974 0.839890 0.837102
0.849648 0.835568 0.832473
0.847245 0.831303 0.827727
0.845604 0.826781 0.822637
0.844187 0.822187 0.817470
0.842906 0.817554 0.812245
0.841718 0.812897 0.806980
0.840607 0.808221 0.801684
0.839559 0.803531 0.796361
0.838567 0.798827 0.791015
0.837626 0.794113 0.785650
0.836728 0.789390 0.780266
0.835870 0.784658 0.774867
0.835049 0.779919 0.769454
0.834259 0.775174 0.764028
0.833499 0.770423 0.758592
0.832766 0.765667 0.753145
0.832058 0.760907 0.747689
0.831370 0.756144 0.742226
0.830713 0.751372 0.736749
0.830078 0.746596 0.731263
0.829461 0.741817 0.725770
0.828856 0.737036 0.720274
0.828265 0.732252 0.714773
0.827705 0.727459 0.709255
0.827153 0.722664 0.703736
0.826610 0.717868 0.698214
0.826082 0.713068 0.692685
0.825573 0.708261 0.687145
0.825068 0.703453 0.681605
0.824567 0.698644 0.676064
0.824093 0.693825 0.670507
0.823618 0.689006 0.664952
0.823144 0.684186 0.659397
0.822695 0.679355 0.653825
0.822240 0.674525 0.648258
0.821790 0.669692 0.642687
0.821357 0.664850 0.637105
0.820914 0.660010 0.631529
0.820487 0.655161 0.625941
0.820060 0.650309 0.620352
0.819628 0.645456 0.614765
0.819215 0.640592 0.609164
0.818789 0.635729 0.603569
0.818374 0.630857 0.597965
0.817955 0.625983 0.592361
0.817535 0.621105 0.586755
0.817123 0.616217 0.581140
0.816695 0.611331 0.575534
0.816285 0.606431 0.569911
0.815855 0.601534 0.564299
0.815442 0.596622 0.558670
0.815010 0.591713 0.553052
0.814587 0.586791 0.547422
0.814137 0.581874 0.541813
0.813680 0.576952 0.536212
0.813220 0.572022 0.530614
0.812759 0.567084 0.525019
0.812287 0.562140 0.519436
0.811822 0.557182 0.513845
0.811336 0.552224 0.508277
0.810860 0.547248 0.502698
0.810363 0.542272 0.497142
0.809871 0.537280 0.491581
0.809369 0.532281 0.486031
0.808857 0.527272 0.480492
0.808349 0.522247 0.474948
0.807816 0.517222 0.469432
0.807288 0.512177 0.463909
0.806746 0.507125 0.458403
0.806195 0.502060 0.452907
0.805646 0.496977 0.447408
0.805070 0.491891 0.441939
0.804494 0.486787 0.436472
0.803912 0.481666 0.431009
0.803307 0.476539 0.425575
0.802701 0.471391 0.420142
0.802086 0.466227 0.414721
0.801449 0.461054 0.409326
0.800809 0.455858 0.403935
0.800162 0.450643 0.398554
0.799488 0.445420 0.393208
0.798808 0.440173 0.387870
0.798122 0.434904 0.382542
0.797417 0.429618 0.377241
0.796694 0.424316 0.371965
0.795962 0.418988 0.366704
0.795222 0.413633 0.361458
0.794462 0.408260 0.356243
0.793683 0.402865 0.351058
0.792891 0.397444 0.345896
0.792089 0.391993 0.340757
0.791272 0.386513 0.335646
0.790439 0.381004 0.330566
0.789585 0.375468 0.325526
0.788714 0.369902 0.320524
0.787827 0.364302 0.315559
0.786923 0.358667 0.310635
0.786002 0.352995 0.305754
0.785063 0.347284 0.300920
0.784106 0.341533 0.296139
0.783130 0.335739 0.291414
0.782134 0.329901 0.286751
0.781120 0.324015 0.282154
0.780084 0.318079 0.277631
0.779024 0.312094 0.273196
0.777934 0.306061 0.268861
0.776822 0.299968 0.264626
0.775689 0.293811 0.260500
0.774516 0.287603 0.256523
0.773312 0.281331 0.252699
0.772068 0.274998 0.249055
0.770777 0.268609 0.245627
0.769423 0.262175 0.242464
0.767998 0.255700 0.239606
0.766475 0.249216 0.237126
0.764815 0.242768 0.235114
0.762970 0.236427 0.233664
0.760872 0.230300 0.232872
0.758412 0.224569 0.232834
0.755594 0.219274 0.233419
0.752580 0.214212 0.234285
0.749387 0.209370 0.235373
0.746015 0.204767 0.236661
0.742463 0.200419 0.238122
0.738744 0.196322 0.239718
0.734858 0.192485 0.241430
0.730824 0.188892 0.243220
0.726652 0.185535 0.245068
0.722352 0.182406 0.246954
0.717940 0.179483 0.248855
0.713428 0.176750 0.250758
0.708825 0.174195 0.252651
0.704141 0.171802 0.254525
0.699386 0.169557 0.256374
0.694567 0.167447 0.258191
0.689692 0.165459 0.259972
0.684769 0.163580 0.261712
0.679803 0.161798 0.263409
0.674801 0.160103 0.265059
0.669762 0.158493 0.266667
0.664694 0.156956 0.268229
0.659603 0.155477 0.269739
0.654486 0.154065 0.271207
0.649352 0.152700 0.272625
0.644199 0.151383 0.273998
0.639034 0.150106 0.275321
0.633854 0.148869 0.276600
0.628667 0.147659 0.277829
0.623467 0.146484 0.279018
0.618264 0.145328 0.280155
0.613052 0.144197 0.281251
0.607836 0.143086 0.282303
0.602619 0.141987 0.283310
0.597388 0.140925 0.284268
0.592143 0.139903 0.285175
0.586887 0.138913 0.286028
0.581620 0.137953 0.286829
0.576339 0.137032 0.287576
0.571050 0.136137 0.288270
0.565753 0.135266 0.288911
0.560449 0.134420 0.289499
0.555134 0.133601 0.290033
0.549813 0.132801 0.290514
0.544488 0.132018 0.290942
0.539159 0.131249 0.291317
0.533823 0.130500 0.291639
0.528483 0.129764 0.291908
0.523141 0.129037 0.292125
0.517797 0.128319 0.292290
0.512453 0.127607 0.292403
0.507106 0.126903 0.292464
0.501758 0.126207 0.292475
0.496410 0.125513 0.292434
0.491064 0.124820 0.292342
0.485719 0.124127 0.292201
0.480376 0.123433 0.292010
0.475036 0.122735 0.291769
0.469699 0.122035 0.291480
0.464364 0.121332 0.291142
0.459032 0.120625 0.290756
0.453704 0.119910 0.290323
0.448381 0.119188 0.289842
0.443063 0.118458 0.289315
0.437750 0.117717 0.288741
0.432443 0.116967 0.288121
0.427142 0.116205 0.287457
0.421848 0.115432 0.286747
0.416560 0.114646 0.285993
0.411279 0.113847 0.285194
0.406006 0.113034 0.284353
0.400739 0.112206 0.283468
0.395481 0.111363 0.282541
0.390231 0.110505 0.281571
0.384989 0.109630 0.280560
0.379756 0.108738 0.279508
0.374531 0.107828 0.278415
0.369316 0.106901 0.277282
0.364109 0.105955 0.276109
0.358913 0.104990 0.274897
0.353725 0.104005 0.273645
0.348548 0.103001 0.272356
0.343381 0.101976 0.271028
0.338224 0.100930 0.269663
0.333078 0.099862 0.268261
0.327942 0.098773 0.266822
0.322817 0.097661 0.265348
0.317702 0.096528 0.263837
0.312598 0.095373 0.262291
0.307504 0.094194 0.260711
0.302422 0.092991 0.259096
0.297352 0.091764 0.257448
0.292292 0.090512 0.255767
0.287238 0.089241 0.254065
0.282200 0.087933 0.252344
0.277178 0.086590 0.250604
0.272173 0.085210 0.248844
0.267185 0.083795 0.247067
0.262214 0.082341 0.245271
0.257259 0.080851 0.243457
0.252321 0.079323 0.241626
0.247399 0.077758 0.239778
0.242493 0.076154 0.237915
0.237604 0.074511 0.236036
0.232732 0.072828 0.234141
0.227876 0.071104 0.232232
0.223036 0.069340 0.230309
0.218213 0.067533 0.228374
0.213404 0.065684 0.226427
0.208610 0.063792 0.224470
0.203834 0.061853 0.222501
0.199075 0.059864 0.220521
0.194331 0.057829 0.218534
0.189599 0.055745 0.216542
0.184889 0.053603 0.214538
0.180190 0.051410 0.212533
0.175510 0.049156 0.210522
0.170842 0.046843 0.208511
0.166193 0.044462 0.206495
0.161558 0.042014 0.204482
0.156938 0.039482 0.202473
0.152333 0.036922 0.200466
0.147747 0.034379 0.198465
0.143177 0.031856 0.196472
0.138619 0.029357 0.194494
0.134080 0.026880 0.192529
0.129554 0.024430 0.190586
0.125043 0.022006 0.188667
0.120500 0.019636 0.186827
