0.02642502 0.06504323 0.20912524
0.02825662 0.06813902 0.21469426
0.03016698 0.07122802 0.22017636
0.03213357 0.07429408 0.2256599 
0.03415505 0.07733791 0.23114806
0.03623121 0.08036088 0.23664002
0.03835698 0.08336137 0.24215042
0.04053345 0.08634242 0.24766879
0.0426873  0.08930406 0.25320009
0.04482227 0.09224718 0.25874451
0.04693925 0.09517279 0.26430108
0.04903665 0.09808043 0.26987654
0.0511163  0.10097158 0.27546689
0.05317978 0.10384747 0.28106895
0.05522401 0.10670675 0.28669376
0.05725275 0.10955183 0.29233133
0.05926516 0.11238251 0.29798571
0.06125986 0.11519833 0.30366253
0.06324061 0.11800157 0.30935171
0.06520577 0.12079158 0.31505956
0.06715356 0.12356757 0.32079288
0.06908711 0.12633145 0.3265433 
0.07100657 0.12908348 0.3323116 
0.07291184 0.13182376 0.33809924
0.07480292 0.13455243 0.3439074 
0.07668035 0.13726992 0.34973549
0.07854292 0.13997568 0.35558838
0.08039179 0.14267046 0.36146356
0.08222719 0.14535448 0.36736131
0.08405015 0.14802839 0.37327952
0.08586    0.15069191 0.37922119
0.08765711 0.15334531 0.38518617
0.089442   0.15598895 0.39117377
0.09121438 0.1586227  0.39718583
0.09297457 0.1612468  0.40322222
0.09472125 0.16386052 0.40928802
0.09645116 0.16647331 0.41535068
0.0981546  0.16908051 0.42143806
0.09983157 0.17168282 0.42754835
0.10148069 0.17428019 0.43368386
0.10310203 0.17687342 0.43984224
0.10469382 0.17946235 0.44602642
0.1062562  0.18204786 0.45223366
0.10778745 0.18462992 0.45846622
0.10928709 0.18720917 0.46472276
0.11075412 0.18978604 0.47100311
0.11218656 0.19236053 0.47730955
0.11358396 0.19493343 0.48363989
0.11494489 0.19750513 0.48999449
0.11626778 0.200076   0.49637361
0.1175506  0.20264629 0.50277842
0.22428801 0.22147585 0.23963674
0.22702019 0.22434445 0.24238161
0.22975116 0.22721196 0.24512533
0.23248102 0.23007848 0.24786803
0.23520982 0.23294418 0.25060964
0.23793822 0.23580898 0.25334985
0.24066623 0.23867305 0.25608869
0.24339393 0.24153648 0.25882629
0.24612144 0.24439937 0.26156276
0.24884883 0.24726184 0.26429821
0.25157623 0.25012396 0.26703264
0.25430372 0.25298585 0.26976629
0.25703137 0.25584758 0.27249925
0.25975928 0.25870926 0.27523163
0.26248754 0.26157097 0.27796353
0.26521623 0.2644328  0.28069507
0.26794543 0.26729484 0.28342632
0.27067522 0.27015717 0.28615731
0.27340569 0.27301989 0.28888824
0.2761369  0.27588307 0.29161919
0.27886893 0.2787468  0.29435026
0.28160185 0.28161115 0.29708155
0.28433574 0.28447622 0.29981313
0.28707065 0.28734207 0.30254511
0.28980667 0.29020878 0.30527757
0.29254386 0.29307645 0.30801053
0.29528229 0.29594513 0.31074415
0.29802201 0.29881491 0.31347851
0.30076309 0.30168587 0.3162137 
0.30350559 0.30455806 0.3189498 
0.30624956 0.30743158 0.32168689
0.30899507 0.31030649 0.32442506
0.31174217 0.31318286 0.32716437
0.31449093 0.31606077 0.32990492
0.31724138 0.31894028 0.33264677
0.3199936  0.32182147 0.33538994
0.32274763 0.32470441 0.33813457
0.32550353 0.32758916 0.34088073
0.32826133 0.33047579 0.3436285 
0.3310211  0.33336437 0.34637794
0.33378288 0.33625498 0.34912912
0.33654671 0.33914766 0.35188211
0.33931265 0.3420425  0.35463698
0.34208074 0.34493955 0.35739381
0.34485103 0.34783888 0.36015265
0.34762355 0.35074056 0.36291356
0.35039836 0.35364466 0.36567662
0.3531755  0.35655122 0.36844189
0.35595501 0.35946033 0.37120942
0.35873692 0.36237204 0.37397928
0.36152128 0.36528642 0.37675153
0.36430815 0.36820353 0.37952621
0.36709754 0.37112343 0.38230339
0.3698895  0.37404618 0.38508313
0.37268408 0.37697185 0.3878655 
0.3754813  0.37990049 0.39065054
0.37828121 0.38283218 0.39343832
0.38108384 0.38576696 0.39622888
0.38388923 0.3887049  0.39902228
0.38669742 0.39164606 0.40181857
0.38950844 0.3945905  0.4046178 
0.39232234 0.39753828 0.40742002
0.39513914 0.40048946 0.41022527
0.39795888 0.40344409 0.41303363
0.4007816  0.40640225 0.41584511
0.40360734 0.40936398 0.41865977
0.40643612 0.41232934 0.42147767
0.40926799 0.4152984  0.42429883
0.41210298 0.4182712  0.42712332
0.41494113 0.42124782 0.42995117
0.41778246 0.4242283  0.43278242
0.42062703 0.4272127  0.43561712
0.42347486 0.43020108 0.43845531
0.42632598 0.4331935  0.44129702
0.42918044 0.43619001 0.44414231
0.43203826 0.43919067 0.4469912 
0.4348995  0.44219553 0.44984375
0.43776417 0.44520465 0.45269997
0.44063232 0.44821809 0.45555993
0.44350399 0.4512359  0.45842364
0.44637921 0.45425814 0.46129115
0.44925801 0.45728486 0.46416249
0.45214045 0.46031611 0.46703771
0.45502654 0.46335195 0.46991683
0.45791634 0.46639243 0.47279989
0.46080988 0.46943762 0.4756869 
0.4637072  0.47248756 0.47857792
0.46660834 0.4755423  0.48147297
0.46951334 0.4786019  0.4843721 
0.47242223 0.48166641 0.48727534
0.47533506 0.48473589 0.49018272
0.47825187 0.48781038 0.49309427
0.4811727  0.49088994 0.49601003
0.48409759 0.49397463 0.49893002
0.48702659 0.49706448 0.50185428
0.48995972 0.50015956 0.50478285
0.49289705 0.50325992 0.50771575
0.49583861 0.50636561 0.51065301
0.49878443 0.50947667 0.51359467
0.50173459 0.51259317 0.51654076
0.50468909 0.51571515 0.5194913 
0.50764802 0.51884266 0.52244635
0.5106114  0.52197576 0.52540587
0.51357927 0.52511449 0.52836993
0.5165517  0.5282589  0.53133859
0.51952871 0.53140906 0.53431185
0.52251037 0.53456499 0.53728977
0.52549671 0.53772676 0.54027236
0.52848778 0.54089442 0.54325967
0.53148364 0.54406801 0.54625172
0.53448433 0.54724758 0.54924855
0.5374899  0.55043319 0.5522502 
0.5405004  0.55362488 0.55525668
0.54351588 0.5568227  0.55826802
0.5465364  0.56002671 0.56128423
0.549562   0.56323696 0.56430538
0.55259272 0.56645348 0.5673315 
0.55562864 0.56967633 0.57036264
0.55866979 0.57290557 0.57339882
0.56171622 0.57614123 0.57644008
0.564768   0.57938337 0.57948646
0.56782517 0.58263204 0.58253799
0.57088778 0.58588729 0.5855947 
0.5739559  0.58914917 0.58865656
0.57702958 0.59241772 0.59172368
0.58010886 0.59569299 0.59479609
0.58319379 0.59897505 0.59787384
0.58628446 0.60226392 0.60095696
0.58938089 0.60555967 0.60404549
0.59248315 0.60886234 0.60713947
0.59559129 0.61217198 0.61023894
0.59870513 0.61548876 0.61334363
0.60182477 0.61881265 0.61645425
0.60495014 0.62214376 0.61957073
0.60808124 0.62548216 0.62269305
0.61121819 0.62882787 0.62582132
0.61436106 0.63218095 0.62895557
0.61750984 0.63554146 0.63209579
0.62066465 0.63890943 0.6352421 
0.62382555 0.64228492 0.6383945 
0.62699259 0.64566797 0.64155305
0.63016592 0.64905859 0.64471787
0.63334546 0.65245691 0.64788888
0.63653134 0.65586293 0.65106619
0.63972356 0.65927673 0.65424979
0.64292225 0.66269835 0.65743978
0.64612738 0.66612785 0.66063615
0.64933911 0.66956526 0.66383901
0.65255741 0.67301068 0.66704833
0.65578241 0.6764641  0.67026422
0.65901414 0.67992561 0.67348672
0.66225264 0.68339527 0.67671583
0.66549802 0.6868731  0.67995166
0.66875031 0.69035918 0.68319423
0.76061518 0.6919637  0.123142  
0.7639229  0.69562787 0.12294806
0.76723629 0.69930134 0.12273993
0.7705554  0.70298418 0.12251739
0.77388026 0.70667645 0.12228022
0.7772109  0.71037823 0.12202824
0.78054737 0.71408958 0.12176127
0.78388969 0.71781055 0.12147906
0.78723792 0.72154123 0.12118138
0.79059207 0.72528168 0.12086795
0.7939522  0.72903196 0.12053853
0.79731833 0.73279215 0.12019285
0.80069051 0.73656231 0.1198307 
0.80406876 0.7403425  0.11945187
0.80745313 0.74413281 0.11905614
0.81084365 0.7479333  0.11864283
0.81424035 0.75174405 0.11821178
0.81764327 0.75556512 0.1177626 
0.82105246 0.75939659 0.11729506
0.82446708 0.76323916 0.11679231
0.82788926 0.76709175 0.11627029
0.83131894 0.7709545  0.11572595
0.83475615 0.7748275  0.11515815
0.83820101 0.77871079 0.11456734
0.84165344 0.78260452 0.11395047
0.84511356 0.78650871 0.11330811
0.84858132 0.79042352 0.1126372 
0.85205683 0.79434897 0.11193801
0.85553998 0.79828527 0.11120631
0.85903151 0.80223197 0.11045538
0.86253108 0.80618943 0.10967659
0.8660384  0.810158   0.10886101
0.86955347 0.81413779 0.10800635
0.8730776  0.81812793 0.10713926
0.87660923 0.8221297  0.10622281
0.88014929 0.82614254 0.1052751 
0.88369776 0.83016656 0.1042933 
0.88725444 0.83420205 0.10326989
0.89081947 0.83824901 0.10220545
0.89439337 0.84230719 0.10110929
0.8979754  0.84637724 0.09996073
0.90156586 0.85045907 0.09876335
0.90516506 0.85455256 0.0975217 
0.90877302 0.85865784 0.09623244
0.91238981 0.86277497 0.09489379
0.91601491 0.86690445 0.09348783
0.91964875 0.8710461  0.09202129
0.923291   0.87520028 0.09047998
0.92694098 0.87936761 0.08883925
0.93059887 0.88354808 0.08709612
0.93425416 0.88774947 0.08492999
