0.13047057 0.30442704 0.09046116
0.12872833 0.3056922  0.09937124
0.12715131 0.30693138 0.10764672
0.12564785 0.30815043 0.11560796
0.12420394 0.30935053 0.1233365 
0.12282234 0.3105321  0.13085845
0.12150586 0.31169562 0.13819295
0.12025413 0.31284168 0.14536175
0.11906534 0.31397091 0.15238561
0.11794141 0.31508394 0.15927162
0.11693985 0.31617441 0.16601542
0.11612946 0.31723223 0.17265724
0.11549795 0.31826063 0.17919362
0.11503579 0.31926198 0.18562689
0.11474205 0.32023639 0.19197402
0.114599   0.3211881  0.19821847
0.11460725 0.3221162  0.20438511
0.11474839 0.32302482 0.21045695
0.11501782 0.32391419 0.21644798
0.11540375 0.32478632 0.22235765
0.11589097 0.32564395 0.22818072
0.11647563 0.32648677 0.23393362
0.11714125 0.32731767 0.23960972
0.11787428 0.32813877 0.2452084 
0.11866412 0.32895126 0.25073577
0.11950378 0.32975549 0.25620222
0.12037538 0.33055455 0.2616012 
0.1212674  0.33134991 0.26693655
0.12216854 0.33214302 0.27221183
0.12306761 0.33293522 0.27743205
0.12395642 0.33372716 0.28260525
0.12482254 0.33452063 0.2877327 
0.12565481 0.33531711 0.29281764
0.12644383 0.33611774 0.29786411
0.12719082 0.33692256 0.30287231
0.12790128 0.33773026 0.30785065
0.12856806 0.33854135 0.31280607
0.12918482 0.33935637 0.31774366
0.12974577 0.34017573 0.32266864
0.1302457  0.34099973 0.32758641
0.13068006 0.34182859 0.33250184
0.13104469 0.34266235 0.33742074
0.13133611 0.34350098 0.34234818
0.13155222 0.34434419 0.34728945
0.13169096 0.34519165 0.35224997
0.13174878 0.34604322 0.35723467
0.13172411 0.34689845 0.36224845
0.13161569 0.34775678 0.36729637
0.13142269 0.34861758 0.37238321
0.13114462 0.34948014 0.37751348
0.13078114 0.35034368 0.38269206
0.13033246 0.35120736 0.38792286
0.12979862 0.35207026 0.39321069
0.12918031 0.35293145 0.39855914
0.12847796 0.35378989 0.40397267
0.12769254 0.35464455 0.40945484
0.12682488 0.35549433 0.4150096 
0.12587608 0.35633808 0.42064052
0.12484732 0.35717465 0.42635115
0.12373983 0.35800282 0.43214503
0.12255504 0.35882136 0.43802544
0.12129435 0.35962897 0.44399582
0.11995938 0.36042436 0.45005933
0.11855177 0.36120617 0.45621924
0.11707327 0.36197301 0.4624788 
0.11556642 0.36271972 0.46883424
0.11410151 0.36343855 0.47527994
0.11268776 0.36412796 0.48181822
0.11133516 0.36478638 0.48845099
0.11005429 0.36541218 0.49518019
0.10885633 0.36600372 0.50200765
0.10775288 0.36655926 0.50893541
0.10675614 0.36707705 0.51596518
0.10587851 0.36755522 0.5230991 
0.10513285 0.3679919  0.53033892
0.10453207 0.3683851  0.53768671
0.10408916 0.36873277 0.54514447
0.103817   0.36903279 0.55271403
0.1037281  0.36928291 0.5603977 
0.1038346  0.36948085 0.56819723
0.10414784 0.36962417 0.57611501
0.1046784  0.36971033 0.58415309
0.10543583 0.36973672 0.59231355
0.10642865 0.36970052 0.60059877
0.10767064 0.36959825 0.60901015
0.10916092 0.36942744 0.61755063
0.11090369 0.36918476 0.62622313
0.11290171 0.36886692 0.63502949
0.11515635 0.36847025 0.64397274
0.11766763 0.36799097 0.65305526
0.12043432 0.36742506 0.66227982
0.12345404 0.36676832 0.67164886
0.12672362 0.36601607 0.6811659 
0.13023879 0.36516365 0.69083308
0.13399487 0.36420585 0.70065382
0.13798655 0.36313724 0.71063102
0.14220841 0.36195181 0.72076844
0.14665426 0.36064357 0.73106824
0.15143062 0.35919855 0.7414903 
0.15678966 0.35759739 0.75190783
0.16272664 0.35583414 0.7622949 
0.1692286  0.35390547 0.772616  
0.1762728  0.35181152 0.7828257 
0.18383241 0.34955336 0.79287774
0.19187197 0.3471361  0.8027177 
0.2003517  0.34456731 0.81228889
0.20922253 0.34186024 0.82152677
0.21842978 0.33903261 0.83036449
0.22791623 0.33610605 0.83873478
0.23765904 0.33312803 0.8464627 
0.24754437 0.33011354 0.85358618
0.25750295 0.32709721 0.86005185
0.26746816 0.32411482 0.86581732
0.27737831 0.32120157 0.87085313
0.28720682 0.31841517 0.87503539
0.29687439 0.31576084 0.8784742 
0.30634097 0.31326142 0.88118906
0.31558081 0.31093367 0.88320635
0.3245752  0.30878937 0.88456097
0.33331281 0.306835   0.88529445
0.34179251 0.30507057 0.88545233
0.35001264 0.30349438 0.88508275
0.35797818 0.30210023 0.88423457
0.36569861 0.30087874 0.8829555 
0.37318159 0.29982015 0.88129283
0.38043853 0.29891253 0.87929108
0.38748345 0.29814258 0.87699102
0.3943294  0.29749725 0.8744307 
0.40102735 0.29687255 0.87184252
0.40760272 0.2962369  0.86928774
0.41406468 0.2955887  0.86676626
0.42042007 0.29492693 0.86427902
0.42667668 0.29425005 0.86182587
0.43284042 0.29355701 0.85940751
0.43891853 0.29285161 0.85700758
0.44491564 0.29212764 0.8546421 
0.45083736 0.29138356 0.85231131
0.45668859 0.29061811 0.85001523
0.46247397 0.28983001 0.8477538 
0.46819819 0.28901783 0.84552664
0.47386504 0.28818075 0.84333281
0.47947944 0.28732274 0.84115494
0.48504393 0.28643696 0.83901067
0.49056262 0.28552177 0.83689912
0.49603836 0.28457605 0.83482012
0.50147481 0.28359815 0.83277271
0.50687489 0.2825877  0.83075359
0.51224164 0.28154824 0.82874766
0.51757779 0.28047232 0.82677105
0.5228854  0.27935876 0.82482329
0.52816727 0.2782059  0.82290325
0.53342536 0.27701242 0.82101025
0.53866277 0.27578278 0.81912474
0.5438812  0.27451019 0.8172611 
0.54908247 0.27319216 0.81542112
0.55426847 0.27182709 0.8136037 
0.559441   0.27041368 0.81180665
0.56460269 0.26895678 0.81000861
0.56975416 0.26744781 0.80822952
0.57489713 0.26588487 0.80646795
0.58003356 0.26426572 0.80472217
0.58516457 0.26259332 0.80297852
0.59029155 0.26086457 0.80123853
0.59541568 0.25907387 0.79951033
0.60053831 0.25721892 0.7977923 
0.60566034 0.25530076 0.7960751 
0.61078783 0.25331532 0.79434711
0.61590745 0.25128343 0.79258935
0.62101937 0.24920903 0.79078846
0.62611684 0.24710175 0.78893807
0.6311813  0.24499174 0.78701828
0.63623556 0.24284557 0.7850434 
0.64127661 0.24066734 0.78301054
0.64630432 0.23845874 0.78091434
0.65131033 0.23623352 0.77874684
0.65628419 0.23401151 0.7764946 
0.66124035 0.23176948 0.77416772
0.66617684 0.22951166 0.7717622 
0.67109223 0.22724201 0.76927345
0.67598381 0.22496606 0.76669812
0.68085044 0.22268806 0.76403121
0.68567554 0.22043946 0.76125998
0.69047047 0.21820273 0.75838895
0.69523363 0.21598193 0.75541727
0.69996383 0.21378259 0.75233987
0.70465771 0.21161286 0.74915427
0.70931307 0.20948009 0.74585669
0.71392641 0.20739335 0.74244514
0.71849554 0.2053607  0.73891595
0.72301781 0.20339103 0.73526615
0.72748988 0.20149434 0.73149398
0.73190834 0.19968096 0.72759811
0.73627121 0.19796002 0.72357494
0.74057382 0.19634364 0.71942588
0.74481478 0.1948407  0.71514666
0.74898906 0.19346386 0.71074032
0.75309496 0.19222239 0.70620368
0.75712806 0.19112813 0.7015397 
0.76108565 0.19019096 0.69674823
0.76496455 0.18942086 0.69183071
0.76876128 0.18882753 0.68679004
0.77247201 0.18842025 0.68163104
0.77609666 0.18819099 0.67637809
0.77964768 0.18811675 0.67102967
0.78312746 0.18819152 0.66559138
0.78653767 0.18840934 0.66007122
0.7898807  0.18876334 0.65447496
0.79315893 0.18924638 0.6488083 
0.79637438 0.18985126 0.64307814
0.79952977 0.1905703  0.63728869
0.80262719 0.19139606 0.63144628
0.80566937 0.19232082 0.62555451
0.80865833 0.19333719 0.61961954
0.81159701 0.19443764 0.61364321
0.81448707 0.19561513 0.60763273
0.81733159 0.19686252 0.60158818
0.82013238 0.19817316 0.59551527
0.8228919  0.19954057 0.5894161 
0.82561228 0.20095859 0.58329379
0.82829596 0.20242142 0.57714921
0.83094462 0.20392349 0.57098692
0.83356053 0.20545964 0.56480751
0.83614555 0.20702495 0.55861354
0.83870177 0.20861492 0.5524051 
0.84123082 0.21022524 0.54618484
0.84373105 0.21186109 0.5399474 
0.84620239 0.21352278 0.53369177
0.84865134 0.2151944  0.52742603
0.85107954 0.21687279 0.52115048
0.85348835 0.21855496 0.51486646
0.85587942 0.22023831 0.5085728 
0.85825385 0.22192026 0.50227166
0.86060374 0.22362162 0.4959459 
0.8629375  0.22532182 0.48960942
0.8652582  0.22701463 0.48326414
0.86756739 0.22869857 0.47690587
0.86988247 0.23037003 0.47041956
0.87222715 0.23194955 0.4639349 
0.87460265 0.23344163 0.45743073
0.87700961 0.23484961 0.45089307
0.87944793 0.23617609 0.44431532
0.88191577 0.23742337 0.43770516
0.884413   0.2385938  0.43105599
0.886939   0.23968949 0.4243654 
0.8894929  0.24071247 0.41763273
0.8920741  0.24166461 0.41085543
0.89468379 0.24254703 0.40401758
0.89732263 0.24336055 0.39710811
0.89997973 0.24411085 0.39019821
0.90266657 0.2447944  0.38319852
0.9053806  0.24541288 0.37612092
0.90812078 0.2459674  0.36896635
0.91088502 0.24645974 0.36174231
0.91368161 0.24688501 0.35438579
0.91651073 0.24724257 0.34688976
0.91943365 0.24748678 0.3388393 
