0.01053477 0.09602939 0.00216256
0.01171765 0.09957053 0.00278706
0.01297925 0.10308666 0.00346543
0.01428978 0.10658572 0.00418453
0.01564703 0.11006901 0.00494349
0.01705236 0.11353698 0.00574305
0.01850269 0.11699096 0.00658186
0.01999773 0.12043165 0.00745987
0.02153764 0.1238596  0.00837724
0.02311862 0.12727607 0.0093322 
0.02474331 0.13068108 0.0103261 
0.02640851 0.1340757  0.01135742
0.02811859 0.1374596  0.01242842
0.02986436 0.1408348  0.01353453
0.03165246 0.14420056 0.01467917
0.03348151 0.14755749 0.0158617 
0.03535036 0.15090617 0.0170816 
0.03725431 0.15424766 0.01833651
0.03919649 0.15758177 0.01962808
0.04116116 0.16090879 0.02095648
0.04309702 0.16422923 0.02232103
0.04501433 0.16754345 0.02372145
0.04691376 0.17085179 0.02515757
0.04879603 0.17415452 0.0266293 
0.05066176 0.17745196 0.0281365 
0.05251132 0.18074441 0.02967889
0.0543453  0.18403212 0.0312564 
0.05616409 0.18731539 0.03286882
0.05796804 0.19059447 0.03451594
0.05975399 0.19387018 0.03619504
0.06152617 0.19714214 0.0379086 
0.06328489 0.2004106  0.03965647
0.0650301  0.20367584 0.04141474
0.06676377 0.20693781 0.04315401
0.06848482 0.21019692 0.04488241
0.07018804 0.21345427 0.04659622
0.0718794  0.21670913 0.04830003
0.07356056 0.21996147 0.04999521
0.07523058 0.22321166 0.05168119
0.07688573 0.2264605  0.05335533
0.07852813 0.22970787 0.0550193 
0.08016055 0.23295352 0.05667527
0.0817839  0.23619749 0.05832398
0.08339066 0.23944119 0.05996002
0.08498754 0.24268371 0.0615884 
0.08657636 0.24592493 0.06321053
0.08815149 0.24916595 0.06482239
0.08971424 0.2524067  0.06642502
0.09127417 0.25564583 0.06802451
0.09282666 0.2588843  0.0696161 
0.09437152 0.2621223  0.07119941
0.09590608 0.26536039 0.07277342
0.0974317  0.2685985  0.07433871
0.09895109 0.27183637 0.07589653
0.10046066 0.27507468 0.07744539
0.10196035 0.27831358 0.07898525
0.10345547 0.28155238 0.08051844
0.10494108 0.28479198 0.08204289
0.10641739 0.28803247 0.08355873
0.10788808 0.29127341 0.0850676 
0.10935123 0.29451521 0.08656858
0.11080543 0.29775821 0.08806115
0.11225197 0.30100233 0.08954591
0.11369388 0.30424721 0.09102411
0.11512741 0.30749355 0.09249421
0.11655242 0.31074148 0.09395605
0.11797213 0.31399061 0.0954111 
0.11938607 0.31724112 0.09685918
0.12079179 0.32049349 0.0982991 
0.12218982 0.32374773 0.0997312 
0.12358419 0.32700334 0.1011572 
0.12497178 0.3302609  0.10257561
0.1263521  0.33352056 0.10398633
0.1277255  0.33678238 0.10538954
0.12909496 0.340046   0.10678626
0.13045872 0.34331177 0.10817591
0.13181584 0.34657993 0.10955805
0.13316602 0.34985062 0.11093237
0.13451222 0.35312348 0.11230028
0.135854   0.35639867 0.11366139
0.13718973 0.3596765  0.11501508
0.13851926 0.36295711 0.11636117
0.13984311 0.36624049 0.11769991
0.14116462 0.36952622 0.11903256
0.14248112 0.37281478 0.120358  
0.14379218 0.37610634 0.12167596
0.14509814 0.3794009  0.1229866 
0.14639869 0.38269861 0.12428956
0.14769728 0.38599902 0.12558642
0.14899189 0.38930253 0.12687605
0.15028208 0.39260926 0.12815837
0.15156767 0.39591932 0.1294331 
0.15284908 0.39923274 0.13070039
0.15412669 0.40254952 0.13196039
0.15540237 0.40586948 0.13321354
0.15667529 0.4091928  0.1344596 
0.15794489 0.41251964 0.13569826
0.15921095 0.41585012 0.13692916
0.16047389 0.41918424 0.13815245
0.16173398 0.42252204 0.13936815
0.16299152 0.42586354 0.14057629
0.16424661 0.42920881 0.14177663
0.16550163 0.43255757 0.14297014
0.16675454 0.43591019 0.14415582
0.16800564 0.4392667  0.14533366
0.16925519 0.44262713 0.14650363
0.17050341 0.44599153 0.14766565
0.17175038 0.44935995 0.14881952
0.17299641 0.45273242 0.1499652 
0.17424191 0.45610896 0.15110275
0.17548715 0.45948959 0.15223209
0.17673241 0.46287434 0.15335314
0.17797795 0.46626326 0.15446578
0.17922411 0.46965635 0.15556995
0.18047108 0.47305368 0.15666547
0.18171927 0.47645525 0.15775232
0.18296888 0.4798611  0.15883027
0.18422035 0.48327125 0.15989929
0.18547406 0.48668571 0.16095931
0.18673037 0.49010449 0.1620102 
0.18798967 0.49352763 0.16305183
0.18925218 0.49695516 0.16408394
0.19051816 0.50038713 0.16510625
0.19178839 0.50382348 0.16611894
0.19306304 0.50726428 0.16712162
0.19434285 0.51070955 0.16811249
0.19563095 0.51415895 0.1690916 
0.1969277  0.51761252 0.17005897
0.14982894 0.4651253  0.78897015
0.15244875 0.46886153 0.78958004
0.1550885  0.4725902  0.79020973
0.15776187 0.47630876 0.79086654
0.16045219 0.48002083 0.79154175
0.16315865 0.48372686 0.7922348 
0.16589511 0.48742409 0.79295377
0.1686463  0.49111583 0.79369081
0.17141159 0.49480245 0.79444561
0.17420189 0.49848197 0.7952235 
0.17700641 0.50215671 0.79601945
0.17982324 0.50582727 0.79683249
0.18265985 0.50949229 0.79766658
0.18551228 0.51315278 0.79851969
0.18837544 0.51681004 0.79938881
0.19125166 0.52046375 0.80027528
0.1941471  0.52411278 0.80118251
0.19705248 0.52775927 0.80210549
0.19996766 0.53140342 0.80304407
0.20289871 0.53504416 0.80400138
0.20584322 0.53868216 0.80497606
0.20879695 0.5423185  0.80596573
0.21175988 0.54595337 0.80697024
0.21473865 0.54958554 0.80799303
0.21772894 0.5532161  0.80903161
0.22072818 0.55684578 0.81008444
0.22373644 0.56047474 0.81115139
0.22675772 0.56410231 0.81223432
0.22979221 0.5677286  0.81333322
0.23283579 0.57135467 0.8144457 
0.23588862 0.57498066 0.81557163
0.23895088 0.57860668 0.81671089
0.24202765 0.58223183 0.81786594
0.245116   0.58585689 0.81903493
0.24821416 0.58948241 0.82021669
0.2513224  0.59310849 0.82141112
0.25444091 0.59673529 0.8226178 
0.25756996 0.60036293 0.8238365 
0.26071524 0.60399029 0.8250702 
0.26387158 0.60761863 0.82631591
0.26703933 0.61124806 0.82757343
0.27021858 0.61487882 0.8288417 
0.27341005 0.6185108  0.83012151
0.2766142  0.62214405 0.83141283
0.27983123 0.62577877 0.8327147 
0.28306173 0.62941496 0.83402722
0.2863084  0.63305212 0.83535183
0.28956974 0.63669089 0.83668621
0.29284591 0.64033123 0.83803109
0.29613726 0.64397334 0.83938533
0.29944452 0.64761713 0.84074936
0.30276818 0.65126275 0.84212226
0.30610901 0.6549101  0.84350438
0.30946756 0.65855932 0.84489478
0.31284474 0.66221024 0.84629412
0.31624111 0.66586302 0.84770111
0.31965754 0.66951758 0.84911589
0.3230949  0.67317387 0.85053833
0.326554   0.67683191 0.85196774
0.33003573 0.6804917  0.85340359
0.3335411  0.68415312 0.85484585
0.33707252 0.68781582 0.8562947 
0.34063198 0.69147952 0.85775012
0.34421878 0.69514458 0.85921061
0.34783411 0.69881089 0.86067573
0.35147924 0.70247835 0.86214499
0.35515549 0.70614686 0.86361761
0.3588647  0.70981615 0.86509343
0.36261484 0.71348462 0.86657473
0.36640338 0.71715304 0.86805867
0.37023607 0.72082084 0.86954201
0.374115   0.72448753 0.87102558
0.37804932 0.7281514  0.87251006
0.38203118 0.73181401 0.87399354
0.38606149 0.7354751  0.87547657
0.39015183 0.73913254 0.87695946
0.39429476 0.74278763 0.87844172
0.39849045 0.74644039 0.87992241
0.40275222 0.75008814 0.88140343
0.40706865 0.75373308 0.88288272
0.41144882 0.75737335 0.88436137
0.41589282 0.76100883 0.88583933
0.42039933 0.76463968 0.88731628
0.42497704 0.76826411 0.8887929 
0.4296185  0.77188342 0.8902686 
0.43433561 0.77549506 0.89174478
0.43912001 0.77910057 0.89322065
0.44398179 0.78269768 0.89469766
0.44891645 0.78628709 0.89617565
0.45392736 0.78986787 0.89765547
0.45901872 0.79343888 0.89913808
0.46418414 0.79700116 0.90062352
0.46943529 0.80055192 0.90211411
0.47476469 0.80409239 0.90361009
0.48017189 0.80762234 0.90511226
0.48566688 0.81113917 0.90662342
0.49124084 0.81464437 0.90814404
0.49689334 0.81813763 0.9096756 
0.5026284  0.82161756 0.91122065
0.50844443 0.82508405 0.91278084
0.5143362  0.82853776 0.91435784
0.52030214 0.83197857 0.91595371
0.52634391 0.83540559 0.91757103
0.53245835 0.83881902 0.91921204
0.53863937 0.8422198  0.92087841
0.5448837  0.84560822 0.9225724 
0.55118793 0.84898463 0.92429614
0.55755424 0.85234806 0.92605249
0.56397234 0.85570059 0.92784259
0.57043805 0.8590429  0.92966824
0.57693242 0.86238114 0.9315134 
0.58339401 0.86573007 0.93337732
0.58982307 0.86908995 0.93526083
0.59622372 0.87246042 0.93716192
0.60259689 0.87584163 0.9390808 
0.60894412 0.87923359 0.94101723
0.61526341 0.88263692 0.94297357
0.6215598  0.88605105 0.94494686
0.62783638 0.88947571 0.94693553
0.63408609 0.89291236 0.94894572
0.64031786 0.89635972 0.95097134
0.64653006 0.89981832 0.95301434
0.6527236  0.90328824 0.95507468
0.6589026  0.90676898 0.95714978
0.66506474 0.91026118 0.95924207
0.67121408 0.91376433 0.96134893
0.67735789 0.91727734 0.96346508
0.68354906 0.92079081 0.96554815
