0.50468204 0.99540244 0.17435403
0.49844866 0.98663763 0.18455083
0.49222393 0.97793516 0.19340754
0.48602884 0.9692843  0.20145152
0.47987337 0.96067963 0.20893498
0.47375496 0.95212141 0.21589638
0.46767693 0.94360735 0.2224383 
0.46163409 0.93513887 0.22854746
0.45562609 0.92671527 0.234267  
0.44965855 0.91833336 0.23969462
0.44372611 0.90999463 0.24480415
0.43782618 0.90169933 0.24960056
0.43196195 0.89344538 0.25414126
0.42613515 0.88523132 0.25846233
0.42034147 0.87705816 0.26254504
0.41458113 0.86892505 0.26641028
0.40894383 0.86081898 0.27002729
0.40357258 0.85271779 0.27340752
0.39847007 0.84462056 0.27657452
0.39363663 0.83652706 0.27953693
0.3890713  0.82843728 0.28230016
0.38477194 0.82035131 0.28486836
0.38073495 0.81226943 0.287244  
0.37695567 0.804192   0.28942965
0.37343363 0.79611854 0.29143023
0.37017114 0.7880484  0.29324161
0.36714742 0.77998387 0.29487218
0.36435366 0.77192561 0.2963239 
0.36178073 0.76387419 0.29759965
0.35941797 0.75583043 0.29870093
0.35725446 0.74779511 0.29962997
0.35527873 0.73976904 0.30038903
0.35347857 0.73175313 0.30098002
0.35184127 0.72374838 0.30140475
0.35035509 0.71575554 0.30166659
0.34901165 0.70777496 0.30176561
0.34780149 0.69980715 0.30170217
0.34670262 0.69185443 0.30148287
0.34570309 0.68391767 0.30111089
0.34479119 0.67599775 0.3005894 
0.34395196 0.66809629 0.29991834
0.34317813 0.66021334 0.29910446
0.34245748 0.65235009 0.29814951
0.34177765 0.64450781 0.29705498
0.34113132 0.63668681 0.29582613
0.34050973 0.62888774 0.29446647
0.33981694 0.62112437 0.29304813
0.33900204 0.61340389 0.29161991
0.33807097 0.60572536 0.29018166
0.33702473 0.59808895 0.28872948
0.33587151 0.59049309 0.28726555
0.33461311 0.58293767 0.28578707
0.33325369 0.57542197 0.28429334
0.3317987  0.56794489 0.28278511
0.33024857 0.56050655 0.28125883
0.3286101  0.55310541 0.27971688
0.3268828  0.54574177 0.27815519
0.32507272 0.5384142  0.27657588
0.32318048 0.53112263 0.27497615
0.32121087 0.52386588 0.27335739
0.31916382 0.51664402 0.27171632
0.3170448  0.50945561 0.27005536
0.31485309 0.50230086 0.26837082
0.31259332 0.49517847 0.26666461
0.31026598 0.48808827 0.26493446
0.30787405 0.48102933 0.26318142
0.30541804 0.4740013  0.26140621
0.30290215 0.46700302 0.25960772
0.30032436 0.460035   0.25778123
0.29769066 0.45309532 0.25593112
0.2949989  0.4461845  0.25405264
0.29225273 0.43930127 0.25214775
0.28945331 0.43244508 0.25021572
0.28660062 0.42561575 0.24825438
0.28369811 0.41881198 0.2462659 
0.28074418 0.41203382 0.24425013
0.27774195 0.40528016 0.24220667
0.2746921  0.3985506  0.24013309
0.27159527 0.39184464 0.23802842
0.26845312 0.38516143 0.23589301
0.26527455 0.37849829 0.23372588
0.26206931 0.37185323 0.23151139
0.25883716 0.36522583 0.22924822
0.2555793  0.3586151  0.22693861
0.25229413 0.35202094 0.22458178
0.24898322 0.34544218 0.22218002
0.24564487 0.33887882 0.21973141
0.24227893 0.33233026 0.21723604
0.23888652 0.32579544 0.2146956 
0.23546438 0.31927486 0.21210623
0.23201564 0.31276666 0.20947221
0.22853621 0.3062717  0.20678746
0.22502786 0.29978851 0.20405557
0.2214896  0.29331664 0.20127581
0.21792122 0.28685538 0.19844819
0.21432155 0.28040431 0.19557159
0.21069114 0.27396233 0.19264699
0.20702769 0.26752943 0.18967182
0.2033325  0.26110412 0.18664807
0.19960292 0.25468644 0.18357276
0.19583979 0.24827501 0.18044731
0.19204099 0.24186958 0.17726942
0.18820679 0.23546887 0.17403981
0.18433534 0.2290724  0.17075661
0.18042608 0.22267914 0.16741953
0.17647787 0.21628818 0.16402759
0.17248923 0.2098987  0.16057943
0.16845962 0.20350942 0.15707484
0.16438729 0.19711945 0.15351219
0.16027021 0.19072795 0.14988952
0.1561082  0.18433315 0.14620715
0.15189868 0.17793422 0.14246253
0.14763919 0.17153014 0.13865331
0.14333223 0.16511755 0.13478311
0.13897102 0.15869619 0.13085372
0.13455028 0.15226548 0.12686351
0.13006118 0.1458267  0.12280205
0.12550692 0.13937544 0.11867347
0.12088639 0.13290894 0.11447678
0.11619555 0.12642548 0.11020752
0.11142235 0.11992694 0.10585131
0.10657871 0.11340324 0.10142342
0.10164507 0.10685911 0.09690028
0.09662033 0.10028984 0.09228122
0.09150084 0.09369134 0.0875625 
0.08627396 0.08706341 0.08272918
0.08092488 0.08040632 0.07776349
0.07546233 0.07376071 0.07266709
0.08288455 0.07948943 0.07904186
0.09085796 0.08503114 0.08456194
0.09890404 0.0904542  0.08996684
0.1069885  0.09577742 0.09527575
0.11508913 0.10101521 0.10050325
0.12319783 0.10617631 0.1056582 
0.13131133 0.1112672  0.11074714
0.13944625 0.1162856  0.11576805
0.14758123 0.12124469 0.12073395
0.15573646 0.12613975 0.12564048
0.16389415 0.1309821  0.13049871
0.17206519 0.1357703  0.13530747
0.18025628 0.14050436 0.14006696
0.18845682 0.14519191 0.14478463
0.19667209 0.14983321 0.14946092
0.20490218 0.15442976 0.15410713
0.2131485  0.15898252 0.15873149
0.22141257 0.16349294 0.1633353 
0.22969456 0.167963   0.16792029
0.23800058 0.17239154 0.17248552
0.24632412 0.17678367 0.17703538
0.25467264 0.18113728 0.18156812
0.263044   0.18545507 0.18608606
0.27143993 0.18973765 0.19058975
0.27986036 0.19398651 0.19508046
0.28830936 0.1982008  0.19955764
0.29678079 0.2023852  0.20402496
0.30528396 0.20653582 0.20847959
0.31381215 0.21065756 0.21292531
0.32237184 0.21474786 0.21736112
0.3309681  0.21880476 0.22178633
0.33959087 0.22283517 0.22620491
0.34824569 0.22683692 0.2306154 
0.35693475 0.23080961 0.2350177 
0.3656518  0.23475792 0.23941517
0.37440871 0.23867535 0.24380561
0.38320351 0.24256399 0.24818936
0.39203251 0.24642697 0.25256802
0.40089137 0.25026781 0.25694402
0.40979058 0.25408061 0.26131477
0.41873386 0.25786351 0.26568044
0.42771221 0.26162316 0.27004337
0.43672677 0.26535955 0.2744037 
0.445783   0.26906959 0.27876143
0.45488289 0.27275253 0.2831165 
0.46401997 0.27641348 0.2874704 
0.47319604 0.28005187 0.29182296
0.48242556 0.283658   0.29617254
0.49169283 0.2872435  0.30052245
0.50099964 0.29080776 0.30487248
0.51035818 0.29434244 0.30922118
0.51975938 0.2978546  0.3135708 
0.52919989 0.30134731 0.31792222
0.53870571 0.30480197 0.32226843
0.54822964 0.30825047 0.3266522 
0.55781572 0.31166164 0.33105328
0.56743415 0.31505597 0.3354996 
0.57708516 0.3184338  0.33999319
0.58678983 0.3217803  0.34452217
0.59655802 0.3250874  0.34908997
0.60635215 0.32838238 0.35372687
0.6161775  0.33166162 0.35843385
0.62605441 0.33490944 0.36320657
0.63597667 0.33812988 0.36805751
0.64592784 0.34133538 0.37300257
0.65593072 0.34450601 0.37805123
0.66594895 0.34767049 0.38322703
0.67599885 0.35081348 0.38854692
0.6860655  0.35394539 0.39403666
0.69613995 0.35707129 0.39972538
0.70621379 0.36019511 0.40564816
0.71623926 0.36335131 0.41187757
0.72618751 0.36656019 0.41847088
0.73603039 0.36983895 0.42550627
0.74565282 0.3732802  0.43309355
0.7549297  0.37698525 0.44135439
0.76372934 0.3810715  0.45033569
0.77191016 0.38567548 0.45999799
0.77942391 0.39086066 0.47018218
0.78633113 0.39659384 0.48067859
0.79274694 0.40278137 0.49134263
0.79869838 0.40940846 0.50203623
0.80418089 0.41648225 0.51265905
0.80918686 0.4240155  0.52307655
0.81376961 0.43196593 0.53315858
0.81802578 0.44024819 0.54283048
0.82202126 0.44880145 0.55205626
0.8258872  0.45750335 0.56088235
0.82965179 0.46632096 0.56936019
0.83338201 0.47519324 0.57753515
0.837068   0.48412301 0.58544922
0.84075422 0.49306904 0.59316005
0.84444373 0.50202718 0.60069825
0.84814697 0.51098883 0.60808785
0.85186256 0.5199545  0.61535255
0.85559016 0.52892432 0.62251199
0.85933496 0.53789496 0.62958201
0.86310062 0.54686453 0.63657679
0.86689181 0.55583072 0.64350869
0.87069556 0.56480331 0.65038987
0.87454593 0.57376067 0.65722794
0.87841811 0.58272081 0.66403325
0.88231461 0.59168334 0.67081299
0.8862365  0.60065093 0.67755767
0.89018627 0.609622   0.68428409
0.89416893 0.61859428 0.69100238
0.89819404 0.62756336 0.69771796
0.90219454 0.6365752  0.70440806
0.90623136 0.64558639 0.71113414
0.91027099 0.65461918 0.71789488
0.91432952 0.66366529 0.72469156
0.91842715 0.67271443 0.7315256 
0.92254578 0.6817791  0.73839651
0.92667341 0.69086773 0.74530414
0.93081659 0.69997788 0.75224928
0.9350005  0.70909672 0.75923359
0.93920999 0.71823448 0.76625677
0.94344926 0.72739032 0.77331947
0.94771475 0.73656771 0.780422  
0.95200867 0.74576686 0.78756491
0.95632531 0.75499226 0.79474841
0.96066795 0.76424348 0.80197314
0.9650612  0.77350892 0.80924065
0.969487   0.78279968 0.81655062
0.97393407 0.79212296 0.82390304
0.97842517 0.80146833 0.83129937
0.98292267 0.81085637 0.83873849
0.9874776  0.82026241 0.84622307
