0.49381719 0.99794732 0.11818206
0.48785764 0.98912381 0.13390053
0.48188462 0.98036923 0.1467529 
0.47595261 0.97166113 0.15827274
0.47005292 0.96300207 0.16861372
0.46418826 0.95439012 0.17802646
0.45835333 0.94582648 0.18660029
0.4525611  0.93730543 0.19460342
0.44680118 0.9288301  0.20200229
0.44108041 0.9203972  0.20893997
0.43539138 0.91200868 0.21539999
0.42973352 0.90366399 0.2214301 
0.42411748 0.89535855 0.22716437
0.41853196 0.8870957  0.23253842
0.41298122 0.87887322 0.2376187 
0.40746073 0.87069198 0.24239698
0.40197155 0.8625509  0.24690662
0.39660178 0.85443739 0.25112634
0.39147075 0.8463333  0.25507548
0.3865809  0.83823786 0.25877535
0.38193472 0.83015028 0.2622445 
0.37753227 0.82207033 0.2654906 
0.37337123 0.81399824 0.26851546
0.3694528  0.80593321 0.27133454
0.3657722  0.79787575 0.27394599
0.36232664 0.78982575 0.27635669
0.35911291 0.78178306 0.27857341
0.35612483 0.77374805 0.2805975 
0.35335645 0.76572092 0.28243272
0.35080128 0.75770187 0.28408297
0.34845205 0.74969115 0.28555178
0.34629897 0.74168946 0.28683946
0.34433392 0.73369705 0.2879502 
0.34255393 0.72571353 0.28888314
0.34094667 0.71773978 0.28964013
0.33949618 0.70977712 0.29022641
0.3381913  0.70182623 0.29064415
0.33702041 0.69388787 0.29089529
0.33597202 0.68596278 0.29098209
0.33503449 0.67805177 0.29090673
0.33419578 0.67015573 0.29067104
0.33344481 0.6622754  0.29027771
0.33277045 0.65441158 0.28972925
0.33216139 0.64656517 0.28902785
0.33160613 0.63873717 0.28817534
0.33109644 0.63092797 0.28717608
0.33062093 0.62313867 0.28603147
0.33016889 0.61537036 0.2847433 
0.32959534 0.60764323 0.28343714
0.32889233 0.59995869 0.28211952
0.32806447 0.59231628 0.28078726
0.32711818 0.58471501 0.27944055
0.3260583  0.57715414 0.27807862
0.32488729 0.56963348 0.2766989 
0.32361213 0.5621517  0.27530293
0.32223434 0.5547087  0.27388779
0.32075862 0.54730361 0.27245352
0.31918965 0.53993547 0.27100042
0.31752819 0.53260429 0.26952536
0.31578056 0.52530861 0.26803061
0.31394641 0.51804867 0.26651225
0.31203138 0.51082309 0.26497233
0.31003629 0.50363166 0.26340989
0.30796525 0.49647337 0.26182494
0.30581894 0.4893481  0.26021464
0.30360176 0.48225463 0.25858058
0.30131388 0.47519292 0.25692   
0.29895886 0.46816193 0.25523392
0.29653806 0.46116119 0.2535211 
0.29405332 0.45419013 0.25178093
0.29150652 0.44724807 0.25001297
0.28889999 0.44033423 0.24821739
0.28623346 0.43344854 0.24639148
0.28351164 0.42658942 0.24453846
0.28073196 0.4197575  0.242653  
0.27789926 0.41295099 0.24073996
0.27501273 0.40616982 0.23879829
0.2720744  0.39941331 0.23682522
0.26908575 0.39268071 0.23482066
0.26604716 0.38597165 0.23278313
0.26296062 0.37928518 0.23071332
0.25983563 0.37261858 0.2286086 
0.25668198 0.36596981 0.22645385
0.25350101 0.35933785 0.22425105
0.25029098 0.35272284 0.22199639
0.24705189 0.34612407 0.21969216
0.24378609 0.3395401  0.21734169
0.24048972 0.33297165 0.21494027
0.23716573 0.32641704 0.21249199
0.23381145 0.31987653 0.20999374
0.23042747 0.31334922 0.20744654
0.22701337 0.30683454 0.20485018
0.2235685  0.30033199 0.20220412
0.22009221 0.29384103 0.19950787
0.21658479 0.28736074 0.19676208
0.21304436 0.28089099 0.19396472
0.20947172 0.27443065 0.19111666
0.20586492 0.26797952 0.1882162 
0.20222471 0.26153634 0.18526478
0.19854919 0.25510086 0.18226039
0.19483891 0.24867182 0.17920408
0.19109188 0.24224891 0.17609374
0.18730792 0.23583105 0.17292956
0.18348586 0.2294175  0.16971046
0.17962447 0.22300749 0.16643537
0.17572345 0.21659978 0.16310434
0.17178112 0.21019364 0.15971577
0.1677957  0.2037883  0.15626796
0.16376721 0.19738216 0.15276122
0.1596931  0.19097462 0.14919268
0.15557139 0.18456467 0.14556091
0.15140218 0.17815031 0.1418666 
0.14718233 0.17173083 0.13810658
0.1429112  0.16530426 0.13428071
0.13858617 0.15886883 0.13039233
0.13420002 0.15242445 0.12644157
0.129752   0.1459687  0.1224278 
0.12523339 0.13950259 0.11834075
0.12064294 0.13302351 0.11417918
0.11598505 0.12652581 0.10994888
0.11124504 0.12001254 0.10563233
0.10642853 0.11347671 0.10123697
0.1015201  0.10692107 0.09674431
0.09652263 0.10033895 0.09215862
0.09142822 0.09372837 0.08747087
0.08622652 0.08708795 0.08266898
0.08089843 0.0804202  0.07772975
0.07545482 0.07376472 0.07265745
0.08230208 0.07964354 0.07982356
0.0889622  0.08553795 0.08714132
0.09560341 0.09134585 0.09451841
0.10222055 0.09707957 0.10192797
0.10881497 0.10274584 0.10936446
0.11539034 0.10834884 0.11683048
0.12194721 0.11389441 0.12431995
0.12848578 0.11938812 0.13182655
0.13501178 0.12483076 0.13936143
0.14152748 0.13022533 0.14692572
0.14803333 0.13557581 0.15451551
0.15453092 0.14088498 0.16213085
0.16102399 0.1461536  0.16977858
0.16751316 0.1513846  0.17745651
0.17400039 0.15657961 0.1851667 
0.18048953 0.16173849 0.19291723
0.18697838 0.1668658  0.20069814
0.19347289 0.17195928 0.20852425
0.1999857  0.17701896 0.21636659
0.20652407 0.18204168 0.22423964
0.21308908 0.18702874 0.23214282
0.21968265 0.19198064 0.24007816
0.22630529 0.19689884 0.24804418
0.23295937 0.20178326 0.25604432
0.2396449  0.20663552 0.26407631
0.24636386 0.21145563 0.27214284
0.2531183  0.21624373 0.28024463
0.2599103  0.22100017 0.28838028
0.26673947 0.22572568 0.29655335
0.27360553 0.23042172 0.30476173
0.28050959 0.23508856 0.31300658
0.28745345 0.23972588 0.32129054
0.2944361  0.2443355  0.32961042
0.30146147 0.24891584 0.3379697 
0.30853263 0.25346588 0.3463703 
0.31564493 0.25798919 0.35480847
0.32280034 0.26248505 0.36328742
0.33000005 0.2669533  0.37180876
0.33724281 0.27139569 0.38036946
0.3445355  0.27580881 0.38897317
0.35187633 0.28019391 0.39762127
0.35926297 0.28455303 0.40631189
0.36669534 0.28888684 0.41504458
0.37417562 0.29319421 0.42382283
0.38171121 0.29747149 0.4326482 
0.3892953  0.30172323 0.44151724
0.39692839 0.30594927 0.45043238
0.40461135 0.3101494  0.45939484
0.41234831 0.31432171 0.46840509
0.42014102 0.31846545 0.4774642 
0.42798425 0.32258407 0.48657074
0.43587882 0.32667732 0.49572592
0.44382956 0.33074256 0.50493165
0.45184    0.33477774 0.51419005
0.45990324 0.33878743 0.52349872
0.46801834 0.34277278 0.53285613
0.47620445 0.34671955 0.54228288
0.48444196 0.35065029 0.55171469
0.49275547 0.35454351 0.56119517
0.50114528 0.35840047 0.5707162 
0.5096147  0.36222165 0.58026418
0.51815921 0.36601369 0.58981732
0.52678546 0.36977014 0.59939009
0.53550645 0.37348215 0.6089876 
0.54431478 0.37715849 0.61858571
0.55322314 0.38079116 0.62818492
0.56222233 0.38439108 0.63775629
0.57133708 0.38794095 0.64730881
0.58055139 0.39145829 0.65680133
0.58987981 0.39493549 0.66622442
0.5993268  0.39837415 0.67555322
0.60890094 0.40177327 0.68476225
0.61858931 0.40515556 0.69377667
0.6283976  0.4085271  0.70254623
0.63832836 0.41189049 0.7110496 
0.64834173 0.41530468 0.71912606
0.65843352 0.41877422 0.72677312
0.66852561 0.422394   0.73379155
0.67858238 0.42618922 0.74019223
0.68852749 0.43022475 0.74593172
0.69828052 0.4345714  0.75095402
0.70781951 0.43921707 0.75541186
0.71713191 0.44415913 0.75937255
0.7262156  0.44938672 0.76290337
0.73506546 0.45488551 0.76609744
0.74360329 0.46071466 0.76893515
0.75184465 0.46684524 0.77150164
0.75970705 0.47333157 0.77380779
0.76725628 0.48010223 0.7759676 
0.77446074 0.48716816 0.77802413
0.78139736 0.49445671 0.78005929
0.78804557 0.5019769  0.782085  
0.79449256 0.50965263 0.78417313
0.80075759 0.51746595 0.78634053
0.80683941 0.52541824 0.78857454
0.81279756 0.53346117 0.79091573
0.81864856 0.54158393 0.79336064
0.82440901 0.54977498 0.79591216
0.83008877 0.55802999 0.7985581 
0.83570947 0.56633153 0.80132213
0.84127413 0.57468204 0.80418099
0.84679634 0.58307241 0.80714227
0.85228583 0.59149749 0.81020559
0.85774967 0.59995458 0.81336677
0.86319303 0.60844247 0.8166201 
0.86863275 0.61694951 0.8199829 
0.87403895 0.62550059 0.82341764
0.87943828 0.63407814 0.82694121
0.88484529 0.64267358 0.83056249
0.89026253 0.6512877  0.83427572
0.89567783 0.65993062 0.83806945
0.901073   0.66861741 0.84191881
0.9065066  0.6773142  0.84583337
0.91198049 0.6860235  0.8497993 
0.91749907 0.69474367 0.8538224 
0.9230722  0.703469   0.85791677
0.92869374 0.71220605 0.86207189
0.93435328 0.72096436 0.86627076
0.94006078 0.7297381  0.87052753
0.94582376 0.73852341 0.87485253
0.95162669 0.74733343 0.87922084
0.95749086 0.75615424 0.88366371
0.96340213 0.76499781 0.88815826
0.96936801 0.77386037 0.89271457
0.97539333 0.78274015 0.89733862
0.98146838 0.79164572 0.90201403
0.98759744 0.80057563 0.9067458 
0.99376694 0.80954098 0.91151134
