0.01053477 0.09602939 0.00216256
0.01171765 0.09957053 0.00278706
0.01297925 0.10308666 0.00346543
0.01428978 0.10658572 0.00418453
0.01564703 0.11006901 0.00494349
0.01705236 0.11353698 0.00574305
0.01850269 0.11699096 0.00658186
0.01999773 0.12043165 0.00745987
0.02153764 0.1238596  0.00837724
0.02311862 0.12727607 0.0093322 
0.02474331 0.13068108 0.0103261 
0.02640851 0.1340757  0.01135742
0.02811859 0.1374596  0.01242842
0.02986436 0.1408348  0.01353453
0.03165246 0.14420056 0.01467917
0.03348151 0.14755749 0.0158617 
0.03535036 0.15090617 0.0170816 
0.03725431 0.15424766 0.01833651
0.03919649 0.15758177 0.01962808
0.04116116 0.16090879 0.02095648
0.04309702 0.16422923 0.02232103
0.04501433 0.16754345 0.02372145
0.04691376 0.17085179 0.02515757
0.04879603 0.17415452 0.0266293 
0.05066176 0.17745196 0.0281365 
0.05251132 0.18074441 0.02967889
0.0543453  0.18403212 0.0312564 
0.05616409 0.18731539 0.03286882
0.05796804 0.19059447 0.03451594
0.05975399 0.19387018 0.03619504
0.06152617 0.19714214 0.0379086 
0.06328489 0.2004106  0.03965647
0.0650301  0.20367584 0.04141474
0.06676377 0.20693781 0.04315401
0.06848482 0.21019692 0.04488241
0.07018804 0.21345427 0.04659622
0.0718794  0.21670913 0.04830003
0.07356056 0.21996147 0.04999521
0.07523058 0.22321166 0.05168119
0.07688573 0.2264605  0.05335533
0.07852813 0.22970787 0.0550193 
0.08016055 0.23295352 0.05667527
0.0817839  0.23619749 0.05832398
0.08339066 0.23944119 0.05996002
0.08498754 0.24268371 0.0615884 
0.08657636 0.24592493 0.06321053
0.08815149 0.24916595 0.06482239
0.08971424 0.2524067  0.06642502
0.09127417 0.25564583 0.06802451
0.09282666 0.2588843  0.0696161 
0.09437152 0.2621223  0.07119941
0.09590608 0.26536039 0.07277342
0.0974317  0.2685985  0.07433871
0.09895109 0.27183637 0.07589653
0.10046066 0.27507468 0.07744539
0.10196035 0.27831358 0.07898525
0.10345547 0.28155238 0.08051844
0.10494108 0.28479198 0.08204289
0.10641739 0.28803247 0.08355873
0.10788808 0.29127341 0.0850676 
0.10935123 0.29451521 0.08656858
0.11080543 0.29775821 0.08806115
0.11225197 0.30100233 0.08954591
0.11369388 0.30424721 0.09102411
0.11512741 0.30749355 0.09249421
0.11655242 0.31074148 0.09395605
0.11797213 0.31399061 0.0954111 
0.11938607 0.31724112 0.09685918
0.12079179 0.32049349 0.0982991 
0.12218982 0.32374773 0.0997312 
0.12358419 0.32700334 0.1011572 
0.12497178 0.3302609  0.10257561
0.1263521  0.33352056 0.10398633
0.1277255  0.33678238 0.10538954
0.12909496 0.340046   0.10678626
0.13045872 0.34331177 0.10817591
0.13181584 0.34657993 0.10955805
0.13316602 0.34985062 0.11093237
0.13451222 0.35312348 0.11230028
0.135854   0.35639867 0.11366139
0.13718973 0.3596765  0.11501508
0.13851926 0.36295711 0.11636117
0.13984311 0.36624049 0.11769991
0.14116462 0.36952622 0.11903256
0.14248112 0.37281478 0.120358  
0.14379218 0.37610634 0.12167596
0.14509814 0.3794009  0.1229866 
0.14639869 0.38269861 0.12428956
0.14769728 0.38599902 0.12558642
0.14899189 0.38930253 0.12687605
0.15028208 0.39260926 0.12815837
0.15156767 0.39591932 0.1294331 
0.15284908 0.39923274 0.13070039
0.15412669 0.40254952 0.13196039
0.15540237 0.40586948 0.13321354
0.15667529 0.4091928  0.1344596 
0.15794489 0.41251964 0.13569826
0.15921095 0.41585012 0.13692916
0.16047389 0.41918424 0.13815245
0.16173398 0.42252204 0.13936815
0.16299152 0.42586354 0.14057629
0.16424661 0.42920881 0.14177663
0.16550163 0.43255757 0.14297014
0.16675454 0.43591019 0.14415582
0.16800564 0.4392667  0.14533366
0.16925519 0.44262713 0.14650363
0.17050341 0.44599153 0.14766565
0.17175038 0.44935995 0.14881952
0.17299641 0.45273242 0.1499652 
0.17424191 0.45610896 0.15110275
0.17548715 0.45948959 0.15223209
0.17673241 0.46287434 0.15335314
0.17797795 0.46626326 0.15446578
0.17922411 0.46965635 0.15556995
0.18047108 0.47305368 0.15666547
0.18171927 0.47645525 0.15775232
0.18296888 0.4798611  0.15883027
0.18422035 0.48327125 0.15989929
0.18547406 0.48668571 0.16095931
0.18673037 0.49010449 0.1620102 
0.18798967 0.49352763 0.16305183
0.18925218 0.49695516 0.16408394
0.19051816 0.50038713 0.16510625
0.19178839 0.50382348 0.16611894
0.19306304 0.50726428 0.16712162
0.19434285 0.51070955 0.16811249
0.19563095 0.51415895 0.1690916 
0.1969277  0.51761252 0.17005897
0.63408824 0.27776755 0.69517325
0.63784776 0.281222   0.69590578
0.64156047 0.28473258 0.69659719
0.64522474 0.28829917 0.69725033
0.64883921 0.29192142 0.69786804
0.65240092 0.29560059 0.69845298
0.65590431 0.29934109 0.69900607
0.65935497 0.30313396 0.69953495
0.66275256 0.3069775  0.70004373
0.66609702 0.31086971 0.70053667
0.66938855 0.31480841 0.70101799
0.6726276  0.31879127 0.70149176
0.67580857 0.32282271 0.70195897
0.67893812 0.32689377 0.70242624
0.68201845 0.33100047 0.70289845
0.68505088 0.3351403  0.70337852
0.688037   0.33931039 0.70387025
0.69097832 0.34350837 0.70437591
0.69387673 0.34773134 0.70489912
0.69673386 0.35197721 0.70544133
0.69955157 0.35624357 0.70600491
0.70233181 0.360528   0.70659213
0.70507602 0.36482901 0.7072038 
0.70778565 0.369145   0.70784113
0.71046391 0.37347279 0.70850598
0.71311264 0.37781065 0.70919942
0.71573364 0.382157   0.70992232
0.71832678 0.3865122  0.71067431
0.7208948  0.39087395 0.71145619
0.72343928 0.39524107 0.7122683 
0.72596187 0.39961237 0.71311106
0.7284641  0.40398684 0.71398466
0.73094738 0.40836363 0.71488904
0.73341315 0.41274186 0.71582431
0.7358626  0.41712104 0.71678998
0.73829725 0.42150018 0.71778651
0.74071842 0.42587863 0.71881384
0.74312264 0.43025995 0.71986932
0.7455116  0.43464298 0.72095358
0.74788981 0.43902443 0.72206741
0.7502585  0.44340373 0.72321086
0.75261902 0.44778019 0.72438424
0.75496994 0.45215565 0.72558542
0.7573053  0.45653529 0.72681203
0.75963481 0.46091162 0.72806735
0.76195904 0.46528476 0.72935049
0.7642796  0.46965377 0.73066241
0.76658527 0.4740281  0.73199729
0.7688865  0.47839988 0.73335878
0.77118621 0.48276715 0.73474821
0.77348258 0.4871319  0.73616372
0.77576584 0.49150207 0.73760077
0.77804928 0.49586776 0.73906455
0.78033388 0.50022866 0.74055513
0.78260772 0.50459422 0.74206696
0.78487995 0.50895787 0.74360341
0.78715458 0.5133171  0.74516521
0.78942199 0.51767932 0.74674868
0.79168686 0.52204143 0.74835508
0.7939559  0.52639898 0.74998635
0.79621804 0.53076021 0.75163849
0.79847953 0.53512104 0.75331288
0.80074726 0.53947687 0.75501223
0.80300487 0.54383961 0.75672985
0.80526718 0.54819912 0.75847105
0.80753307 0.55255659 0.76023489
0.80979117 0.5569201  0.76201718
0.81205759 0.56127894 0.76382328
0.81432043 0.56564152 0.76564861
0.81658473 0.57000466 0.76749492
0.81885619 0.57436494 0.76936352
0.82111937 0.57873282 0.77124928
0.82339259 0.58309651 0.77315771
0.82565591 0.5874701  0.77507708
0.82792715 0.5918427  0.77700919
0.83020422 0.59621618 0.77895162
0.83249566 0.60058434 0.78091391
0.83478991 0.60495624 0.78288297
0.83709789 0.60932389 0.78487101
0.83941314 0.61369244 0.7868707 
0.84173356 0.61806367 0.78887966
0.84407037 0.6224296  0.79091028
0.84641152 0.62679932 0.79294913
0.84876147 0.63116983 0.79500106
0.85112481 0.63553803 0.79707111
0.85349366 0.6399099  0.79915049
0.85587226 0.6442826  0.80124381
0.8582642  0.64865383 0.80335495
0.86066222 0.65302898 0.80547589
0.863069   0.65740637 0.8076095 
0.86549124 0.66178155 0.80976301
0.86791947 0.66616137 0.81192604
0.87035545 0.67054482 0.81410046
0.87280617 0.67492728 0.81629379
0.87526681 0.67931232 0.8185007 
0.87773563 0.68370133 0.8207193 
0.88021361 0.68809386 0.82295057
0.88270422 0.69248776 0.82519818
0.88520732 0.69688335 0.82746191
0.88771929 0.70128329 0.8297378 
0.89024131 0.70568698 0.83202708
0.89277256 0.71009517 0.8343288 
0.89531531 0.71450654 0.83664534
0.89787295 0.71891909 0.83898019
0.90044006 0.72333658 0.84132756
0.9030181  0.72775826 0.84368893
0.90560728 0.73218419 0.84606446
0.90820774 0.73661445 0.84845424
0.9108196  0.74104919 0.85085833
0.91344309 0.74548845 0.85327689
0.9160783  0.74993235 0.85570997
0.91872448 0.75438158 0.85815671
0.9213825  0.75883575 0.86061796
0.92405167 0.76329551 0.86309292
0.92673231 0.76776082 0.86558188
0.92942921 0.7722289  0.86808971
0.93213675 0.77670345 0.87061051
0.93485347 0.78118554 0.87314274
0.93758445 0.78567222 0.87569153
0.94032773 0.79016487 0.87825481
0.94308254 0.79466416 0.8808317 
0.94584567 0.79917222 0.88341883
0.94862634 0.80368361 0.88602558
0.95141515 0.80820424 0.88864223
0.95421565 0.8127321  0.89127233
0.95702325 0.81727014 0.89391113
0.95983892 0.82181792 0.89655952
0.96260464 0.82641019 0.89915842
