0.01053477 0.09602939 0.00216256
0.01171765 0.09957053 0.00278706
0.01297925 0.10308666 0.00346543
0.01428978 0.10658572 0.00418453
0.01564703 0.11006901 0.00494349
0.01705236 0.11353698 0.00574305
0.01850269 0.11699096 0.00658186
0.01999773 0.12043165 0.00745987
0.02153764 0.1238596  0.00837724
0.02311862 0.12727607 0.0093322 
0.02474331 0.13068108 0.0103261 
0.02640851 0.1340757  0.01135742
0.02811859 0.1374596  0.01242842
0.02986436 0.1408348  0.01353453
0.03165246 0.14420056 0.01467917
0.03348151 0.14755749 0.0158617 
0.03535036 0.15090617 0.0170816 
0.03725431 0.15424766 0.01833651
0.03919649 0.15758177 0.01962808
0.04116116 0.16090879 0.02095648
0.04309702 0.16422923 0.02232103
0.04501433 0.16754345 0.02372145
0.04691376 0.17085179 0.02515757
0.04879603 0.17415452 0.0266293 
0.05066176 0.17745196 0.0281365 
0.05251132 0.18074441 0.02967889
0.0543453  0.18403212 0.0312564 
0.05616409 0.18731539 0.03286882
0.05796804 0.19059447 0.03451594
0.05975399 0.19387018 0.03619504
0.06152617 0.19714214 0.0379086 
0.06328489 0.2004106  0.03965647
0.0650301  0.20367584 0.04141474
0.06676377 0.20693781 0.04315401
0.06848482 0.21019692 0.04488241
0.07018804 0.21345427 0.04659622
0.0718794  0.21670913 0.04830003
0.07356056 0.21996147 0.04999521
0.07523058 0.22321166 0.05168119
0.07688573 0.2264605  0.05335533
0.07852813 0.22970787 0.0550193 
0.08016055 0.23295352 0.05667527
0.0817839  0.23619749 0.05832398
0.08339066 0.23944119 0.05996002
0.08498754 0.24268371 0.0615884 
0.08657636 0.24592493 0.06321053
0.08815149 0.24916595 0.06482239
0.08971424 0.2524067  0.06642502
0.09127417 0.25564583 0.06802451
0.09282666 0.2588843  0.0696161 
0.09437152 0.2621223  0.07119941
0.09590608 0.26536039 0.07277342
0.0974317  0.2685985  0.07433871
0.09895109 0.27183637 0.07589653
0.10046066 0.27507468 0.07744539
0.10196035 0.27831358 0.07898525
0.10345547 0.28155238 0.08051844
0.10494108 0.28479198 0.08204289
0.10641739 0.28803247 0.08355873
0.10788808 0.29127341 0.0850676 
0.10935123 0.29451521 0.08656858
0.11080543 0.29775821 0.08806115
0.11225197 0.30100233 0.08954591
0.11369388 0.30424721 0.09102411
0.11512741 0.30749355 0.09249421
0.11655242 0.31074148 0.09395605
0.11797213 0.31399061 0.0954111 
0.11938607 0.31724112 0.09685918
0.12079179 0.32049349 0.0982991 
0.12218982 0.32374773 0.0997312 
0.12358419 0.32700334 0.1011572 
0.12497178 0.3302609  0.10257561
0.1263521  0.33352056 0.10398633
0.1277255  0.33678238 0.10538954
0.12909496 0.340046   0.10678626
0.13045872 0.34331177 0.10817591
0.13181584 0.34657993 0.10955805
0.13316602 0.34985062 0.11093237
0.13451222 0.35312348 0.11230028
0.135854   0.35639867 0.11366139
0.13718973 0.3596765  0.11501508
0.13851926 0.36295711 0.11636117
0.13984311 0.36624049 0.11769991
0.14116462 0.36952622 0.11903256
0.14248112 0.37281478 0.120358  
0.14379218 0.37610634 0.12167596
0.14509814 0.3794009  0.1229866 
0.14639869 0.38269861 0.12428956
0.14769728 0.38599902 0.12558642
0.14899189 0.38930253 0.12687605
0.15028208 0.39260926 0.12815837
0.15156767 0.39591932 0.1294331 
0.15284908 0.39923274 0.13070039
0.15412669 0.40254952 0.13196039
0.15540237 0.40586948 0.13321354
0.15667529 0.4091928  0.1344596 
0.15794489 0.41251964 0.13569826
0.15921095 0.41585012 0.13692916
0.16047389 0.41918424 0.13815245
0.16173398 0.42252204 0.13936815
0.16299152 0.42586354 0.14057629
0.16424661 0.42920881 0.14177663
0.16550163 0.43255757 0.14297014
0.16675454 0.43591019 0.14415582
0.16800564 0.4392667  0.14533366
0.16925519 0.44262713 0.14650363
0.17050341 0.44599153 0.14766565
0.17175038 0.44935995 0.14881952
0.17299641 0.45273242 0.1499652 
0.17424191 0.45610896 0.15110275
0.17548715 0.45948959 0.15223209
0.17673241 0.46287434 0.15335314
0.17797795 0.46626326 0.15446578
0.17922411 0.46965635 0.15556995
0.18047108 0.47305368 0.15666547
0.18171927 0.47645525 0.15775232
0.18296888 0.4798611  0.15883027
0.18422035 0.48327125 0.15989929
0.18547406 0.48668571 0.16095931
0.18673037 0.49010449 0.1620102 
0.18798967 0.49352763 0.16305183
0.18925218 0.49695516 0.16408394
0.19051816 0.50038713 0.16510625
0.19178839 0.50382348 0.16611894
0.19306304 0.50726428 0.16712162
0.19434285 0.51070955 0.16811249
0.19563095 0.51415895 0.1690916 
0.1969277  0.51761252 0.17005897
0.19823344 0.52107025 0.17101455
0.19954846 0.52453219 0.17195831
0.20087301 0.52799837 0.17289012
0.20220779 0.53146877 0.1738099 
0.20355365 0.53494334 0.1747174 
0.20490999 0.53842221 0.17561279
0.20627714 0.54190542 0.17649602
0.20765532 0.54539299 0.17736699
0.20904492 0.54888494 0.17822568
0.21044614 0.5523813  0.17907197
0.21185936 0.55588209 0.17990585
0.21328482 0.55938734 0.18072722
0.21472284 0.56289707 0.18153601
0.21617372 0.56641131 0.18233219
0.21763881 0.56992994 0.18311537
0.21911782 0.57345308 0.1838857 
0.22061054 0.57698079 0.18464313
0.22211734 0.5805131  0.1853877 
0.22363843 0.58405002 0.18611923
0.22517417 0.58759159 0.18683774
0.22672477 0.59113782 0.18754309
0.22829058 0.59468874 0.18823527
0.22987183 0.59824438 0.18891416
0.23146936 0.60180468 0.18957959
0.23308409 0.6053696  0.19023131
0.23471513 0.60893929 0.19086954
0.23636275 0.61251378 0.19149421
0.2380272  0.6160931  0.19210523
0.23970877 0.61967725 0.19270254
0.2414077  0.62326627 0.19328606
0.24312426 0.62686018 0.19385573
0.24485869 0.630459   0.19441145
0.24661231 0.63406263 0.19495289
0.24838512 0.63767111 0.19548004
0.25017656 0.64128457 0.19599302
0.25198688 0.64490303 0.19649174
0.2538163  0.64852651 0.19697613
0.25566506 0.65215503 0.19744611
0.25753339 0.65578862 0.1979016 
0.2594215  0.6594273  0.19834252
0.26133006 0.66307104 0.19876867
0.26326036 0.66671974 0.1991797 
0.26521109 0.6703736  0.1995759 
0.26718246 0.67403263 0.19995719
0.26917468 0.67769687 0.20032349
0.27118793 0.68136635 0.2006747 
0.2732224  0.68504107 0.20101075
0.27527829 0.68872108 0.20133154
0.27735595 0.69240637 0.20163693
0.2794572  0.69609677 0.2019264 
0.28158039 0.69979252 0.20220033
0.28372569 0.70349364 0.20245864
0.28589325 0.70720018 0.20270121
0.28808323 0.71091214 0.20292797
0.29029545 0.71462963 0.20313798
0.29253558 0.71835199 0.2033299 
0.29480701 0.72207882 0.20350325
0.29711335 0.72580968 0.20365892
0.2994519  0.72954496 0.20379571
0.30182328 0.73328464 0.20391348
0.30422814 0.73702864 0.20401222
0.30666692 0.74077696 0.20409133
0.30914035 0.74452952 0.20415099
0.31165275 0.74828576 0.20419198
0.3142022  0.75204597 0.20421319
0.31678819 0.75581026 0.20421443
0.31941129 0.75957856 0.20419556
0.32207206 0.76335084 0.20415638
0.32477434 0.76712656 0.20409741
0.32751802 0.77090577 0.20401857
0.33030118 0.77468874 0.20391906
0.33312437 0.77847543 0.20379875
0.33598874 0.78226568 0.20365771
0.33890014 0.78605866 0.2034973 
0.34185325 0.78985515 0.20331571
0.34484857 0.79365507 0.20311305
0.34788725 0.79745827 0.20288942
0.35097565 0.80126381 0.20264653
0.3541078  0.80507257 0.20238252
0.35728412 0.80888448 0.20209738
0.36050835 0.81269897 0.20179214
0.36378205 0.81651581 0.20146722
0.36710122 0.82033557 0.20112134
0.37046645 0.82415816 0.2007547 
0.37388582 0.82798233 0.2003699 
0.37735177 0.83180921 0.19996455
0.38086458 0.83563872 0.19953889
0.38443157 0.83946972 0.19909548
0.38804751 0.84330297 0.19863278
0.39171108 0.84713866 0.19815056
0.39542936 0.85097563 0.1976515 
0.39919765 0.85481459 0.19713429
0.40301409 0.85865578 0.19659862
0.40688655 0.86249792 0.19604776
0.41080867 0.86634196 0.19547991
0.41477944 0.87018803 0.19489516
0.41880758 0.87403466 0.19429724
0.42288402 0.87788327 0.19368356
0.42701145 0.88173336 0.19305577
0.43119371 0.88558425 0.19241601
0.43542397 0.88943701 0.19176241
0.43970784 0.89329063 0.19109816
0.44404301 0.89714546 0.19042322
0.44842553 0.90100209 0.18973684
0.45286453 0.90485891 0.18904338
0.45733464 0.90872055 0.18831715
0.46180649 0.91259166 0.18756742
0.46628016 0.91647232 0.18679496
0.4707571  0.92036253 0.18599331
0.47523643 0.92426242 0.18516807
0.479719   0.92817203 0.18431561
0.48420612 0.93209135 0.18342983
0.48869512 0.93602065 0.18252606
0.49318926 0.93995979 0.18158733
0.49768807 0.9439089  0.18061683
0.50219164 0.94786805 0.17961466
0.50669993 0.95183733 0.17858183
0.51121294 0.95581682 0.17751886
0.51573124 0.95980658 0.17642313
0.52025556 0.96380664 0.17529067
0.52478745 0.96781698 0.17411231
0.52932379 0.9718379  0.17290758
0.53386803 0.97586924 0.17165528
0.53841966 0.97991112 0.17035855
0.54298033 0.98396352 0.16900645
0.5475488  0.98802661 0.16760679
0.55213014 0.99210008 0.16612481
0.5567485  0.99618219 0.16439132
