0.01053477 0.09602939 0.00216256
0.01171765 0.09957053 0.00278706
0.01297925 0.10308666 0.00346543
0.01428978 0.10658572 0.00418453
0.01564703 0.11006901 0.00494349
0.01705236 0.11353698 0.00574305
0.01850269 0.11699096 0.00658186
0.01999773 0.12043165 0.00745987
0.02153764 0.1238596  0.00837724
0.02311862 0.12727607 0.0093322 
0.02474331 0.13068108 0.0103261 
0.02640851 0.1340757  0.01135742
0.02811859 0.1374596  0.01242842
0.02986436 0.1408348  0.01353453
0.03165246 0.14420056 0.01467917
0.03348151 0.14755749 0.0158617 
0.03535036 0.15090617 0.0170816 
0.03725431 0.15424766 0.01833651
0.03919649 0.15758177 0.01962808
0.04116116 0.16090879 0.02095648
0.04309702 0.16422923 0.02232103
0.04501433 0.16754345 0.02372145
0.04691376 0.17085179 0.02515757
0.04879603 0.17415452 0.0266293 
0.05066176 0.17745196 0.0281365 
0.05251132 0.18074441 0.02967889
0.0543453  0.18403212 0.0312564 
0.05616409 0.18731539 0.03286882
0.05796804 0.19059447 0.03451594
0.05975399 0.19387018 0.03619504
0.06152617 0.19714214 0.0379086 
0.06328489 0.2004106  0.03965647
0.0650301  0.20367584 0.04141474
0.06676377 0.20693781 0.04315401
0.06848482 0.21019692 0.04488241
0.07018804 0.21345427 0.04659622
0.0718794  0.21670913 0.04830003
0.07356056 0.21996147 0.04999521
0.07523058 0.22321166 0.05168119
0.07688573 0.2264605  0.05335533
0.07852813 0.22970787 0.0550193 
0.08016055 0.23295352 0.05667527
0.0817839  0.23619749 0.05832398
0.08339066 0.23944119 0.05996002
0.08498754 0.24268371 0.0615884 
0.08657636 0.24592493 0.06321053
0.08815149 0.24916595 0.06482239
0.08971424 0.2524067  0.06642502
0.09127417 0.25564583 0.06802451
0.09282666 0.2588843  0.0696161 
0.09437152 0.2621223  0.07119941
0.23046638 0.21904426 0.23890152
0.23320679 0.22190555 0.24170229
0.23594585 0.2247658  0.24450176
0.23868369 0.22762511 0.24730004
0.24142045 0.23048357 0.25009727
0.24415619 0.23334131 0.25289354
0.24689108 0.23619841 0.25568899
0.24962519 0.23905499 0.25848371
0.25235866 0.24191112 0.26127782
0.25509157 0.24476693 0.26407143
0.25782405 0.24762248 0.26686464
0.26055617 0.25047789 0.26965756
0.26328806 0.25333323 0.27245029
0.26601979 0.25618861 0.27524292
0.2687515  0.25904408 0.27803557
0.27148314 0.26189982 0.2808283 
0.27421491 0.26475583 0.28362123
0.27694693 0.26761221 0.28641446
0.27967924 0.27046904 0.28920807
0.28241196 0.27332641 0.29200217
0.28514518 0.27618438 0.29479684
0.28787897 0.27904304 0.29759217
0.2906134  0.28190246 0.30038825
0.29334857 0.28476273 0.30318516
0.29608435 0.287624   0.30598294
0.29882155 0.29048611 0.30878112
0.30155988 0.2933493  0.31157965
0.30429942 0.29621364 0.31437859
0.30704025 0.2990792  0.31717801
0.30978246 0.30194604 0.31997799
0.31252614 0.30481423 0.32277857
0.31527142 0.30768383 0.32557976
0.31801835 0.3105549  0.32838165
0.32076699 0.31342751 0.33118435
0.32351737 0.31630175 0.3339879 
0.3262696  0.31917766 0.33679237
0.32902376 0.32205532 0.33959781
0.3317799  0.32493478 0.34240429
0.33453811 0.3278161  0.34521185
0.33729847 0.33069935 0.34802055
0.34006103 0.33358458 0.35083045
0.34282595 0.33647184 0.35364154
0.34559324 0.33936119 0.35645393
0.34836294 0.34225271 0.35926767
0.35113515 0.34514644 0.36208283
0.3539099  0.34804246 0.36489944
0.35668731 0.3509408  0.36771756
0.35946741 0.35384154 0.37053724
0.36225029 0.35674471 0.37335852
0.365036   0.35965039 0.37618146
0.36782464 0.36255861 0.3790061 
0.37061623 0.36546944 0.38183248
0.37341089 0.36838293 0.38466065
0.37620865 0.37129913 0.38749066
0.3790096  0.37421808 0.39032256
0.38181378 0.37713986 0.39315638
0.38462129 0.3800645  0.39599218
0.38743217 0.38299207 0.39882998
0.3902465  0.38592259 0.40166984
0.39306434 0.38885614 0.4045118 
0.39588576 0.39179275 0.4073559 
0.39871084 0.39473248 0.41020219
0.40153961 0.39767538 0.41305069
0.40437217 0.40062149 0.41590146
0.40720857 0.40357086 0.41875455
0.41004888 0.40652354 0.42160997
0.41289316 0.40947958 0.42446777
0.41574149 0.41243903 0.42732801
0.41859392 0.41540193 0.43019071
0.42145052 0.41836832 0.43305592
0.42431137 0.42133826 0.43592367
0.42717652 0.42431179 0.43879401
0.43004603 0.42728896 0.44166696
0.43291999 0.43026981 0.44454259
0.43579844 0.43325438 0.44742091
0.43868147 0.43624273 0.45030198
0.44156912 0.43923489 0.45318583
0.44446148 0.44223092 0.4560725 
0.4473586  0.44523085 0.45896203
0.45026057 0.44823472 0.46185445
0.45316752 0.45124256 0.46474974
0.45607943 0.45425443 0.467648  
0.45899638 0.45727038 0.47054928
0.46191843 0.46029045 0.47345361
0.46484565 0.46331469 0.47636105
0.46777811 0.46634312 0.47927162
0.47071587 0.46937581 0.48218538
0.47365899 0.47241278 0.48510236
0.47660755 0.47545409 0.4880226 
0.47956161 0.47849977 0.49094615
0.48252137 0.48154983 0.49387294
0.48548676 0.48460434 0.49680311
0.48845785 0.48766336 0.49973673
0.49143471 0.49072691 0.50267383
0.49441741 0.49379504 0.50561445
0.497406   0.4968678  0.50855865
0.50040056 0.49994522 0.51150648
0.50340117 0.50302735 0.51445794
0.50640801 0.50611418 0.51741301
0.50942101 0.5092058  0.52037184
0.51244023 0.51230225 0.52333448
0.51546575 0.51540357 0.52630098
0.51849762 0.5185098  0.5292714 
0.5215359  0.521621   0.53224579
0.5245807  0.52473718 0.53522416
0.52763218 0.52785835 0.53820649
0.53069026 0.53098462 0.54119293
0.533755   0.534116   0.54418356
0.53682648 0.53725256 0.54717842
0.53990474 0.54039432 0.55017757
0.54298985 0.54354134 0.55318108
0.54608198 0.54669361 0.55618888
0.54918113 0.54985121 0.55920109
0.55228731 0.5530142  0.56221782
0.55540057 0.55618261 0.56523913
0.55852097 0.5593565  0.56826509
0.56164856 0.5625359  0.57129574
0.56478342 0.56572086 0.57433114
0.56792573 0.56891138 0.57737123
0.57107541 0.57210756 0.58041621
0.57423249 0.57530943 0.58346614
0.57739702 0.57851706 0.58652108
0.58056908 0.58173048 0.58958111
0.58374869 0.58494974 0.59264628
0.58693599 0.58817487 0.5957166 
0.59013105 0.59140591 0.5987921 
0.59333382 0.59464293 0.60187294
0.59654434 0.59788599 0.60495918
0.59976267 0.60113514 0.6080509 
0.60298886 0.60439043 0.61114816
0.60622294 0.6076519  0.61425102
0.60946497 0.61091961 0.61735954
0.61271514 0.61419356 0.62047367
0.61597333 0.61747385 0.62359361
0.6192396  0.62076054 0.62671943
0.62251399 0.62405368 0.62985118
0.62579653 0.62735332 0.63298894
0.62908727 0.63065951 0.63613278
0.63238626 0.63397231 0.63928275
0.63569353 0.63729177 0.64243892
0.63900916 0.64061794 0.64560134
0.64233324 0.64395085 0.64877002
0.64566573 0.6472906  0.65194511
0.64900665 0.65063723 0.65512668
0.65235605 0.65399081 0.65831479
0.65571397 0.6573514  0.66150947
0.65907968 0.66071932 0.66471101
0.66245245 0.66409489 0.66791999
0.66583232 0.66747816 0.67113644
0.66921933 0.67086921 0.67436041
0.67261352 0.67426807 0.67759195
0.67601496 0.67767481 0.68083123
0.67942367 0.68108949 0.68407814
0.68283969 0.68451218 0.68733275
0.35097565 0.80126381 0.20264653
0.3541078  0.80507257 0.20238252
0.35728412 0.80888448 0.20209738
0.36050835 0.81269897 0.20179214
0.36378205 0.81651581 0.20146722
0.36710122 0.82033557 0.20112134
0.37046645 0.82415816 0.2007547 
0.37388582 0.82798233 0.2003699 
0.37735177 0.83180921 0.19996455
0.38086458 0.83563872 0.19953889
0.38443157 0.83946972 0.19909548
0.38804751 0.84330297 0.19863278
0.39171108 0.84713866 0.19815056
0.39542936 0.85097563 0.1976515 
0.39919765 0.85481459 0.19713429
0.40301409 0.85865578 0.19659862
0.40688655 0.86249792 0.19604776
0.41080867 0.86634196 0.19547991
0.41477944 0.87018803 0.19489516
0.41880758 0.87403466 0.19429724
0.42288402 0.87788327 0.19368356
0.42701145 0.88173336 0.19305577
0.43119371 0.88558425 0.19241601
0.43542397 0.88943701 0.19176241
0.43970784 0.89329063 0.19109816
0.44404301 0.89714546 0.19042322
0.44842553 0.90100209 0.18973684
0.45286453 0.90485891 0.18904338
0.45733464 0.90872055 0.18831715
0.46180649 0.91259166 0.18756742
0.46628016 0.91647232 0.18679496
0.4707571  0.92036253 0.18599331
0.47523643 0.92426242 0.18516807
0.479719   0.92817203 0.18431561
0.48420612 0.93209135 0.18342983
0.48869512 0.93602065 0.18252606
0.49318926 0.93995979 0.18158733
0.49768807 0.9439089  0.18061683
0.50219164 0.94786805 0.17961466
0.50669993 0.95183733 0.17858183
0.51121294 0.95581682 0.17751886
0.51573124 0.95980658 0.17642313
0.52025556 0.96380664 0.17529067
0.52478745 0.96781698 0.17411231
0.52932379 0.9718379  0.17290758
0.53386803 0.97586924 0.17165528
0.53841966 0.97991112 0.17035855
0.54298033 0.98396352 0.16900645
0.5475488  0.98802661 0.16760679
0.55213014 0.99210008 0.16612481
0.5567485  0.99618219 0.16439132
