0.0263155  0.15177465 0.01946145
0.02703268 0.15526369 0.02030236
0.02780936 0.15873553 0.0211905 
0.02858145 0.16220039 0.02209198
0.02934068 0.16565971 0.02300249
0.03008748 0.1691136  0.02392234
0.0308067  0.17256431 0.02484358
0.03150841 0.17601053 0.02577164
0.0321871  0.17945312 0.0267037 
0.03283963 0.18289259 0.02763818
0.03346527 0.18632909 0.02857482
0.03406395 0.18976272 0.02951368
0.03462992 0.19319425 0.03045184
0.03516205 0.19662384 0.03138881
0.0356659  0.20005089 0.03232768
0.03612571 0.20347728 0.03326022
0.03655448 0.20690155 0.03419347
0.03694216 0.21032487 0.03512225
0.0372864  0.2137475  0.03604547
0.03759505 0.21716863 0.03696745
0.03785526 0.22058965 0.03788155
0.03806565 0.22401069 0.0387872 
0.0382332  0.22743104 0.03968829
0.03835299 0.23085123 0.04058002
0.03842337 0.23427142 0.04144443
0.03843735 0.23769229 0.04228743
0.03839378 0.24111393 0.0431094 
0.03829521 0.2445361  0.04391247
0.03814018 0.24795891 0.04469674
0.03792566 0.25138265 0.04546153
0.03764893 0.25480754 0.04620634
0.03730904 0.25823364 0.04693152
0.03690492 0.26166104 0.04763735
0.03647799 0.26508665 0.04832761
0.03603415 0.26851069 0.04898425
0.03557022 0.27193363 0.04960341
0.03508961 0.2753554  0.0501841 
0.03459403 0.27877607 0.05072424
0.03408791 0.28219551 0.05122282
0.03357624 0.28561357 0.05167877
0.03306328 0.28903016 0.05209042
0.032554   0.29244517 0.05245609
0.03205394 0.29585846 0.05277356
0.03158607 0.29926877 0.05304307
0.03114189 0.30267694 0.05326051
0.03072894 0.30608276 0.05342373
0.03035544 0.30948598 0.05353043
0.03002935 0.31288642 0.05357755
0.02978546 0.31628223 0.05356523
0.02962266 0.31967389 0.05348886
0.02954136 0.32306175 0.05334305
0.02956583 0.32644471 0.05312648
0.0297391  0.32982072 0.05283675
0.03004243 0.33319131 0.05246748
0.03051847 0.33655453 0.05201449
0.03119547 0.3399093  0.051475  
0.03207669 0.34325599 0.05084145
0.03323269 0.34659128 0.05011273
0.03465092 0.34991652 0.04927791
0.03640863 0.3532282  0.04833548
0.03852212 0.35652618 0.0472769 
0.04101653 0.35980923 0.04609516
0.0438767  0.36307321 0.04478876
0.04706953 0.36631866 0.04334529
0.05060606 0.36954321 0.04176043
0.05450241 0.3727438  0.04002389
0.05876065 0.37591782 0.03814942
0.06335824 0.37906395 0.03617929
0.06828685 0.38217981 0.03412501
0.07353316 0.3852632  0.03200133
0.07907899 0.38831218 0.02982559
0.08490165 0.39132519 0.02761743
0.09097449 0.39430111 0.02539827
0.09726748 0.39723938 0.02319105
0.10374856 0.40014    0.02101844
0.11038476 0.40300353 0.01890214
0.11714904 0.40583036 0.01687334
0.12408197 0.40861372 0.01499449
0.13118967 0.41134997 0.01331955
0.13845362 0.414038   0.01191008
0.14584208 0.41667854 0.01083117
0.15332196 0.41927305 0.01015442
0.16084272 0.42182633 0.00992469
0.16835413 0.42434453 0.01017   
0.17581458 0.42683377 0.01090892
0.18319191 0.42929995 0.01214431
0.19046142 0.43174863 0.01386792
0.19760845 0.43418447 0.01606237
0.20462401 0.43661149 0.01870575
0.21150446 0.439033   0.02177357
0.21825977 0.44144971 0.02526059
0.22488818 0.44386446 0.02914112
0.23139052 0.44627969 0.03338045
0.23778678 0.44869345 0.03800143
0.2440693  0.45110964 0.04286756
0.25025813 0.45352578 0.04773702
0.25634614 0.45594544 0.0525616 
0.26235335 0.45836567 0.05737116
0.26827752 0.46078863 0.06213953
0.27412236 0.46321492 0.06686329
0.27989977 0.46564296 0.07155832
0.28561294 0.46807322 0.0762198 
0.29126332 0.47050651 0.0808421 
0.29685508 0.47294284 0.08542798
0.3023928  0.47538205 0.08998034
0.30788027 0.47782405 0.09450165
0.3133229  0.48026825 0.0989984 
0.31872221 0.48271503 0.1034689 
0.32408034 0.48516459 0.10791319
0.3293984  0.4876173  0.11233228
0.33468083 0.49007263 0.11672908
0.33992889 0.49253083 0.1211046 
0.34514439 0.49499197 0.12546015
0.3503302  0.4974558  0.12979765
0.35548659 0.49992276 0.13411739
0.36061671 0.50239242 0.13842194
0.36572375 0.50486426 0.14271603
0.37080606 0.50733925 0.14699595
0.37586631 0.50981704 0.15126342
0.38090535 0.51229777 0.15551898
0.38592346 0.51478175 0.15976275
0.390932   0.51726671 0.16397997
0.39594082 0.5197512  0.16814159
0.40095159 0.52223498 0.17224969
0.40596388 0.52471855 0.17630034
0.41097878 0.52720168 0.18029878
0.41599757 0.5296842  0.18424683
0.42102153 0.53216591 0.18814528
0.42604978 0.53464732 0.19199348
0.43108479 0.53712789 0.19579239
0.43612549 0.53960816 0.19954099
0.44117377 0.54208777 0.20323953
0.4462288  0.54456721 0.20688682
0.45129303 0.54704591 0.21048298
0.45636554 0.54952438 0.21402649
0.46144756 0.55200247 0.21751662
0.46654023 0.55448001 0.22095234
0.47164346 0.55695726 0.2243321 
0.47675798 0.55943422 0.22765444
0.4818847  0.5619108  0.2309178 
0.48702409 0.56438708 0.23412035
0.49217746 0.56686286 0.23726023
0.49734268 0.56933938 0.24032812
0.50252203 0.57181589 0.24332722
0.50771696 0.57429213 0.24625571
0.51292747 0.57676834 0.24911083
0.51815424 0.57924453 0.25188977
0.52339472 0.58172226 0.25458015
0.52865091 0.5842009  0.25718364
0.5339247  0.58667991 0.25970029
0.5392142  0.58916038 0.26212297
0.54451743 0.59164376 0.26443816
0.54983699 0.59412883 0.26665483
0.55517114 0.59661693 0.26876019
0.56051726 0.59910941 0.27074762
0.56587742 0.60160538 0.27262327
0.57124527 0.60410843 0.27436262
0.5766244  0.60661651 0.27598374
0.58200658 0.60913404 0.2774606 
0.587395   0.61165913 0.27881128
0.59278065 0.61419651 0.28001016
0.59816603 0.61674446 0.28107741
0.60354218 0.61930756 0.28199145
0.60890963 0.62188505 0.28276862
0.61426194 0.62448001 0.28340002
0.61959607 0.62709359 0.2838907 
0.6249095  0.62972663 0.28424858
0.63019567 0.6323823  0.28446547
0.6354559  0.63505928 0.28456415
0.64068243 0.63776157 0.28452944
0.64587785 0.64048722 0.28438742
0.65103679 0.64323902 0.28412912
0.65616416 0.64601466 0.28376813
0.66125595 0.64881576 0.28330947
0.66631206 0.65164228 0.28276023
0.67132608 0.65449706 0.28212058
0.6762942  0.65738178 0.28139284
0.68121603 0.66029667 0.2805819 
0.68608089 0.66324633 0.27968758
0.69089524 0.66622798 0.2787198 
0.69564552 0.66924749 0.27767743
0.70033816 0.67230202 0.27657102
0.70496699 0.67539424 0.27540391
0.70953034 0.67852484 0.27418191
0.71403152 0.68169234 0.27291361
0.7184623  0.68490033 0.27160005
0.72283352 0.68814404 0.27025333
0.72713278 0.69142892 0.268871  
0.73137517 0.69474835 0.26746678
0.73554765 0.6981081  0.26603616
0.73966542 0.70150151 0.26459147
0.74371884 0.70493292 0.26312891
0.74771834 0.70839778 0.26165664
0.75166222 0.71189687 0.26017634
0.75555103 0.71543012 0.25868723
0.75939295 0.71899393 0.25719625
0.76318275 0.72259076 0.25569924
0.76692604 0.72621821 0.25420003
0.77062768 0.72987427 0.25270047
0.77428658 0.73355944 0.25120073
0.77790175 0.73727436 0.2496975 
0.78148028 0.74101599 0.24819446
0.78502359 0.74478377 0.24669209
0.78853304 0.74857725 0.24518945
0.79200623 0.75239755 0.24368409
0.79544714 0.75624305 0.24217685
0.79885852 0.76011265 0.24066758
0.80224166 0.76400584 0.23915744
0.8055976  0.7679223  0.23764406
0.80892745 0.77186164 0.23612697
0.81223224 0.77582351 0.23460512
0.81551295 0.77980757 0.23307757
0.81877059 0.78381348 0.23154386
0.82200616 0.78784086 0.23000401
0.82522037 0.79188955 0.2284549 
0.82841422 0.79595916 0.22689738
0.83158849 0.80004944 0.22533005
0.83474385 0.80416025 0.22375067
0.83788138 0.8082911  0.22216126
0.8410014  0.81244205 0.22055725
0.84410502 0.81661262 0.21894091
0.84719066 0.82080399 0.21729371
0.8502722  0.82501139 0.21558532
0.85335886 0.8292309  0.21382288
0.85645069 0.83346259 0.21200472
0.85954777 0.83770652 0.21012931
0.86264998 0.84196287 0.2081932 
0.86575767 0.84623152 0.20619689
0.86887054 0.85051276 0.20413513
0.87198866 0.85480666 0.20200576
0.87511219 0.85911321 0.19980709
0.87824103 0.8634326  0.19753502
0.88137514 0.86776494 0.19518572
0.88451512 0.87210999 0.19276082
0.8876614  0.8764676  0.19026051
0.89081287 0.88083853 0.18767053
0.89396941 0.88522297 0.18498497
0.8971308  0.88962116 0.18219635
0.90029954 0.89403173 0.17932346
0.90347353 0.89845602 0.17634022
0.90665151 0.90289489 0.17322703
0.90983799 0.9073458  0.17002256
0.91302791 0.91181184 0.16666683
0.91622526 0.91629077 0.16319294
0.91942598 0.9207851  0.15954668
0.92263501 0.92529204 0.15577177
0.92584905 0.92981363 0.15181883
0.92906839 0.93434982 0.14767637
0.93229315 0.93890066 0.14332874
0.93552387 0.94346595 0.13876342
0.9387592  0.94804658 0.13393975
0.94200047 0.95264191 0.12884802
0.94524594 0.95725304 0.12343101
0.94849517 0.96188036 0.11763931
0.95174563 0.96652541 0.11137845
0.95496964 0.97120411 0.10409668
