0.01053477 0.09602939 0.00216256
0.01171765 0.09957053 0.00278706
0.01297925 0.10308666 0.00346543
0.01428978 0.10658572 0.00418453
0.01564703 0.11006901 0.00494349
0.01705236 0.11353698 0.00574305
0.01850269 0.11699096 0.00658186
0.01999773 0.12043165 0.00745987
0.02153764 0.1238596  0.00837724
0.02311862 0.12727607 0.0093322 
0.02474331 0.13068108 0.0103261 
0.02640851 0.1340757  0.01135742
0.02811859 0.1374596  0.01242842
0.02986436 0.1408348  0.01353453
0.03165246 0.14420056 0.01467917
0.03348151 0.14755749 0.0158617 
0.03535036 0.15090617 0.0170816 
0.03725431 0.15424766 0.01833651
0.03919649 0.15758177 0.01962808
0.04116116 0.16090879 0.02095648
0.04309702 0.16422923 0.02232103
0.04501433 0.16754345 0.02372145
0.04691376 0.17085179 0.02515757
0.04879603 0.17415452 0.0266293 
0.05066176 0.17745196 0.0281365 
0.05251132 0.18074441 0.02967889
0.0543453  0.18403212 0.0312564 
0.05616409 0.18731539 0.03286882
0.05796804 0.19059447 0.03451594
0.05975399 0.19387018 0.03619504
0.06152617 0.19714214 0.0379086 
0.06328489 0.2004106  0.03965647
0.0650301  0.20367584 0.04141474
0.06676377 0.20693781 0.04315401
0.06848482 0.21019692 0.04488241
0.07018804 0.21345427 0.04659622
0.0718794  0.21670913 0.04830003
0.07356056 0.21996147 0.04999521
0.07523058 0.22321166 0.05168119
0.07688573 0.2264605  0.05335533
0.07852813 0.22970787 0.0550193 
0.08016055 0.23295352 0.05667527
0.0817839  0.23619749 0.05832398
0.08339066 0.23944119 0.05996002
0.08498754 0.24268371 0.0615884 
0.08657636 0.24592493 0.06321053
0.08815149 0.24916595 0.06482239
0.08971424 0.2524067  0.06642502
0.09127417 0.25564583 0.06802451
0.09282666 0.2588843  0.0696161 
0.09437152 0.2621223  0.07119941
0.09590608 0.26536039 0.07277342
0.0974317  0.2685985  0.07433871
0.09895109 0.27183637 0.07589653
0.10046066 0.27507468 0.07744539
0.10196035 0.27831358 0.07898525
0.10345547 0.28155238 0.08051844
0.10494108 0.28479198 0.08204289
0.10641739 0.28803247 0.08355873
0.10788808 0.29127341 0.0850676 
0.10935123 0.29451521 0.08656858
0.11080543 0.29775821 0.08806115
0.11225197 0.30100233 0.08954591
0.11369388 0.30424721 0.09102411
0.11512741 0.30749355 0.09249421
0.11655242 0.31074148 0.09395605
0.11797213 0.31399061 0.0954111 
0.11938607 0.31724112 0.09685918
0.12079179 0.32049349 0.0982991 
0.12218982 0.32374773 0.0997312 
0.12358419 0.32700334 0.1011572 
0.12497178 0.3302609  0.10257561
0.1263521  0.33352056 0.10398633
0.1277255  0.33678238 0.10538954
0.12909496 0.340046   0.10678626
0.13045872 0.34331177 0.10817591
0.13181584 0.34657993 0.10955805
0.13316602 0.34985062 0.11093237
0.13451222 0.35312348 0.11230028
0.135854   0.35639867 0.11366139
0.13718973 0.3596765  0.11501508
0.13851926 0.36295711 0.11636117
0.13984311 0.36624049 0.11769991
0.14116462 0.36952622 0.11903256
0.14248112 0.37281478 0.120358  
0.14379218 0.37610634 0.12167596
0.14509814 0.3794009  0.1229866 
0.14639869 0.38269861 0.12428956
0.14769728 0.38599902 0.12558642
0.14899189 0.38930253 0.12687605
0.15028208 0.39260926 0.12815837
0.15156767 0.39591932 0.1294331 
0.15284908 0.39923274 0.13070039
0.15412669 0.40254952 0.13196039
0.15540237 0.40586948 0.13321354
0.15667529 0.4091928  0.1344596 
0.15794489 0.41251964 0.13569826
0.15921095 0.41585012 0.13692916
0.16047389 0.41918424 0.13815245
0.16173398 0.42252204 0.13936815
0.16299152 0.42586354 0.14057629
0.16424661 0.42920881 0.14177663
0.16550163 0.43255757 0.14297014
0.16675454 0.43591019 0.14415582
0.16800564 0.4392667  0.14533366
0.16925519 0.44262713 0.14650363
0.17050341 0.44599153 0.14766565
0.17175038 0.44935995 0.14881952
0.17299641 0.45273242 0.1499652 
0.17424191 0.45610896 0.15110275
0.17548715 0.45948959 0.15223209
0.17673241 0.46287434 0.15335314
0.17797795 0.46626326 0.15446578
0.17922411 0.46965635 0.15556995
0.18047108 0.47305368 0.15666547
0.18171927 0.47645525 0.15775232
0.18296888 0.4798611  0.15883027
0.18422035 0.48327125 0.15989929
0.18547406 0.48668571 0.16095931
0.18673037 0.49010449 0.1620102 
0.18798967 0.49352763 0.16305183
0.18925218 0.49695516 0.16408394
0.19051816 0.50038713 0.16510625
0.19178839 0.50382348 0.16611894
0.19306304 0.50726428 0.16712162
0.19434285 0.51070955 0.16811249
0.19563095 0.51415895 0.1690916 
0.1969277  0.51761252 0.17005897
0.20015356 0.50402331 0.44797525
0.2013535  0.50742451 0.45055835
0.20255095 0.5108311  0.45314221
0.20374558 0.51424324 0.45572651
0.20493627 0.51766119 0.45831043
0.20612533 0.52108455 0.46089579
0.20730954 0.52451401 0.4634802 
0.20849205 0.52794903 0.4660659 
0.20966909 0.53139027 0.46865155
0.21084856 0.53483674 0.47123735
0.21201965 0.53828993 0.47382311
0.21319913 0.54174773 0.47640857
0.21437069 0.5452123  0.47899411
0.21554337 0.54868255 0.4815794 
0.21671603 0.55215868 0.4841646 
0.21788204 0.55564158 0.48674983
0.21905652 0.5591294  0.48933469
0.22022415 0.56262414 0.49191961
0.22139296 0.56612485 0.49450435
0.22256365 0.56963149 0.49708891
0.22372809 0.57314516 0.49967351
0.22490075 0.57666409 0.50225773
0.22606966 0.58018983 0.50484195
0.22723633 0.58372228 0.507426  
0.2284105  0.58726027 0.51000981
0.2295792  0.59080547 0.51259351
0.23075155 0.59435682 0.51517699
0.2319269  0.59791446 0.51776022
0.23309788 0.60147935 0.52034335
0.2342768  0.60505005 0.52292612
0.23545606 0.60862754 0.52550871
0.23663144 0.61221242 0.52809108
0.23781858 0.61580281 0.5306731 
0.23900368 0.61940049 0.5332548 
0.24018642 0.62300555 0.53583634
0.24138245 0.62661613 0.53841734
0.24257654 0.63023417 0.54099807
0.24376917 0.63385966 0.54357855
0.24497557 0.63749082 0.54615839
0.24618133 0.64112947 0.54873791
0.24738657 0.64477565 0.55131708
0.24860491 0.64842777 0.55389557
0.24982513 0.65208727 0.55647361
0.25104603 0.65575435 0.55905121
0.25227768 0.65942786 0.56162808
0.2535156  0.6631084  0.56420437
0.25475539 0.66679659 0.5667801 
0.25600231 0.67049183 0.56935517
0.25726135 0.67419362 0.57192941
0.25852352 0.67790309 0.57450295
0.25978935 0.68162025 0.57707578
0.26107092 0.68534371 0.5796477 
0.26235951 0.68907459 0.58221878
0.26365311 0.6928132  0.58478899
0.26495389 0.69655936 0.58735822
0.26627255 0.70031184 0.58992638
0.26759782 0.70407207 0.59249353
0.26893018 0.70784006 0.5950596 
0.27027283 0.7116155  0.59762453
0.27163413 0.71539747 0.6001882 
0.27300432 0.71918719 0.60275066
0.27438405 0.72298466 0.60531185
0.27577399 0.72678988 0.6078717 
0.27718613 0.73060148 0.61043007
0.27861027 0.73442076 0.612987  
0.28004655 0.73824777 0.61554243
0.28149568 0.7420825  0.6180963 
0.28296151 0.74592457 0.62064853
0.28444929 0.74977342 0.62319898
0.28595192 0.75362997 0.62574767
0.28747024 0.7574942  0.62829453
0.28900509 0.76136608 0.63083951
0.29055737 0.76524558 0.63338255
0.29213709 0.76913158 0.63592351
0.29373566 0.77302518 0.63846235
0.29535405 0.77692633 0.64099907
0.29699319 0.78083499 0.64353361
0.29865358 0.78475119 0.64606578
0.30033653 0.78867484 0.64859562
0.30204766 0.79260534 0.65112308
0.30378567 0.79654293 0.65364793
0.305549   0.80048785 0.65617031
0.30733827 0.80444011 0.65869002
0.30915463 0.80839964 0.66120702
0.31099909 0.81236639 0.66372126
0.31287277 0.8163403  0.66623269
0.31477667 0.82032132 0.66874123
0.31671206 0.82430936 0.67124687
0.31868247 0.82830407 0.67374945
0.32068822 0.83230547 0.67624906
0.32272818 0.83631377 0.67874552
0.32480365 0.84032887 0.68123886
0.32691587 0.84435068 0.68372907
0.32906581 0.84837914 0.68621603
0.33125388 0.8524143  0.68869936
0.33345645 0.85645881 0.69118229
0.33566134 0.8605139  0.69366876
0.33786859 0.86457964 0.6961588 
0.34007824 0.86865612 0.69865243
0.3422903  0.87274339 0.70114966
0.34450481 0.87684155 0.7036505 
0.34672178 0.88095066 0.70615497
0.34894122 0.88507081 0.70866307
0.3511626  0.88920217 0.71117455
0.35338892 0.89334433 0.71369086
0.35561944 0.8974975  0.71621165
0.35785219 0.90166207 0.71873597
0.36008618 0.90583828 0.72126336
0.3623212  0.91002626 0.7237937 
0.36456357 0.91422507 0.72633007
0.36680916 0.91843545 0.72887048
0.36905363 0.9226582  0.73141281
0.37130586 0.92689196 0.7339614 
0.3735589  0.93113795 0.73651286
0.37581548 0.93539581 0.73906854
0.3780746  0.93966578 0.74162794
0.38033945 0.94394743 0.74419265
0.38260345 0.94824193 0.74675943
0.38487133 0.9525486  0.7493306 
0.38714515 0.95686717 0.75190722
0.38941945 0.96119864 0.75448656
0.39169495 0.96554298 0.75706898
0.39397778 0.96989928 0.75965756
0.39625412 0.97426988 0.76224538
0.39853438 0.97865319 0.76483764
0.40081563 0.98304976 0.76743288
0.40307991 0.98746266 0.770022  
0.40526413 0.99190242 0.77257291
