0.01893796 0.10190362 0.00344871
0.0214033  0.10898831 0.00450847
0.02402505 0.11600651 0.00568114
0.02673585 0.12297745 0.00693276
0.02953273 0.12990524 0.00826161
0.03239771 0.13679626 0.0096581 
0.03531312 0.14365601 0.01111266
0.03827449 0.15048725 0.01262267
0.04128246 0.15728888 0.01419892
0.04416286 0.16407258 0.01580591
0.04697043 0.17083322 0.01746748
0.04967812 0.17757772 0.01916235
0.05229098 0.18430781 0.02088771
0.05482118 0.19102389 0.02264629
0.05725781 0.19772971 0.02442577
0.0596778  0.20441755 0.02621727
0.06208432 0.21108984 0.02798668
0.0644722  0.21774916 0.02972232
0.06684822 0.22439642 0.0314129 
0.0692191  0.2310325  0.03304635
0.07160782 0.23765613 0.03461228
0.07401991 0.24426821 0.03609768
0.07645375 0.25087044 0.03748877
0.07892627 0.25746225 0.03877008
0.08146602 0.26404141 0.0399331 
0.08405798 0.27061117 0.04094827
0.08674591 0.27716731 0.04180318
0.08952395 0.2837119  0.04248809
0.09241603 0.29024304 0.04299805
0.09544396 0.29675903 0.04332611
0.09861888 0.30325959 0.04345257
0.10196206 0.30974264 0.04337596
0.10550481 0.31620517 0.04307247
0.10924596 0.3226476  0.0425327 
0.11323063 0.3290645  0.04174226
0.11747225 0.33545424 0.04067576
0.12198281 0.34181484 0.03930613
0.12689204 0.34812902 0.03763944
0.13292689 0.35429955 0.0356058 
0.14421758 0.35964404 0.03860015
0.15539594 0.36477913 0.05028321
0.16548218 0.37000185 0.0619316 
0.17506396 0.37525281 0.07312997
0.18432296 0.38051571 0.08391683
0.19331299 0.38579172 0.09430676
0.20212368 0.39106994 0.10442649
0.21079778 0.39634687 0.11434029
0.21935801 0.40162223 0.12408232
0.22781985 0.40689655 0.13367893
0.2361934  0.41217113 0.14314607
0.2445001  0.41744382 0.15251671
0.25273231 0.42271969 0.16178008
0.26089651 0.42800001 0.17094583
0.26904676 0.43327107 0.18011552
0.27715049 0.43854498 0.18922101
0.28520302 0.4438255  0.19825364
0.29324573 0.44910127 0.20729382
0.30125608 0.45438152 0.21629331
0.3092314  0.4596691  0.22524461
0.31721459 0.46495084 0.23423195
0.32515545 0.47024575 0.24315473
0.33311618 0.47553364 0.25212686
0.34105522 0.48083101 0.26105953
0.34899181 0.48613256 0.26998436
0.35692375 0.49144023 0.27889849
0.36486168 0.49675136 0.28781894
0.37279047 0.5020725  0.29672232
0.38072696 0.50739864 0.30563506
0.38866398 0.51273344 0.31454611
0.39660545 0.51807648 0.32346155
0.40455427 0.52342764 0.33238577
0.41250133 0.52879147 0.34130429
0.42046076 0.53416344 0.35023921
0.42842342 0.5395481  0.35917585
0.43639386 0.54494462 0.36812108
0.44437597 0.55035233 0.37708076
0.4523602  0.55577611 0.38603944
0.46035925 0.56121161 0.39501696
0.46836708 0.56666226 0.40400328
0.47638259 0.57212946 0.41299623
0.48441433 0.57761041 0.42200918
0.49245379 0.58310969 0.43102805
0.50050594 0.58862605 0.44006035
0.50857433 0.59415875 0.44911141
0.51665043 0.59971248 0.45816706
0.52474305 0.60528418 0.46724108
0.53285346 0.61087409 0.47633512
0.54097177 0.61648762 0.48543264
0.54910889 0.62212061 0.49455101
0.55726464 0.62777396 0.50368942
0.56543028 0.63345267 0.51283316
0.57361396 0.63915373 0.52199511
0.58181768 0.64487703 0.53117811
0.59003534 0.65062636 0.54037166
0.59826876 0.65640172 0.54957828
0.60652364 0.66220117 0.55880699
0.61479931 0.66802585 0.56805629
0.62308767 0.67388069 0.57731217
0.63139701 0.67976241 0.58658794
0.63972782 0.6856716  0.59588399
0.64807732 0.69161055 0.60519517
0.65644425 0.69758077 0.61451903
0.66483412 0.70358031 0.6238643 
0.67324522 0.70961093 0.63322755
0.68167725 0.71567366 0.64260776
0.69012801 0.72177053 0.65200102
0.69860133 0.72790043 0.66141317
0.70709593 0.73406495 0.67084143
0.71561375 0.74026394 0.68028872
0.72416283 0.74649393 0.68976862
0.73272695 0.75276477 0.69925084
0.74131394 0.75907315 0.70874862
0.74992645 0.76541852 0.71826609
0.75855902 0.77180485 0.72779316
0.76722    0.77822844 0.737344  
0.77590155 0.78469461 0.74690425
0.78460532 0.79120343 0.75647627
0.79333623 0.79775308 0.76606826
0.80208869 0.80434771 0.77566977
0.8108613  0.81098913 0.78527773
0.81965045 0.81768043 0.79488517
0.82846505 0.82441755 0.80450737
0.8372956  0.83120698 0.81412685
0.84614477 0.83804827 0.82374777
0.85500357 0.8449477  0.8333535 
0.86386964 0.85190781 0.84293919
0.87273235 0.85893598 0.85248519
0.88152435 0.86600445 0.86190572
0.87491334 0.8577559  0.85540292
0.86877786 0.84935299 0.84852975
0.86278831 0.84094349 0.84174801
0.85692046 0.83253699 0.83504667
0.85114554 0.82414527 0.82841251
0.84545785 0.81576973 0.82184284
0.83983422 0.80741986 0.81532688
0.83430242 0.79908171 0.80887745
0.82882995 0.79076915 0.80247938
0.82342417 0.78247769 0.79613602
0.81807183 0.77421243 0.78984106
0.81277815 0.76596987 0.78359688
0.80754146 0.75774972 0.7774026 
0.80235371 0.74955476 0.77125433
0.79721199 0.74138535 0.7651506 
0.79214001 0.73322897 0.75910264
0.78710909 0.72509839 0.75309673
0.78211826 0.71699309 0.74713229
0.77717007 0.70891083 0.74121045
0.77226841 0.70084862 0.73533305
0.76741957 0.69280223 0.7295031 
0.76260476 0.68477997 0.72371142
0.75781765 0.67678409 0.71795481
0.75308824 0.66879828 0.71224796
0.74838557 0.66083724 0.7065756 
0.74372236 0.6528934  0.70094397
0.73909176 0.64497203 0.69532532
0.73450553 0.63706453 0.68973745
0.72996182 0.62917146 0.68417272
0.72545969 0.62129254 0.67862733
0.72099856 0.61342589 0.67310959
0.71657753 0.60557183 0.66760988
0.71219479 0.59772995 0.66212899
0.70784947 0.58989874 0.65667257
0.70354108 0.5820785  0.6512297 
0.69926831 0.57426809 0.64580452
0.69502963 0.56646655 0.64040079
0.69082408 0.55867444 0.63500688
0.68665135 0.55088989 0.62962852
0.68250972 0.54311204 0.62426877
0.67839761 0.53534173 0.61891627
0.67431517 0.52757685 0.61357601
0.67026126 0.51981608 0.60825169
0.66623347 0.51206049 0.60293328
0.66223083 0.50430895 0.59762216
0.65825296 0.49655939 0.59232385
0.65429834 0.48881196 0.58703151
0.65036501 0.48106673 0.58174067
0.64645241 0.47332129 0.57645943
0.64255989 0.46557462 0.57118527
0.63868522 0.45782791 0.56590583
0.63482786 0.45007806 0.56063301
0.63098652 0.44232411 0.55536575
0.62715934 0.43456686 0.55009221
0.62334463 0.42680455 0.54481828
0.61954154 0.41903526 0.53954663
0.61574905 0.41125818 0.53427244
0.61196483 0.40347364 0.52898811
0.60818869 0.39567811 0.52370304
0.60441887 0.38787049 0.51841604
0.60065314 0.38005131 0.51311631
0.59688975 0.37221857 0.50780796
0.59312783 0.36436962 0.50249431
0.58936649 0.35650227 0.49717443
0.58560314 0.34861761 0.49183362
0.58183628 0.34071168 0.48648393
0.57806482 0.33278196 0.48112456
0.57428665 0.32482696 0.47575229
0.57049881 0.3168469  0.47035647
0.56670205 0.30883537 0.46494775
0.56289396 0.30079009 0.45952485
0.55908426 0.2926982  0.45408642
0.55522004 0.28459205 0.44867661
0.55134024 0.27643298 0.44329729
0.54744104 0.26821755 0.4379501 
0.54351108 0.25994927 0.43263526
0.53955433 0.25161647 0.42735651
0.5355597  0.24322094 0.42211772
0.53152103 0.23476051 0.41691833
0.52746108 0.2262001  0.41176694
0.52335359 0.21755568 0.40666157
0.51921304 0.2087965  0.4016122 
0.51503141 0.19991464 0.39662357
0.51079794 0.19090313 0.39170412
0.50650676 0.18174629 0.38686585
0.50216543 0.17240749 0.38212082
0.49777594 0.16284856 0.37748705
0.49329026 0.15309295 0.37299322
0.48874388 0.14303613 0.3686769 
0.48407671 0.13269828 0.36459409
0.47924628 0.12206207 0.36082992
0.47413868 0.11121754 0.35752765
0.46852643 0.10051339 0.35483592
0.46198193 0.09097637 0.35262454
0.45440317 0.08337824 0.35027918
0.44592528 0.07805263 0.34709449
0.43688323 0.07456127 0.34276028
0.42763638 0.07197718 0.33754535
0.41834346 0.06977238 0.33176215
0.40905952 0.06770997 0.32561742
0.3998086  0.06567204 0.31922635
0.3905827  0.06364518 0.31264864
0.3813968  0.06156452 0.30593625
0.37224362 0.05942979 0.29911816
0.36312906 0.05720882 0.29222384
0.3540383  0.054934   0.28525062
0.34497656 0.0525769  0.2782218 
0.33594516 0.05012415 0.27114811
0.3269366  0.04758623 0.26403265
0.31795183 0.0449513  0.25688193
0.30898935 0.04221345 0.24970032
0.30003797 0.03938265 0.24248553
0.29110339 0.03651147 0.23524473
0.28216634 0.03369732 0.22798165
0.27323052 0.03092331 0.22071263
0.26430067 0.02817914 0.21344024
0.25537187 0.02547845 0.20616087
0.24643797 0.02283621 0.1988701 
0.23750089 0.0202489  0.19156867
0.22855293 0.01773335 0.18425111
0.2195922  0.01529312 0.17691568
0.21062164 0.01292299 0.16956379
0.20162453 0.01065345 0.16218406
0.19260307 0.00847881 0.15477741
0.18354632 0.00641554 0.14733618
0.17445612 0.0044583  0.13986113
0.16531598 0.0026291  0.13234101
0.15611592 0.00093705 0.1247688 
