0.01828156 0.10205356 0.00312212
0.020746   0.10912964 0.00417632
0.02332527 0.11614858 0.00532262
0.02599183 0.12312043 0.00654698
0.0287325  0.13005116 0.00784234
0.03154706 0.13694375 0.00920837
0.03441939 0.14380364 0.01063645
0.03734454 0.15063386 0.01212381
0.04029544 0.15744056 0.01365585
0.04319238 0.16422179 0.01524513
0.04597604 0.17098564 0.01686742
0.04867241 0.17773126 0.01853044
0.05128142 0.18446117 0.02022904
0.05380817 0.1911769  0.02196164
0.05623471 0.19788354 0.02370222
0.05866596 0.20456955 0.02545314
0.06107462 0.21124119 0.02718155
0.06346434 0.21789993 0.02887431
0.0658439  0.22454643 0.03052165
0.06823859 0.23117927 0.03211211
0.07064412 0.23780062 0.03363378
0.07306258 0.24441183 0.03507142
0.07551435 0.25101183 0.03641549
0.07802264 0.25759926 0.03765213
0.0805772  0.26417672 0.038768  
0.0832057  0.27074224 0.0397465 
0.08592338 0.27729517 0.04057355
0.08873074 0.28383663 0.04122246
0.0916744  0.29036201 0.04169656
0.09473479 0.29687479 0.04197771
0.09796878 0.30336877 0.042064  
0.10136409 0.30984635 0.04193237
0.10495693 0.31630352 0.04157733
0.10877359 0.32273749 0.04097884
0.11281602 0.32914815 0.04011387
0.11711872 0.33553103 0.03897138
0.12171054 0.3418823  0.03754087
0.12677439 0.34817723 0.03582548
0.13337449 0.35427226 0.03378009
0.14550091 0.35944524 0.0394858 
0.15634688 0.36461354 0.0513702 
0.16630547 0.36984767 0.06298032
0.1758197  0.37510225 0.07415932
0.18499631 0.38037496 0.08484557
0.19395886 0.38565023 0.09522341
0.2027621  0.39092399 0.10535312
0.21139444 0.39620525 0.11521532
0.21992321 0.40148348 0.1249143 
0.22834252 0.40676431 0.13444587
0.23670415 0.41203782 0.14390318
0.24498976 0.41731216 0.15325039
0.2532079  0.42258817 0.16250012
0.26136317 0.42786747 0.17165945
0.26948695 0.43314317 0.18078697
0.27758391 0.4384159  0.18988899
0.28562851 0.44369576 0.19891588
0.2936479  0.44897614 0.20791935
0.3016523  0.45425551 0.21691565
0.30961548 0.45954448 0.22585114
0.3175843  0.46482857 0.2348183 
0.32551912 0.47012309 0.24373677
0.33346669 0.47541339 0.2526883 
0.34139552 0.48071232 0.26160537
0.34932575 0.48601421 0.27052067
0.35724807 0.49132348 0.27942027
0.36517684 0.49663617 0.2883269 
0.3730992  0.501958   0.29722076
0.38102677 0.50728584 0.3061201 
0.3889576  0.51262144 0.31502198
0.39688965 0.51796659 0.32392317
0.40483179 0.52331891 0.33283744
0.4127709  0.52868449 0.34174398
0.42072228 0.53405834 0.35066675
0.42867974 0.53944383 0.35959573
0.43664222 0.54484237 0.36852889
0.44461772 0.55025165 0.3774786 
0.4525959  0.55567683 0.38642816
0.4605875  0.5611144  0.39539427
0.46859042 0.56656611 0.4043732 
0.47659862 0.57203547 0.41335489
0.48462335 0.57751853 0.42235702
0.49265817 0.58301895 0.43136883
0.50070336 0.58853752 0.4403903 
0.50876492 0.59407246 0.44943067
0.51683701 0.59962722 0.4584802 
0.52492371 0.60520086 0.46754497
0.53302779 0.61079296 0.47662902
0.54114184 0.61640779 0.48571988
0.54927266 0.62204307 0.49482821
0.55742215 0.62769875 0.50395663
0.56558353 0.63337889 0.51309359
0.57376128 0.63908223 0.52224599
0.58195909 0.64480786 0.53141943
0.59017261 0.6505587  0.54060632
0.59840025 0.65633642 0.54980352
0.60665055 0.66213768 0.55902485
0.61492139 0.66796434 0.56826622
0.62320499 0.67382115 0.57751429
0.631509   0.67970518 0.58678125
0.6398345  0.68561672 0.5960685 
0.64818042 0.69155716 0.60537375
0.65654276 0.69752943 0.61468998
0.66492754 0.70353131 0.62402675
0.67333363 0.70956427 0.63338157
0.68176075 0.71562932 0.64275351
0.69020861 0.72172748 0.65214189
0.69867714 0.7278597  0.66154591
0.70716706 0.73402652 0.6709662 
0.71568117 0.74022731 0.68040721
0.72422531 0.7464598  0.68987855
0.73278655 0.75273205 0.69935582
0.74137009 0.75904216 0.70884763
0.74997789 0.76539    0.71835691
0.75860707 0.77177808 0.72787807
0.76726357 0.77820405 0.73742108
0.77594168 0.78467205 0.74697531
0.78464149 0.791183   0.75654038
0.79336888 0.79773456 0.76612619
0.80211816 0.80433093 0.77572209
0.81088632 0.81097482 0.7853222 
0.81967241 0.81766782 0.79492425
0.82848391 0.82440667 0.80454097
0.83731113 0.831198   0.81415453
0.84615731 0.83804098 0.82377013
0.85501298 0.84494222 0.8333703 
0.8638764  0.85190386 0.84295127
0.87273603 0.85893382 0.85249178
0.88152542 0.86600382 0.86190764
0.87494082 0.85774888 0.8553641 
0.86887545 0.84932635 0.84840704
0.8629585  0.84089668 0.84153539
0.85716143 0.83247118 0.83473798
0.85145271 0.82406269 0.82800235
0.84585138 0.81566139 0.82133593
0.84031269 0.80728629 0.81472096
0.83484545 0.79893232 0.80816076
0.82944173 0.79060196 0.80165204
0.82410475 0.78229263 0.79519597
0.81883769 0.77400172 0.78879369
0.81361922 0.76573804 0.78243653
0.80846941 0.75749113 0.77613243
0.80336347 0.74927153 0.76987127
0.79831032 0.74107399 0.76365651
0.79330738 0.73289868 0.75748699
0.78834004 0.72475155 0.75135658
0.78342369 0.71662419 0.74527147
0.77856599 0.70851176 0.73923475
0.77374532 0.70042367 0.73323738
0.76895197 0.69236374 0.72727517
0.76421727 0.68431544 0.72136109
0.75951715 0.67628958 0.715485  
0.75484068 0.66829069 0.70964215
0.75022063 0.66030115 0.70384632
0.74562787 0.65233461 0.69808509
0.74107284 0.64438469 0.69236281
0.73648144 0.6364795  0.68672956
0.7319122  0.62859293 0.68116647
0.72733049 0.62073836 0.67569242
0.7227393  0.61291391 0.67030512
0.71815998 0.60510999 0.66499136
0.71354975 0.59734337 0.65977883
0.70893465 0.58960297 0.65464772
0.7043218  0.58188504 0.64959279
0.69966458 0.57420847 0.64464467
0.69500202 0.56655623 0.63977686
0.69033338 0.55892815 0.6349871 
0.68561358 0.55134308 0.63030433
0.68088148 0.54378362 0.62570285
0.67613654 0.53624952 0.62118047
0.6713402  0.52875743 0.61676076
0.66651998 0.52129467 0.61242489
0.66168161 0.51385808 0.60816797
0.65679665 0.50646034 0.60400535
0.6518734  0.49909739 0.5999298 
0.6469268  0.49176195 0.59592961
0.64194236 0.48446033 0.59201246
0.63690514 0.47719926 0.58818638
0.63184177 0.46996596 0.58443112
0.62675095 0.46276064 0.58074518
0.62159386 0.45560151 0.57715331
0.61640966 0.44846956 0.57362626
0.61119829 0.44136444 0.57016156
0.60593101 0.43429973 0.56677744
0.60062723 0.42726552 0.56345915
0.59529797 0.42025594 0.56019655
0.58992279 0.41328078 0.55700156
0.58450524 0.40633769 0.55387106
0.57906543 0.39941587 0.5507895 
0.57358714 0.39252302 0.54776635
0.56806525 0.38566154 0.54480161
0.56252524 0.37881714 0.54187842
0.55695028 0.37199756 0.53900868
0.55133742 0.36520377 0.53619232
0.54571098 0.35842215 0.53340947
0.54004836 0.35166305 0.5306796 
0.53435898 0.34492046 0.52799459
0.52866137 0.33818352 0.52533747
0.52292101 0.33146925 0.52273604
0.51717028 0.32475837 0.52016671
0.5114073  0.31805026 0.51763033
0.50560986 0.31135551 0.51514394
0.49981336 0.30465288 0.51267818
0.49399091 0.29795151 0.51027421
0.48817215 0.29123928 0.50787237
0.48236612 0.28449513 0.50553239
0.47654556 0.27774869 0.50319062
0.47073647 0.27096432 0.50091276
0.46492646 0.26415262 0.49867367
0.45910018 0.25732794 0.49644445
0.45327525 0.25046215 0.4942745 
0.44744638 0.24355725 0.49215178
0.44158825 0.2366414  0.49002229
0.43571508 0.22968429 0.48794828
0.42982217 0.22268874 0.48591097
0.42390184 0.2156586  0.48389811
0.41794624 0.20859032 0.48192706
0.41194401 0.20149732 0.47996141
0.40588313 0.19438357 0.47800539
0.399749   0.18726499 0.47603036
0.39352335 0.18015434 0.47403532
0.3871849  0.17307843 0.47198653
0.38070899 0.16607244 0.46984352
0.37406458 0.15917981 0.46757218
0.3671849  0.15253227 0.46500317
0.36004503 0.14618691 0.46209135
0.35259102 0.14030939 0.45859205
0.34484298 0.13493635 0.45442023
0.33682046 0.13013658 0.44940366
0.32861226 0.12581646 0.44358458
0.32031479 0.12183148 0.43708956
0.31196675 0.11811596 0.42999072
0.30362028 0.1145481  0.4224544 
0.29529317 0.11106627 0.41458522
0.28699632 0.10755253 0.40664308
0.2787339  0.10396539 0.39871232
0.27049961 0.10031011 0.39078854
0.26228965 0.0965885  0.38286812
0.25411473 0.09278218 0.37495699
0.24596204 0.08890449 0.36704547
0.2378366  0.08494367 0.35913601
0.22974017 0.08089209 0.35122822
0.22166501 0.07675483 0.34331449
0.21361382 0.07252118 0.33539537
0.20559285 0.06817502 0.32747188
0.19759023 0.06372468 0.31953238
0.18961045 0.05915386 0.31157604
0.18165225 0.05445351 0.3035957 
0.17371735 0.04960809 0.2955851 
0.16580025 0.04461186 0.28752854
0.15791327 0.03942108 0.27941608
0.15004645 0.03425808 0.27121114
0.14220681 0.02929165 0.26296547
0.13438885 0.02450061 0.25474785
0.12658833 0.0199002  0.24655544
0.11880749 0.01549563 0.23839306
0.1110204  0.01133102 0.23023506
