0.47070046 0.32159607 0.95950898
0.47544269 0.31888068 0.95862659
0.48000236 0.31619108 0.95782467
0.48449659 0.31346181 0.95707998
0.48894585 0.31068058 0.95638846
0.49334993 0.30784713 0.95574962
0.49771776 0.30495509 0.95516169
0.50204742 0.30200485 0.95462443
0.50635063 0.29898727 0.95413596
0.51062119 0.29590527 0.95369653
0.51486761 0.29275116 0.95330477
0.51908547 0.28952644 0.95296056
0.52328049 0.28622483 0.95266285
0.52745492 0.28284223 0.95241094
0.53161135 0.27937387 0.95220417
0.53575062 0.27581606 0.95204194
0.53987351 0.27216489 0.95192364
0.54398071 0.26841615 0.95184864
0.5480701  0.26456796 0.9518163 
0.55215072 0.26060737 0.9518259 
0.55620554 0.25656343 0.95184069
0.5602024  0.25253613 0.95171465
0.56414317 0.24854232 0.95141519
0.56802913 0.24457861 0.95095392
0.5718609  0.24064354 0.95033923
0.57563123 0.23676267 0.9495444 
0.57934533 0.23292012 0.94859736
0.58300081 0.22912574 0.94749235
0.58659412 0.22539432 0.94621867
0.59012959 0.22171302 0.94479899
0.59360277 0.21810097 0.94321773
0.59701527 0.2145555  0.94148534
0.60036919 0.21107206 0.93961383
0.60365856 0.20767713 0.937581  
0.60689029 0.20434824 0.93541816
0.61006063 0.2011043  0.93311154
0.61317139 0.19794265 0.93067055
0.61622474 0.19485895 0.92810568
0.61921709 0.19187297 0.92540306
0.62215528 0.18896076 0.92259215
0.62503314 0.1861536  0.91964798
0.62785835 0.1834235  0.91660257
0.63062682 0.18079354 0.91343897
0.6333435  0.17824679 0.91017749
0.63600663 0.17579638 0.90681036
0.63861972 0.17343138 0.9033514 
0.64118199 0.1711604  0.89979667
0.6436968  0.16897286 0.89615873
0.64616311 0.16687873 0.89243197
0.64858532 0.16486173 0.88863296
0.65096074 0.1629397  0.88474933
0.65329585 0.16108439 0.88080723
0.65558537 0.15932784 0.87678171
0.65783747 0.15763355 0.87270419
0.6600486  0.15602322 0.86855891
0.66222239 0.15448192 0.86435945
0.66436105 0.15300359 0.86011078
0.66646203 0.1516045  0.85580163
0.66853125 0.15025711 0.85145428
0.670567   0.14897546 0.84705754
0.67257066 0.14775356 0.8426177 
0.67454623 0.14657566 0.83814564
0.67648933 0.14546356 0.83362788
0.67839459 0.1444354  0.82905961
0.68026496 0.14348096 0.82444756
0.68209673 0.14261893 0.81978116
0.68389263 0.14183843 0.81506833
0.68565631 0.14112504 0.81031824
0.68738608 0.14048777 0.80552608
0.68908092 0.13993153 0.80069018
0.69074619 0.13943445 0.79582319
0.69238264 0.13899404 0.79092697
0.6939856  0.13863139 0.78599002
0.69556078 0.13832271 0.78102571
0.69710975 0.13806179 0.77603768
0.69863279 0.13784724 0.77102742
0.70012609 0.13769753 0.76598357
0.70159567 0.13758653 0.76092111
0.70304228 0.13751159 0.75584132
0.70446654 0.13747014 0.75074593
0.70586565 0.13747544 0.74562673
0.70724319 0.13751252 0.74049187
0.70860083 0.13757455 0.7353451 
0.70993928 0.13765917 0.73018736
0.71125919 0.13776407 0.72501964
0.71255811 0.13790085 0.71983463
0.71383944 0.13805482 0.71464085
0.7151044  0.13822168 0.70944012
0.7163536  0.13839945 0.70423321
0.71758767 0.13858623 0.69902077
0.71880725 0.13878022 0.6938032 
0.72001056 0.13898926 0.68857576
0.72120024 0.13920325 0.68334355
0.72237727 0.13941862 0.67810837
0.72354211 0.13963387 0.67287098
0.7246954  0.13984759 0.66763128
0.72583756 0.14005842 0.66238993
0.72696914 0.14026507 0.65714699
0.72809063 0.14046631 0.65190272
0.72920193 0.14066331 0.64665591
0.7303031  0.14085641 0.64140595
0.73139569 0.14104019 0.63615547
0.73247995 0.14121367 0.63090533
0.73355645 0.14137595 0.62565493
0.73462557 0.14152617 0.62040424
0.73568773 0.1416635  0.61515323
0.73674309 0.14178714 0.60990278
0.73779215 0.14189637 0.60465224
0.73883529 0.1419905  0.59940129
0.73987283 0.14206887 0.59414994
0.74090484 0.14213083 0.58889924
0.74193192 0.14217582 0.58364768
0.74295427 0.14220326 0.57839548
0.74397203 0.14221262 0.57314326
0.74498568 0.1422034  0.56788972
0.74599526 0.14217512 0.56263579
0.74700111 0.14212731 0.55738072
0.74800368 0.14205954 0.55212321
0.74900649 0.14196053 0.54686697
0.75001128 0.14182577 0.54161188
0.75101792 0.14165627 0.53635636
0.75202603 0.14145302 0.53110039
0.75303532 0.14121698 0.52584335
0.75404561 0.14094904 0.52058415
0.75505647 0.14065013 0.51532293
0.75606775 0.14032108 0.51005848
0.75707911 0.13996275 0.50479059
0.7580902  0.13957597 0.49951902
0.75910086 0.13916149 0.49424263
0.76011072 0.13872012 0.48896142
0.76111947 0.13825263 0.48367503
0.76212691 0.13775973 0.47838256
0.7631327  0.13724217 0.47308388
0.76413652 0.13670069 0.46777879
0.76513815 0.13613595 0.46246648
0.76613728 0.13554868 0.45714676
0.7671336  0.13493957 0.45181942
0.76812663 0.13430977 0.44648422
0.76911571 0.13366119 0.44114069
0.77010106 0.13299298 0.43578863
0.77108239 0.13230582 0.43042772
0.77205946 0.13160037 0.4250575 
0.77303203 0.13087724 0.41967741
0.77399975 0.13013718 0.41428754
0.77496234 0.12938085 0.40888762
0.77591954 0.12860893 0.40347731
0.77687108 0.1278221  0.39805633
0.77781672 0.12702101 0.3926241 
0.77875614 0.1262064  0.38718073
0.77968907 0.12537897 0.38172592
0.78061523 0.12453945 0.3762594 
0.78153439 0.12368853 0.37078074
0.78244473 0.12283144 0.36529097
0.78334747 0.12196474 0.35978849
0.78424237 0.12108913 0.35427309
0.78512914 0.12020539 0.34874453
0.78600754 0.11931431 0.34320236
0.78687733 0.11841672 0.33764625
0.78773825 0.11751344 0.33207581
0.78859004 0.11660534 0.32649065
0.78943249 0.11569326 0.32089014
0.79026386 0.11478281 0.31527529
0.79108482 0.11387215 0.30964462
0.79189566 0.11296055 0.30399711
0.79269614 0.112049   0.29833229
0.79348605 0.11113847 0.29264923
0.79426513 0.11023002 0.28694736
0.79503319 0.10932467 0.28122578
0.79578925 0.108426   0.27548421
0.7965322  0.10753832 0.26972262
0.79726342 0.10665734 0.26393824
0.79798271 0.10578427 0.25812992
0.79868985 0.10492028 0.2522963 
0.79938465 0.10406661 0.24643572
0.80006689 0.1032245  0.24054664
0.80073396 0.10240403 0.23462949
0.80138785 0.10159876 0.22868007
0.8020126  0.10087351 0.22269417
0.80257736 0.1003488  0.21668696
0.80307935 0.10003829 0.21066061
0.80350659 0.09998773 0.20463097
0.80386039 0.10019391 0.19859343
0.80414201 0.10065253 0.1925403 
0.80434755 0.10137465 0.18647675
0.80445808 0.10242261 0.1804328 
0.8044865  0.10374361 0.17438246
0.80442717 0.1053474  0.16833567
0.80426185 0.10728468 0.16232231
0.80400518 0.10949003 0.15631689
0.80364058 0.11200208 0.15035143
0.8031706  0.11479316 0.14442267
0.80259385 0.11784758 0.13853683
0.80190062 0.12117406 0.13271911
0.80110101 0.12471989 0.12695674
0.80017932 0.12851017 0.1212901 
0.79915214 0.13247555 0.11569643
0.79800244 0.13664406 0.1102243 
0.79675011 0.1409427  0.10484601
0.79537894 0.14539771 0.09961371
0.79391101 0.14993762 0.09449588
0.79233049 0.15458912 0.08954854
0.79066267 0.15928083 0.08473219
0.78888916 0.16404706 0.08011313
0.78703825 0.1688173  0.07564206
0.78509409 0.17362145 0.07138412
0.78307858 0.17840966 0.06730381
0.78098836 0.18318759 0.06343132
0.77882764 0.18794569 0.05978033
0.77661146 0.1926557  0.05632894
0.77432844 0.19734002 0.05313347
0.77199396 0.20197187 0.05017043
0.76961479 0.20654217 0.04743778
0.76718452 0.21106458 0.04497549
0.76471052 0.21552898 0.04278434
0.76220042 0.21992635 0.04084996
0.75965652 0.22425652 0.03916992
0.75707751 0.22852474 0.03779837
0.75446254 0.23273507 0.03674107
0.75182041 0.2368777  0.03595787
0.74915266 0.24095365 0.03543725
0.74646092 0.24496381 0.03516857
0.74374617 0.24890991 0.03514192
0.74100968 0.25279312 0.0353482 
0.73825236 0.256615   0.03577902
0.73547544 0.26037662 0.03642658
0.732657   0.26410925 0.0372907 
0.72983993 0.26776415 0.03815749
0.72702277 0.27134678 0.03901862
0.7242051  0.27486068 0.03987386
0.72138648 0.27830918 0.04071782
0.71856585 0.28169611 0.04153842
0.71574334 0.28502364 0.04234309
0.71291766 0.28829544 0.0431324 
0.71009142 0.29151056 0.04390581
0.70726822 0.294667   0.04466258
0.7044412  0.29777434 0.0454048 
0.70160749 0.30083724 0.04613335
0.69877691 0.30384671 0.04684592
0.69594306 0.30681116 0.04754438
0.69310128 0.30973671 0.04823002
0.69026542 0.31261052 0.04889975
0.68741623 0.31545329 0.04955831
0.68457417 0.31824577 0.05020121
0.68172057 0.32100748 0.05083291
0.6788632  0.32373175 0.05145186
0.67600593 0.32641594 0.05205749
0.67314136 0.32906795 0.05265163
0.67027031 0.33168778 0.05323432
0.66739311 0.33427589 0.05380574
0.66450622 0.33683612 0.05436682
0.66161801 0.33936175 0.0549162 
0.65871355 0.34186641 0.05545695
0.65580318 0.34434166 0.05598739
0.65287678 0.34679652 0.05650959
0.6499285  0.34923608 0.05702476
0.64685977 0.35174026 0.05754973
