0.71285902 0.13563315 0.72198139
0.71329858 0.13628084 0.71934822
0.7137299  0.13688155 0.71679965
0.71416409 0.13745308 0.714268  
0.71460097 0.13799613 0.71175369
0.71504131 0.13851247 0.7092517 
0.71548564 0.13900338 0.70675857
0.71593341 0.13946881 0.70427709
0.71638471 0.1399095  0.70180625
0.71684065 0.14032697 0.69933971
0.71729946 0.1407201  0.69688667
0.71776302 0.14109095 0.69443682
0.71823009 0.14143892 0.69199639
0.71870088 0.1417646  0.68956397
0.71917547 0.14206843 0.68713879
0.71965385 0.14235077 0.68472067
0.72013605 0.14261197 0.68230914
0.72062193 0.14285229 0.67990468
0.72111125 0.14307196 0.67750803
0.72160482 0.1432716  0.67511512
0.72210211 0.14345126 0.67272818
0.72260267 0.14361106 0.67034914
0.72310727 0.14375149 0.66797401
0.72361547 0.14387266 0.66560467
0.72412695 0.14397474 0.66324233
0.7246426  0.14405811 0.66088263
0.72516121 0.14412278 0.65853086
0.72568386 0.14416908 0.65618184
0.72620987 0.14419712 0.6538384 
0.72673926 0.14420709 0.65150023
0.72727255 0.14419914 0.64916475
0.72780887 0.14417344 0.64683562
0.72834878 0.14413011 0.64451003
0.7288925  0.14406925 0.6421869 
0.72943909 0.1439911  0.63987003
0.72998889 0.14389575 0.63755763
0.73054294 0.14378309 0.63524521
0.73109993 0.14365347 0.632938  
0.73165998 0.14350697 0.6306353 
0.73222312 0.14334369 0.62833663
0.73279    0.1431635  0.62603924
0.73336027 0.14296655 0.62374429
0.73393361 0.142753   0.62145286
0.73451004 0.14252291 0.61916468
0.73508956 0.14227634 0.61687953
0.73567216 0.14201331 0.61459716
0.73625786 0.14173386 0.61231734
0.73684682 0.14143792 0.61003927
0.73743911 0.14112544 0.60776241
0.73803434 0.14079664 0.6054881 
0.73863257 0.14045148 0.60321588
0.73923383 0.14008993 0.6009455 
0.73983809 0.13971199 0.59867678
0.74044517 0.13931775 0.59641027
0.74105526 0.13890705 0.59414503
0.74166827 0.13847991 0.59188118
0.74228407 0.13803637 0.58961906
0.74290284 0.13757623 0.58735775
0.74352434 0.13709963 0.58509801
0.7441487  0.13660636 0.58283908
0.7447758  0.13609645 0.5805813 
0.74540567 0.1355698  0.57832435
0.74603824 0.13502634 0.57606826
0.74667352 0.13446597 0.57381283
0.74731139 0.13388868 0.57155831
0.74795201 0.13329418 0.56930393
0.7485954  0.13268231 0.56704946
0.74924158 0.13205292 0.5647947 
0.74989028 0.13140608 0.56254035
0.75054146 0.13074167 0.56028642
0.75119521 0.13005944 0.5580324 
0.75185134 0.12935937 0.55577878
0.75250984 0.12864129 0.5535254 
0.75317077 0.12790493 0.55127191
0.75383395 0.12715113 0.54901714
0.75449342 0.12639752 0.54676136
0.75514999 0.12564312 0.5445019 
0.75580413 0.12488658 0.54223854
0.75645586 0.12412797 0.53997109
0.75710511 0.12336743 0.53769954
0.75775178 0.12260518 0.53542408
0.75839583 0.12184132 0.53314464
0.75903728 0.12107595 0.530861  
0.75967585 0.12030967 0.52857347
0.76031084 0.1195447  0.52628231
0.76094308 0.11877865 0.5239869 
0.76157244 0.11801177 0.52168757
0.76219888 0.11724423 0.51938427
0.76282242 0.11647612 0.51707673
0.76344291 0.11570771 0.51476531
0.76406033 0.11493915 0.51244985
0.76467468 0.11417058 0.51013021
0.76528582 0.11340229 0.50780672
0.76589375 0.11263439 0.50547911
0.76649783 0.11186898 0.50314776
0.76709841 0.11110487 0.5008126 
0.76769568 0.11034172 0.49847326
0.76828949 0.10957985 0.49613013
0.76887985 0.1088194  0.49378293
0.76946666 0.10806066 0.49143184
0.77004987 0.10730386 0.4890769 
0.77062947 0.10654919 0.4867179 
0.77120533 0.10579701 0.48435523
0.7717775  0.10504743 0.48198846
0.7723458  0.10430086 0.47961807
0.77291028 0.10355746 0.47724372
0.7734708  0.10281759 0.47486574
0.77402738 0.10208146 0.47248387
0.77457991 0.10134942 0.47009834
0.77512819 0.10062235 0.46770917
0.77567212 0.09990069 0.46531647
0.77621188 0.09918395 0.46292011
0.77674739 0.09847246 0.4605202 
0.77727863 0.09776653 0.45811664
0.77780552 0.09706652 0.45570961
0.77832801 0.09637273 0.45329901
0.77884603 0.09568557 0.45088506
0.77935957 0.09500533 0.44846758
0.77986849 0.09433246 0.44604691
0.78037284 0.0936672  0.44362265
0.78087247 0.09301007 0.44119531
0.78136739 0.09236135 0.43876459
0.78185751 0.0917215  0.43633075
0.78234276 0.09109091 0.4338938 
0.78282314 0.09046993 0.43145364
0.78329852 0.08985906 0.42901059
0.78376893 0.08925863 0.42656435
0.78423424 0.08866913 0.4241153 
0.78469442 0.08809098 0.42166337
0.78514944 0.08752458 0.4192085 
0.78559919 0.08697042 0.41675098
0.78604368 0.08642889 0.41429063
0.78648281 0.08590048 0.41182765
0.78691651 0.08538566 0.40936221
0.78734481 0.0848848  0.40689399
0.78776757 0.08439843 0.40442339
0.78818475 0.08392701 0.40195048
0.78859633 0.08347095 0.39947506
0.78900224 0.08303075 0.39699741
0.7894024  0.08260686 0.3945176 
0.78979681 0.08219972 0.39203554
0.79018537 0.08180981 0.38955141
0.79056804 0.08143757 0.38706534
0.79094478 0.08108344 0.38457727
0.79131554 0.08074786 0.38208728
0.79167992 0.08043275 0.37959574
0.79203812 0.08013741 0.37710256
0.79239018 0.07986199 0.37460765
0.79273602 0.07960693 0.37211118
0.79307559 0.07937263 0.36961324
0.79340885 0.07915947 0.3671139 
0.79373575 0.07896784 0.36461316
0.79405624 0.07879808 0.36211114
0.79437027 0.07865056 0.35960796
0.79467779 0.07852561 0.35710367
0.79497875 0.07842355 0.35459837
0.79527312 0.07834467 0.35209201
0.79556085 0.07828925 0.3495848 
0.79584188 0.07825756 0.34707681
0.79611617 0.07824984 0.34456812
0.79638355 0.07826687 0.34205886
0.79664357 0.07831085 0.33954934
0.7968967  0.07837947 0.33703938
0.7971429  0.07847288 0.33452903
0.79738214 0.07859123 0.33201836
0.79761436 0.0787346  0.32950749
0.79783955 0.07890309 0.32699646
0.79805765 0.07909676 0.32448529
0.79826863 0.07931563 0.32197414
0.79847245 0.07955973 0.31946304
0.79866907 0.07982904 0.3169521 
0.79885813 0.080125   0.31444164
0.79903941 0.08044838 0.31193187
0.79921338 0.08079683 0.30942247
0.79938    0.08117023 0.30691356
0.79953925 0.08156844 0.30440514
0.7996911  0.08199132 0.30189732
0.7998355  0.08243869 0.29939019
0.79997245 0.08291034 0.29688378
0.80010191 0.08340607 0.29437819
0.80022348 0.08392722 0.29187375
0.80033692 0.08447451 0.2893707 
0.80044279 0.08504511 0.28686866
0.80054106 0.08563873 0.2843677 
0.80063171 0.08625507 0.28186785
0.80071473 0.08689381 0.27936919
0.80079008 0.08755461 0.27687177
0.80085777 0.08823714 0.27437561
0.80091745 0.08894231 0.27188102
0.80096871 0.08967142 0.26938837
0.80101224 0.09042113 0.26689714
0.80104803 0.09119103 0.26440739
0.80107607 0.09198073 0.26191913
0.80109636 0.09278983 0.2594324 
0.80110887 0.09361793 0.25694722
0.80111361 0.09446461 0.25446362
0.80110976 0.09533262 0.25198228
0.80109786 0.09621936 0.24950278
0.80107817 0.09712336 0.2470249 
0.80105068 0.09804437 0.24454825
0.8010205  0.09896293 0.24206746
0.80099255 0.09985997 0.23958049
0.80096679 0.10073614 0.23708708
0.80094323 0.10159113 0.23458957
0.80092182 0.10242629 0.23208556
0.80090253 0.10324234 0.22957424
0.80088536 0.10403976 0.22705542
0.80087026 0.10481923 0.22452815
0.80085724 0.10558    0.22199623
0.80084626 0.10632352 0.21945608
0.80083729 0.10705035 0.21690699
0.80083032 0.10776108 0.21434788
0.80082533 0.10845466 0.21178374
0.80082229 0.10913286 0.20920924
0.80082118 0.1097962  0.20662321
0.80082198 0.11044366 0.20403077
0.80082467 0.11107679 0.20142668
0.80082923 0.11169596 0.19881032
0.80083562 0.11230018 0.1961868 
0.80084385 0.1128913  0.19354904
0.80085387 0.11346864 0.19090078
0.80086568 0.11403279 0.18824026
0.80087925 0.11458431 0.18556549
0.80089456 0.11512284 0.18287897
0.8009116  0.11564925 0.18017709
0.80093032 0.11616327 0.17746186
0.80095073 0.11666544 0.17473109
0.80097281 0.11715609 0.17198348
0.80099651 0.11763491 0.16922134
0.80102185 0.1181029  0.16643938
0.80104878 0.11855963 0.16364049
0.80107729 0.11900539 0.1608234 
0.80110736 0.11944064 0.15798551
0.801139   0.11986565 0.15512521
0.80117216 0.12028034 0.1522431 
0.8012068  0.12068466 0.14933981
0.80124293 0.12107914 0.14641156
0.80128054 0.12146392 0.14345719
0.80131961 0.12183914 0.14047553
0.80136012 0.12220508 0.13746403
0.80140204 0.1225616  0.13442329
0.80144534 0.12290887 0.13135156
0.80149004 0.12324735 0.12824412
0.80153614 0.12357726 0.12509775
0.80158353 0.12389805 0.12191677
0.80163231 0.12421065 0.11869085
0.80168242 0.12451488 0.11541997
0.80173381 0.12481069 0.11210282
0.80178652 0.12509854 0.10873229
0.80184047 0.12537812 0.10530918
0.80189577 0.12565028 0.10181995
0.80195233 0.12591462 0.09826597
0.80201013 0.12617129 0.09464062
0.80206935 0.12642117 0.0909257 
0.80212995 0.12666415 0.08711525
0.80219331 0.12690542 0.08311195
