0.59475418 0.23745469 0.9035045 
0.59112253 0.24159249 0.90378106
0.58761111 0.24547653 0.90407541
0.5841183  0.24923163 0.90439503
0.58063698 0.25287175 0.90474076
0.57715404 0.25641556 0.90511427
0.57366887 0.25986765 0.90551616
0.57019079 0.26322281 0.90594573
0.5667032  0.26650052 0.90640549
0.56321522 0.26969513 0.90689476
0.55972367 0.27281249 0.9074144 
0.55622651 0.27585701 0.90796517
0.55272344 0.27883124 0.90854756
0.5492159  0.28173621 0.90916173
0.54569622 0.28458014 0.90980949
0.54216616 0.28736323 0.91049099
0.53863209 0.29008222 0.91120535
0.53507914 0.29274996 0.91195598
0.53152068 0.29535773 0.91274046
0.52794296 0.29791685 0.91356216
0.52435906 0.30041911 0.9144184 
0.52074982 0.30287886 0.91531409
0.51712963 0.30528709 0.91624602
0.5134942  0.30764767 0.91721544
0.50983171 0.30996888 0.91822584
0.50615403 0.31224376 0.91927419
0.50245543 0.3144766  0.92036225
0.49874562 0.31667519 0.92145062
0.49500342 0.31885686 0.9225327 
0.49122515 0.32102247 0.92361252
0.4874098  0.32317266 0.92468937
0.48355811 0.32530883 0.92575682
0.47966687 0.32743238 0.92681577
0.47573377 0.32954329 0.92786928
0.47175726 0.33164309 0.9289142 
0.46773837 0.3337331  0.92994311
0.46367164 0.33581343 0.93096382
0.45955578 0.33788545 0.9319724 
0.45539218 0.33995036 0.93296069
0.45117396 0.34200842 0.93393752
0.44690215 0.34406115 0.93489387
0.4425746  0.34610903 0.93582924
0.43818519 0.3481529  0.93674823
0.43373817 0.3501945  0.93763524
0.42922424 0.35223332 0.93850369
0.42464687 0.35427134 0.93933807
0.4199979  0.35630876 0.94014684
0.41527863 0.35834703 0.9409192 
0.41048306 0.3603863  0.94165948
0.40561152 0.36242795 0.94235803
0.4006567  0.36447218 0.94302021
0.39562085 0.36652055 0.94363228
0.39049344 0.36857284 0.94420469
0.3852792  0.3706311  0.94471786
0.37996704 0.37269505 0.9451821 
0.37455616 0.37476559 0.94558872
0.36904518 0.3768437  0.9459292 
0.36342418 0.37892962 0.94620857
0.35769232 0.38102421 0.94641685
0.35184747 0.38312815 0.9465462 
0.34587942 0.38524181 0.94659932
0.33978463 0.38736533 0.94657052
0.33356116 0.38949973 0.94644864
0.32720284 0.39164525 0.94622975
0.32070218 0.39380177 0.94591177
0.31405352 0.39596959 0.94548831
0.30725101 0.39814884 0.94495284
0.30028856 0.40033956 0.94429864
0.29316227 0.4025429  0.94351173
0.2859196  0.40480759 0.94234768
0.27860449 0.40713735 0.94073437
0.27124266 0.40951965 0.93868248
0.26385962 0.41194079 0.93621103
0.25648194 0.41438759 0.93334037
0.24913511 0.41684719 0.93009473
0.2418433  0.41930737 0.92650134
0.23463037 0.42175629 0.92259033
0.22751555 0.42418404 0.91839172
0.22052331 0.42658363 0.91392295
0.21367427 0.42894732 0.90921077
0.20697491 0.43126646 0.90429923
0.20043761 0.43353533 0.89921766
0.19409509 0.43575474 0.89395495
0.18794003 0.43791664 0.88856795
0.18198503 0.44001943 0.88307268
0.17625592 0.44206433 0.87746482
0.1707336  0.44404606 0.8717988 
0.16546453 0.44596942 0.86604228
0.16041523 0.44782922 0.86025828
0.15563433 0.44962965 0.85441669
0.15109472 0.45136873 0.84856092
0.14681826 0.45304911 0.84268341
0.14281731 0.45467121 0.83679254
0.13907266 0.45623558 0.83091257
0.135617   0.45774474 0.82502928
0.13244313 0.45920001 0.81915504
0.12954076 0.46060169 0.81330768
0.12691383 0.4619517  0.80748839
0.12459336 0.46325308 0.801678  
0.12254643 0.4645059  0.79590385
0.12077124 0.4657119  0.79016747
0.11926512 0.46687235 0.78447241
0.11802292 0.46798922 0.77881854
0.11705792 0.46906438 0.77319606
0.11634407 0.47009874 0.76761844
0.11586961 0.47109381 0.76208809
0.11562454 0.47205094 0.75660648
0.11559786 0.47297166 0.7511736 
0.11577784 0.47385734 0.74579016
0.11615221 0.47470934 0.7404564 
0.116708   0.47552855 0.73517533
0.11743235 0.47631653 0.72994539
0.11831272 0.47707487 0.72476431
0.11926924 0.47780776 0.7196487 
0.12027172 0.47851794 0.71459906
0.12131536 0.4792063  0.70961425
0.12239559 0.47987368 0.70469312
0.12350797 0.48052091 0.69983459
0.12464828 0.48114878 0.69503757
0.12581251 0.48175805 0.69030093
0.1269968  0.48234948 0.68562368
0.12819748 0.48292379 0.68100472
0.12941109 0.48348168 0.67644302
0.13063428 0.48402384 0.67193756
0.13186394 0.48455092 0.6674873 
0.13309706 0.48506357 0.66309124
0.13433082 0.48556242 0.65874838
0.13556252 0.48604809 0.65445771
0.13678962 0.48652115 0.65021823
0.13800969 0.48698221 0.64602899
0.13922044 0.48743182 0.64188895
0.14041978 0.48787052 0.63779716
0.14160614 0.48829882 0.63375255
0.14277696 0.48871728 0.62975422
0.14393037 0.48912643 0.62580121
0.14506459 0.48952676 0.62189253
0.14617795 0.48991876 0.61802718
0.14726881 0.49030292 0.6142042 
0.14833566 0.4906797  0.61042259
0.14937703 0.49104956 0.60668135
0.15039154 0.49141295 0.6029795 
0.15137785 0.4917703  0.59931601
0.1523347  0.49212206 0.59568987
0.15326088 0.49246862 0.59210008
0.15415524 0.49281042 0.58854558
0.15501668 0.49314783 0.58502535
0.15584415 0.49348127 0.58153832
0.15663666 0.4938111  0.57808344
0.15739324 0.4941377  0.57465964
0.15811301 0.49446144 0.57126582
0.15879509 0.49478265 0.56790089
0.15943869 0.4951017  0.56456372
0.16004302 0.4954189  0.5612532 
0.16060738 0.49573459 0.55796819
0.16113107 0.49604908 0.55470751
0.16161348 0.49636267 0.55147002
0.16205402 0.49667564 0.54825451
0.16245215 0.49698829 0.5450598 
0.16280738 0.49730087 0.54188465
0.16311927 0.49761366 0.53872786
0.16338742 0.49792688 0.53558817
0.1636115  0.49824079 0.53246432
0.16379123 0.49855558 0.52935505
0.16392637 0.49887149 0.52625906
0.16401674 0.49918869 0.52317508
0.16406224 0.49950738 0.52010179
0.1640628  0.49982771 0.51703786
0.16401843 0.50014984 0.513982  
0.1639292  0.50047391 0.51093285
0.16379525 0.50080005 0.50788906
0.16361678 0.50112836 0.50484932
0.16339407 0.50145894 0.50181226
0.16312747 0.50179186 0.49877651
0.1628174  0.50212719 0.49574075
0.16246436 0.50246498 0.49270361
0.16206883 0.50280533 0.48966312
0.16162507 0.50314893 0.48661794
0.1611315  0.5034959  0.48356811
0.1605892  0.50384619 0.48051215
0.15999928 0.50419979 0.47744821
0.15936309 0.50455656 0.47437539
0.158682   0.50491642 0.47129225
0.15795736 0.50527929 0.46819711
0.15719075 0.50564502 0.46508884
0.15638384 0.50601346 0.46196624
0.15554008 0.50638425 0.4588284 
0.15465967 0.50675743 0.4556734 
0.15374462 0.50713281 0.45250019
0.15279696 0.50751019 0.44930757
0.15181886 0.50788935 0.44609438
0.1508125  0.5082701  0.44285918
0.14978026 0.50865221 0.43960089
0.1487247  0.50903542 0.43631857
0.14764838 0.50941949 0.43301106
0.14655403 0.50980415 0.42967728
0.14544448 0.51018915 0.42631618
0.14432267 0.51057421 0.42292669
0.14319262 0.51095895 0.41950797
0.14205991 0.51134281 0.41605999
0.14092483 0.51172584 0.41258087
0.13979084 0.51210774 0.40906969
0.13866152 0.51248823 0.40552558
0.13754057 0.51286698 0.40194766
0.13643177 0.51324371 0.39833505
0.13533908 0.51361808 0.39468699
0.13426863 0.51398956 0.39100327
0.13322655 0.51435764 0.38728364
0.1322133  0.51472241 0.3835263 
0.13123316 0.51508355 0.37973041
0.13029055 0.51544074 0.37589526
0.12938989 0.51579368 0.3720201 
0.12853732 0.51614189 0.36810463
0.12774198 0.51648458 0.36414959
0.12700248 0.51682204 0.36015243
0.12632335 0.51715398 0.35611247
0.12570903 0.5174801  0.35202875
0.12516458 0.51780003 0.34790065
0.12470238 0.51811266 0.34373008
0.12431831 0.51841853 0.33951369
0.12401645 0.51871735 0.33525059
0.12380071 0.51900881 0.33093999
0.12368085 0.51929206 0.3265827 
0.12365881 0.51956695 0.32217743
0.12373356 0.5198336  0.31772197
0.12390804 0.52009174 0.3132153 
0.12419146 0.52034048 0.30865817
0.12458451 0.52057967 0.30404926
0.1250844  0.52080951 0.29938575
0.12569281 0.52102975 0.294666  
0.12642236 0.52123899 0.28989291
0.12726334 0.521438   0.28506152
0.12821757 0.52162697 0.28015981
0.1292321  0.52180951 0.27519362
0.13028837 0.52198691 0.27016196
0.13138854 0.52215924 0.26505496
0.13252902 0.52232574 0.25988838
0.13371446 0.52248689 0.25463942
0.13494141 0.52264204 0.24932088
0.1362132  0.52279148 0.24391501
0.13752578 0.52293459 0.23843479
0.13888339 0.52307175 0.23285734
0.14028241 0.52320245 0.22719179
0.14172273 0.52332664 0.22143156
0.1432061  0.52344438 0.21556183
0.14473074 0.52355545 0.20958086
0.14629569 0.52365971 0.20348241
0.14790075 0.5237571  0.19725591
0.14954518 0.52384751 0.19089137
0.15123113 0.523931   0.18436596
0.15295071 0.52400712 0.1776936 
0.15471107 0.52407615 0.1708275 
0.15650813 0.52413786 0.1637612 
0.15834353 0.52419222 0.15646217
0.1602185  0.52423917 0.14889388
0.16213492 0.52427862 0.14101005
0.16414939 0.52431123 0.13252046
