0.19175806 0.45352581 0.81118068
0.19164244 0.45438115 0.8068356 
0.19155277 0.45519431 0.80265441
0.19148485 0.45598669 0.79853169
0.19143747 0.45676057 0.79445795
0.19140968 0.4575158  0.79043634
0.19140047 0.45825552 0.78645225
0.19140901 0.45897847 0.78251439
0.1914344  0.45968569 0.77861912
0.1914758  0.46037752 0.77476647
0.1915325  0.4610559  0.77094745
0.19160351 0.46171901 0.76717413
0.19168831 0.46236964 0.76343235
0.19178593 0.46300652 0.75973106
0.19189567 0.46363048 0.75606718
0.19201677 0.4642418  0.75244065
0.19214858 0.46484119 0.74884902
0.19229035 0.46542882 0.74529268
0.19244139 0.46600501 0.74177133
0.19260097 0.46657001 0.73828492
0.19276841 0.46712408 0.73483336
0.19294307 0.46766762 0.7314157 
0.19312451 0.46820157 0.72802734
0.19331168 0.46872503 0.72467555
0.19350416 0.46923885 0.72135616
0.19370152 0.46974383 0.71806548
0.19390265 0.47023897 0.71481132
0.19410763 0.47072618 0.71158245
0.19431514 0.47120401 0.70838986
0.19452531 0.47167431 0.7052224 
0.19473686 0.47213577 0.70209022
0.19494996 0.4725902  0.69898227
0.1951634  0.47303645 0.69590762
0.19537699 0.47347551 0.69286078
0.1955902  0.4739076  0.68984125
0.19580222 0.47433239 0.68685271
0.19601285 0.47475074 0.68389014
0.1962215  0.47516273 0.68095417
0.19642743 0.47556808 0.67804792
0.19663026 0.47596727 0.67516906
0.19682981 0.47636113 0.67231278
0.19702515 0.47674899 0.66948498
0.19721588 0.47713122 0.66668403
0.19740154 0.47750801 0.66390956
0.19758185 0.47788001 0.66115792
0.19775618 0.47824709 0.65843105
0.19792402 0.4786093  0.65572953
0.1980849  0.47896684 0.65305297
0.19823837 0.4793199  0.65040092
0.19838398 0.47966868 0.64777285
0.1985213  0.48001339 0.64516812
0.19864994 0.48035441 0.64258483
0.19876935 0.48069164 0.6400246 
0.19887908 0.48102526 0.63748702
0.19897868 0.48135541 0.63497198
0.1990677  0.48168223 0.6324792 
0.19914571 0.48200593 0.63000808
0.19921227 0.48232668 0.62755811
0.19926692 0.4826446  0.62512923
0.19930921 0.48295981 0.62272133
0.19933871 0.48327252 0.62033361
0.19935498 0.48358285 0.61796601
0.19935756 0.48389091 0.61561847
0.19934602 0.48419693 0.61329001
0.1993199  0.48450095 0.61098108
0.19927876 0.48480316 0.60869086
0.19922215 0.48510368 0.60641939
0.1991601  0.48540121 0.60416594
0.19909981 0.4856953  0.60192659
0.19904092 0.4859861  0.59970079
0.19898304 0.48627371 0.59748836
0.19892582 0.48655825 0.59528899
0.19886891 0.48683981 0.59310254
0.19881195 0.48711852 0.59092868
0.19875458 0.48739446 0.58876727
0.19869648 0.48766774 0.58661796
0.1986373  0.48793846 0.58448062
0.19857671 0.48820673 0.5823549 
0.19851439 0.48847263 0.58024065
0.19845002 0.48873627 0.57813755
0.19838329 0.48899773 0.5760454 
0.19831388 0.48925711 0.57396393
0.1982415  0.48951451 0.57189285
0.19816586 0.48977001 0.56983198
0.19808666 0.4900237  0.56778096
0.19800363 0.49027566 0.56573964
0.19791651 0.49052598 0.56370766
0.19782501 0.49077475 0.56168481
0.19772889 0.49102204 0.5596708 
0.1976279  0.49126794 0.55766537
0.19752179 0.49151252 0.55566825
0.19741034 0.49175586 0.55367913
0.19729333 0.49199802 0.55169779
0.1971707  0.49223908 0.54972385
0.19704211 0.49247911 0.54775712
0.19690732 0.49271818 0.54579729
0.19676614 0.49295637 0.54384405
0.19661839 0.49319374 0.54189716
0.19646391 0.49343035 0.53995624
0.19630254 0.49366627 0.53802108
0.19613414 0.49390155 0.53609134
0.19595856 0.49413625 0.53416673
0.19577568 0.49437042 0.53224697
0.19558539 0.49460412 0.53033168
0.19538759 0.4948374  0.52842064
0.19518218 0.49507031 0.5265135 
0.19496909 0.4953029  0.52460994
0.19474825 0.49553519 0.52270971
0.1945196  0.49576726 0.52081238
0.19428312 0.49599912 0.51891774
0.19403876 0.49623082 0.51702543
0.19378651 0.49646239 0.51513513
0.19352637 0.49669386 0.51324655
0.19325835 0.49692527 0.5113593 
0.19298248 0.49715664 0.50947313
0.19269881 0.497388   0.5075877 
0.19240737 0.49761937 0.50570264
0.19210825 0.49785076 0.50381769
0.19180153 0.49808221 0.50193248
0.1914873  0.49831373 0.5000467 
0.19116569 0.49854531 0.49816004
0.19083681 0.49877699 0.49627214
0.19050083 0.49900876 0.4943827 
0.19015789 0.49924063 0.49249139
0.18980824 0.49947259 0.49059787
0.18945218 0.49970464 0.48870183
0.18908975 0.49993678 0.48680295
0.18872119 0.50016902 0.48490088
0.18834674 0.50040134 0.48299535
0.18796666 0.50063374 0.481086  
0.18758123 0.5008662  0.47917253
0.18719074 0.50109871 0.47725463
0.18679549 0.50133126 0.47533195
0.18639582 0.50156381 0.47340421
0.18599207 0.50179635 0.47147111
0.18558459 0.50202885 0.46953229
0.18517376 0.50226129 0.4675875 
0.18475999 0.50249364 0.46563641
0.18434367 0.50272587 0.46367871
0.18392524 0.50295793 0.46171413
0.18350513 0.50318981 0.45974236
0.18308381 0.50342145 0.4577631 
0.18266176 0.50365282 0.45577608
0.18223945 0.50388387 0.45378101
0.18181741 0.50411457 0.45177759
0.18139615 0.50434486 0.44976558
0.18097622 0.5045747  0.44774467
0.18055815 0.50480403 0.4457146 
0.18014253 0.50503282 0.44367512
0.17972993 0.50526099 0.44162595
0.17932094 0.5054885  0.43956684
0.17891618 0.50571529 0.43749754
0.17851626 0.50594131 0.43541778
0.17812181 0.50616649 0.43332733
0.17773348 0.50639077 0.43122595
0.17735192 0.50661409 0.4291134 
0.1769778  0.50683639 0.42698944
0.17661179 0.5070576  0.42485385
0.17625457 0.50727766 0.42270639
0.17590683 0.5074965  0.42054686
0.17556927 0.50771406 0.41837503
0.17524259 0.50793026 0.41619068
0.17492751 0.50814503 0.41399361
0.17462473 0.50835831 0.41178363
0.17433496 0.50857002 0.40956052
0.17405894 0.5087801  0.40732407
0.17379738 0.50898847 0.40507412
0.17355099 0.50919506 0.40281046
0.1733205  0.5093998  0.40053291
0.17310662 0.50960261 0.39824128
0.17291007 0.50980342 0.39593539
0.17273155 0.51000216 0.39361507
0.17257177 0.51019875 0.39128014
0.17243147 0.51039311 0.38893044
0.17231187 0.51058512 0.38656578
0.17221307 0.51077476 0.38418601
0.17213573 0.51096195 0.38179097
0.17208052 0.51114663 0.37938048
0.17204807 0.51132873 0.37695439
0.17203901 0.51150816 0.37451254
0.17205394 0.51168485 0.37205478
0.17209347 0.51185874 0.36958093
0.17215817 0.51202975 0.36709086
0.17224859 0.51219781 0.36458439
0.17236528 0.51236284 0.36206138
0.17250873 0.51252478 0.35952167
0.17267945 0.51268356 0.35696511
0.17287791 0.5128391  0.35439153
0.17310454 0.51299135 0.35180077
0.17335976 0.51314022 0.34919269
0.17364397 0.51328565 0.34656711
0.17395753 0.51342758 0.34392386
0.17430078 0.51356593 0.34126279
0.17467413 0.51370068 0.33858308
0.17506507 0.51383331 0.33588286
0.17546313 0.51396485 0.33316358
0.17586885 0.51409526 0.33042447
0.1762826  0.51422445 0.3276658 
0.17670482 0.51435236 0.32488733
0.17713594 0.51447892 0.3220886 
0.17757639 0.51460408 0.31926921
0.17802637 0.51472773 0.31642996
0.17848625 0.5148498  0.31357042
0.17895652 0.51497028 0.31068951
0.17943752 0.51508912 0.30778673
0.17992958 0.51520624 0.30486167
0.18043301 0.51532161 0.3019139 
0.18094811 0.51543517 0.29894292
0.18147496 0.51554683 0.29594948
0.18201348 0.51565646 0.29293487
0.18256439 0.51576412 0.28989588
0.18312795 0.51586977 0.28683184
0.18370451 0.51597338 0.28374152
0.18429361 0.51607479 0.28062788
0.1848954  0.51617396 0.2774903 
0.18551063 0.51627093 0.27432521
0.18613964 0.5163657  0.27113099
0.18678121 0.51645802 0.26791385
0.18743648 0.516548   0.26466782
0.18810589 0.51663564 0.26139063
0.18878822 0.51672074 0.2580879 
0.1894844  0.51680337 0.25475456
0.19019503 0.51688355 0.25138726
0.19091831 0.51696104 0.24799384
0.19165634 0.51703603 0.2445636 
0.19240735 0.5171083  0.24110391
0.19317299 0.51717798 0.2376061 
0.19395161 0.51724489 0.23407653
0.1947449  0.51730914 0.23050634
0.19555075 0.51737053 0.22690353
0.19637127 0.51742921 0.22325709
0.19720483 0.51748502 0.21957267
0.19805194 0.51753799 0.21584603
0.19891306 0.5175881  0.21207322
0.19978732 0.51763531 0.20825588
0.2006744  0.51767955 0.20439294
0.20157492 0.51772087 0.20047912
0.20248869 0.51775921 0.19651247
0.20341563 0.51779456 0.19249028
0.20435542 0.5178269  0.18841058
0.20530788 0.51785619 0.18427052
0.20627298 0.51788242 0.1800662 
0.20725085 0.51790558 0.17579275
0.20824184 0.51792565 0.17144378
0.20924351 0.51794258 0.16702472
0.21025889 0.5179564  0.16251638
0.21128521 0.51796706 0.15792437
0.21232424 0.51797456 0.15323358
0.21337527 0.51797887 0.14843889
0.21443784 0.51797998 0.14353308
0.21551326 0.51797788 0.13849936
0.21659967 0.51797253 0.13333413
0.21769951 0.51796392 0.12801142
0.2188116  0.51795201 0.12251998
0.2199398  0.51793673 0.11681998
0.22110833 0.51791758 0.11075832
