0.15267065 0.01404628 0.0812904 
0.15744874 0.01516857 0.08491032
0.16218891 0.016348   0.08850608
0.16691429 0.01755674 0.09209033
0.17162717 0.01879221 0.09566443
0.17632985 0.02005147 0.09922978
0.1810233  0.0213333  0.10278704
0.18570792 0.02263717 0.10633658
0.19038694 0.02395824 0.10988024
0.19505829 0.0252996  0.11341706
0.19972531 0.02665587 0.11694894
0.20438789 0.02802698 0.12047594
0.20904607 0.02941269 0.1239982 
0.21370081 0.03081115 0.12751636
0.21835265 0.03222114 0.1310308 
0.22300314 0.03363954 0.13454247
0.22765228 0.03506595 0.13805145
0.2322999  0.03650033 0.14155777
0.23694634 0.03794167 0.14506171
0.2415943  0.0393842  0.14856479
0.24624085 0.04082581 0.15206555
0.25089013 0.04222608 0.15556629
0.25553883 0.04360251 0.15906509
0.26018973 0.04495261 0.16255657
0.26484364 0.04627559 0.16604125
0.26950285 0.0475681  0.16951889
0.27416603 0.04883323 0.17299027
0.27883441 0.05006938 0.17645533
0.28350801 0.05127713 0.17991442
0.28818659 0.05245741 0.183368  
0.29287184 0.05360772 0.18681583
0.29756244 0.05473086 0.19025865
0.30225948 0.05582528 0.19369645
0.30696333 0.05689068 0.19712937
0.31167341 0.05792846 0.20055793
0.3163908  0.05893698 0.20398198
0.32111562 0.0599162  0.2074019 
0.32584722 0.06086766 0.21081796
0.33058682 0.06178924 0.2142302 
0.33533455 0.06268086 0.21763879
0.34008978 0.06354389 0.22104407
0.3448531  0.06437731 0.22444623
0.34962559 0.06517912 0.22784507
0.35440626 0.06595127 0.23124111
0.35919537 0.0666933  0.23463455
0.36399366 0.06740373 0.23802535
0.36880138 0.06808207 0.24141356
0.3736181  0.06872903 0.2447996 
0.37844398 0.06934424 0.2481836 
0.38327953 0.06992652 0.25156561
0.38812533 0.07047452 0.25494554
0.3929808  0.07098918 0.25832383
0.3978461  0.07146999 0.26170059
0.40272139 0.07191632 0.26507596
0.40760726 0.07232658 0.26844991
0.41250403 0.07269972 0.27182254
0.41741124 0.07303635 0.27519412
0.422329   0.07333578 0.27856476
0.42725752 0.07359705 0.28193459
0.43219687 0.07381956 0.28530367
0.43714786 0.07400077 0.288672  
0.4421103  0.07414049 0.29203975
0.44708399 0.07423849 0.29540709
0.45206912 0.07429353 0.29877414
0.45706577 0.07430465 0.30214098
0.46207412 0.07427048 0.30550771
0.46709431 0.0741897  0.30887444
0.47212661 0.07406058 0.3122412 
0.4771715  0.0738807  0.31560801
0.48222858 0.07364981 0.31897511
0.48729798 0.07336618 0.32234256
0.49237983 0.07302803 0.32571047
0.49747428 0.07263325 0.32907894
0.50258128 0.07218036 0.33244797
0.50770025 0.07167717 0.33580174
0.51283588 0.07111327 0.33912974
0.51798875 0.07048578 0.34243008
0.52315692 0.06980152 0.34569704
0.52834142 0.06905579 0.34892953
0.5335433  0.06824332 0.35212651
0.53876264 0.06736264 0.35528522
0.54400059 0.0664084  0.35840287
0.54925074 0.06540727 0.36146717
0.55451791 0.06433762 0.36448217
0.55980313 0.06319435 0.36744473
0.565099   0.06201152 0.37034005
0.57041037 0.06076666 0.3731714 
0.57573447 0.05947419 0.37592959
0.58106808 0.05815129 0.37860624
0.58641137 0.05679958 0.38119738
0.59176039 0.05544324 0.38369301
0.59711133 0.05410782 0.38608412
0.60246456 0.05279734 0.38836798
0.60780922 0.05158163 0.39052677
0.61314341 0.05048129 0.39255793
0.61846176 0.04953876 0.39445494
0.62375667 0.04881116 0.39621026
0.629019   0.04836547 0.39781728
0.63423912 0.04827054 0.39927104
0.63941084 0.04856795 0.40057513
0.64452589 0.0493055  0.40173241
0.64957697 0.05051593 0.40274899
0.65455811 0.05221326 0.40363389
0.65946506 0.0543916  0.40439848
0.66429545 0.0570264  0.40505574
0.66904872 0.06007853 0.40561963
0.67372364 0.06351261 0.40610052
0.67832269 0.06727426 0.40651103
0.68285124 0.07129785 0.40686694
0.68731379 0.07553089 0.4071796 
0.6917093  0.07995567 0.40745027
0.69604645 0.0845104  0.40769304
0.70032988 0.08916068 0.40791521
0.70455937 0.09389916 0.40811529
0.70874558 0.09867651 0.40830089
0.71286153 0.10357594 0.40848261
0.71690637 0.1085915  0.40865495
0.72085707 0.11377559 0.4088386 
0.72471911 0.11909584 0.4090328 
0.7284753  0.12458165 0.40925719
0.7321186  0.13023121 0.40952631
0.73564837 0.13602609 0.40985193
0.73905902 0.14196062 0.41025184
0.74233954 0.14804071 0.41075056
0.7455008  0.15422368 0.41135503
0.74854667 0.16048686 0.4120778 
0.75148074 0.16681139 0.41293015
0.7543044  0.17318566 0.41392306
0.14982894 0.4651253  0.78897015
0.15244875 0.46886153 0.78958004
0.1550885  0.4725902  0.79020973
0.15776187 0.47630876 0.79086654
0.16045219 0.48002083 0.79154175
0.16315865 0.48372686 0.7922348 
0.16589511 0.48742409 0.79295377
0.1686463  0.49111583 0.79369081
0.17141159 0.49480245 0.79444561
0.17420189 0.49848197 0.7952235 
0.17700641 0.50215671 0.79601945
0.17982324 0.50582727 0.79683249
0.18265985 0.50949229 0.79766658
0.18551228 0.51315278 0.79851969
0.18837544 0.51681004 0.79938881
0.19125166 0.52046375 0.80027528
0.1941471  0.52411278 0.80118251
0.19705248 0.52775927 0.80210549
0.19996766 0.53140342 0.80304407
0.20289871 0.53504416 0.80400138
0.20584322 0.53868216 0.80497606
0.20879695 0.5423185  0.80596573
0.21175988 0.54595337 0.80697024
0.21473865 0.54958554 0.80799303
0.21772894 0.5532161  0.80903161
0.22072818 0.55684578 0.81008444
0.22373644 0.56047474 0.81115139
0.22675772 0.56410231 0.81223432
0.22979221 0.5677286  0.81333322
0.23283579 0.57135467 0.8144457 
0.23588862 0.57498066 0.81557163
0.23895088 0.57860668 0.81671089
0.24202765 0.58223183 0.81786594
0.245116   0.58585689 0.81903493
0.24821416 0.58948241 0.82021669
0.2513224  0.59310849 0.82141112
0.25444091 0.59673529 0.8226178 
0.25756996 0.60036293 0.8238365 
0.26071524 0.60399029 0.8250702 
0.26387158 0.60761863 0.82631591
0.26703933 0.61124806 0.82757343
0.27021858 0.61487882 0.8288417 
0.27341005 0.6185108  0.83012151
0.2766142  0.62214405 0.83141283
0.27983123 0.62577877 0.8327147 
0.28306173 0.62941496 0.83402722
0.2863084  0.63305212 0.83535183
0.28956974 0.63669089 0.83668621
0.29284591 0.64033123 0.83803109
0.29613726 0.64397334 0.83938533
0.29944452 0.64761713 0.84074936
0.30276818 0.65126275 0.84212226
0.30610901 0.6549101  0.84350438
0.30946756 0.65855932 0.84489478
0.31284474 0.66221024 0.84629412
0.31624111 0.66586302 0.84770111
0.31965754 0.66951758 0.84911589
0.3230949  0.67317387 0.85053833
0.326554   0.67683191 0.85196774
0.33003573 0.6804917  0.85340359
0.3335411  0.68415312 0.85484585
0.33707252 0.68781582 0.8562947 
0.34063198 0.69147952 0.85775012
0.34421878 0.69514458 0.85921061
0.34783411 0.69881089 0.86067573
0.35147924 0.70247835 0.86214499
0.35515549 0.70614686 0.86361761
0.3588647  0.70981615 0.86509343
0.36261484 0.71348462 0.86657473
0.36640338 0.71715304 0.86805867
0.37023607 0.72082084 0.86954201
0.374115   0.72448753 0.87102558
0.37804932 0.7281514  0.87251006
0.38203118 0.73181401 0.87399354
0.38606149 0.7354751  0.87547657
0.39015183 0.73913254 0.87695946
0.39429476 0.74278763 0.87844172
0.39849045 0.74644039 0.87992241
0.40275222 0.75008814 0.88140343
0.40706865 0.75373308 0.88288272
0.41144882 0.75737335 0.88436137
0.41589282 0.76100883 0.88583933
0.42039933 0.76463968 0.88731628
0.42497704 0.76826411 0.8887929 
0.4296185  0.77188342 0.8902686 
0.43433561 0.77549506 0.89174478
0.43912001 0.77910057 0.89322065
0.44398179 0.78269768 0.89469766
0.44891645 0.78628709 0.89617565
0.45392736 0.78986787 0.89765547
0.45901872 0.79343888 0.89913808
0.46418414 0.79700116 0.90062352
0.46943529 0.80055192 0.90211411
0.47476469 0.80409239 0.90361009
0.48017189 0.80762234 0.90511226
0.48566688 0.81113917 0.90662342
0.49124084 0.81464437 0.90814404
0.49689334 0.81813763 0.9096756 
0.5026284  0.82161756 0.91122065
0.50844443 0.82508405 0.91278084
0.5143362  0.82853776 0.91435784
0.52030214 0.83197857 0.91595371
0.52634391 0.83540559 0.91757103
0.53245835 0.83881902 0.91921204
0.53863937 0.8422198  0.92087841
0.5448837  0.84560822 0.9225724 
0.55118793 0.84898463 0.92429614
0.55755424 0.85234806 0.92605249
0.56397234 0.85570059 0.92784259
0.57043805 0.8590429  0.92966824
0.57693242 0.86238114 0.9315134 
0.58339401 0.86573007 0.93337732
0.58982307 0.86908995 0.93526083
0.59622372 0.87246042 0.93716192
0.60259689 0.87584163 0.9390808 
0.60894412 0.87923359 0.94101723
0.61526341 0.88263692 0.94297357
0.6215598  0.88605105 0.94494686
0.62783638 0.88947571 0.94693553
0.63408609 0.89291236 0.94894572
0.64031786 0.89635972 0.95097134
0.64653006 0.89981832 0.95301434
0.6527236  0.90328824 0.95507468
0.6589026  0.90676898 0.95714978
0.66506474 0.91026118 0.95924207
0.67121408 0.91376433 0.96134893
0.67735789 0.91727734 0.96346508
0.68354906 0.92079081 0.96554815
