0.15267065 0.01404628 0.0812904 
0.15744874 0.01516857 0.08491032
0.16218891 0.016348   0.08850608
0.16691429 0.01755674 0.09209033
0.17162717 0.01879221 0.09566443
0.17632985 0.02005147 0.09922978
0.1810233  0.0213333  0.10278704
0.18570792 0.02263717 0.10633658
0.19038694 0.02395824 0.10988024
0.19505829 0.0252996  0.11341706
0.19972531 0.02665587 0.11694894
0.20438789 0.02802698 0.12047594
0.20904607 0.02941269 0.1239982 
0.21370081 0.03081115 0.12751636
0.21835265 0.03222114 0.1310308 
0.22300314 0.03363954 0.13454247
0.22765228 0.03506595 0.13805145
0.2322999  0.03650033 0.14155777
0.23694634 0.03794167 0.14506171
0.2415943  0.0393842  0.14856479
0.24624085 0.04082581 0.15206555
0.25089013 0.04222608 0.15556629
0.25553883 0.04360251 0.15906509
0.26018973 0.04495261 0.16255657
0.26484364 0.04627559 0.16604125
0.26950285 0.0475681  0.16951889
0.27416603 0.04883323 0.17299027
0.27883441 0.05006938 0.17645533
0.28350801 0.05127713 0.17991442
0.28818659 0.05245741 0.183368  
0.29287184 0.05360772 0.18681583
0.29756244 0.05473086 0.19025865
0.30225948 0.05582528 0.19369645
0.30696333 0.05689068 0.19712937
0.31167341 0.05792846 0.20055793
0.3163908  0.05893698 0.20398198
0.32111562 0.0599162  0.2074019 
0.32584722 0.06086766 0.21081796
0.33058682 0.06178924 0.2142302 
0.33533455 0.06268086 0.21763879
0.34008978 0.06354389 0.22104407
0.3448531  0.06437731 0.22444623
0.34962559 0.06517912 0.22784507
0.35440626 0.06595127 0.23124111
0.35919537 0.0666933  0.23463455
0.36399366 0.06740373 0.23802535
0.36880138 0.06808207 0.24141356
0.3736181  0.06872903 0.2447996 
0.37844398 0.06934424 0.2481836 
0.38327953 0.06992652 0.25156561
0.38812533 0.07047452 0.25494554
0.3929808  0.07098918 0.25832383
0.3978461  0.07146999 0.26170059
0.40272139 0.07191632 0.26507596
0.40760726 0.07232658 0.26844991
0.41250403 0.07269972 0.27182254
0.41741124 0.07303635 0.27519412
0.422329   0.07333578 0.27856476
0.42725752 0.07359705 0.28193459
0.43219687 0.07381956 0.28530367
0.43714786 0.07400077 0.288672  
0.4421103  0.07414049 0.29203975
0.44708399 0.07423849 0.29540709
0.45206912 0.07429353 0.29877414
0.45706577 0.07430465 0.30214098
0.46207412 0.07427048 0.30550771
0.46709431 0.0741897  0.30887444
0.47212661 0.07406058 0.3122412 
0.4771715  0.0738807  0.31560801
0.48222858 0.07364981 0.31897511
0.48729798 0.07336618 0.32234256
0.49237983 0.07302803 0.32571047
0.49747428 0.07263325 0.32907894
0.50258128 0.07218036 0.33244797
0.50770025 0.07167717 0.33580174
0.51283588 0.07111327 0.33912974
0.51798875 0.07048578 0.34243008
0.52315692 0.06980152 0.34569704
0.52834142 0.06905579 0.34892953
0.5335433  0.06824332 0.35212651
0.53876264 0.06736264 0.35528522
0.54400059 0.0664084  0.35840287
0.54925074 0.06540727 0.36146717
0.55451791 0.06433762 0.36448217
0.55980313 0.06319435 0.36744473
0.565099   0.06201152 0.37034005
0.57041037 0.06076666 0.3731714 
0.57573447 0.05947419 0.37592959
0.58106808 0.05815129 0.37860624
0.58641137 0.05679958 0.38119738
0.59176039 0.05544324 0.38369301
0.59711133 0.05410782 0.38608412
0.60246456 0.05279734 0.38836798
0.60780922 0.05158163 0.39052677
0.61314341 0.05048129 0.39255793
0.61846176 0.04953876 0.39445494
0.62375667 0.04881116 0.39621026
0.629019   0.04836547 0.39781728
0.63423912 0.04827054 0.39927104
0.63941084 0.04856795 0.40057513
0.64452589 0.0493055  0.40173241
0.64957697 0.05051593 0.40274899
0.65455811 0.05221326 0.40363389
0.65946506 0.0543916  0.40439848
0.66429545 0.0570264  0.40505574
0.66904872 0.06007853 0.40561963
0.67372364 0.06351261 0.40610052
0.67832269 0.06727426 0.40651103
0.68285124 0.07129785 0.40686694
0.68731379 0.07553089 0.4071796 
0.6917093  0.07995567 0.40745027
0.69604645 0.0845104  0.40769304
0.70032988 0.08916068 0.40791521
0.70455937 0.09389916 0.40811529
0.70874558 0.09867651 0.40830089
0.71286153 0.10357594 0.40848261
0.71690637 0.1085915  0.40865495
0.72085707 0.11377559 0.4088386 
0.72471911 0.11909584 0.4090328 
0.7284753  0.12458165 0.40925719
0.7321186  0.13023121 0.40952631
0.73564837 0.13602609 0.40985193
0.73905902 0.14196062 0.41025184
0.74233954 0.14804071 0.41075056
0.7455008  0.15422368 0.41135503
0.74854667 0.16048686 0.4120778 
0.75148074 0.16681139 0.41293015
0.7543044  0.17318566 0.41392306
0.62049711 0.37530362 0.02883231
0.62368749 0.37846419 0.02859895
0.62686158 0.38164092 0.0284076 
0.63001957 0.38483366 0.02826007
0.63316162 0.38804224 0.028158  
0.63628794 0.39126649 0.02810318
0.63939875 0.39450623 0.02809739
0.64249427 0.39776128 0.02814235
0.64557475 0.40103144 0.0282399 
0.64864042 0.40431653 0.02839169
0.65169154 0.40761636 0.02859936
0.65472834 0.41093074 0.02886439
0.65775109 0.41425949 0.02918838
0.66076003 0.41760241 0.02957281
0.66375544 0.42095934 0.03001919
0.66673758 0.42433008 0.03052899
0.66970672 0.42771443 0.03110376
0.67266315 0.43111222 0.03174497
0.67560689 0.43452342 0.0324545 
0.67853672 0.43794886 0.03323281
0.6814637  0.44138187 0.03403671
0.68438766 0.44482269 0.03486368
0.68730861 0.44827137 0.03571429
0.69022661 0.45172796 0.03658912
0.69314168 0.4551925  0.03748872
0.69605385 0.45866504 0.03841367
0.69896317 0.46214563 0.03936457
0.70186967 0.46563431 0.04034205
0.7047734  0.46913112 0.041326  
0.70767438 0.47263612 0.04232106
0.71057265 0.47614935 0.04332886
0.71346802 0.47967098 0.04435029
0.71636058 0.48320104 0.04538518
0.71925053 0.48673947 0.04643281
0.7221379  0.49028632 0.04749316
0.72502273 0.49384164 0.04856621
0.72790506 0.49740546 0.04965198
0.73078494 0.50097783 0.05075042
0.73366238 0.50455881 0.05186153
0.73653743 0.50814843 0.05298524
0.73941011 0.51174676 0.05412153
0.74228047 0.51535382 0.05527037
0.7451484  0.51896975 0.05643228
0.74801377 0.52259468 0.05760794
0.75087692 0.52622849 0.05879606
0.75373787 0.52987124 0.05999662
0.75659667 0.53352297 0.06120958
0.75945335 0.53718371 0.06243494
0.76230796 0.54085353 0.06367268
0.76516054 0.54453245 0.06492277
0.7680111  0.54822055 0.06618513
0.77085969 0.55191785 0.06745972
0.77370628 0.55562445 0.06874676
0.7765505  0.5593406  0.07004756
0.77939287 0.5630661  0.07136058
0.78223339 0.56680101 0.0726857 
0.78507212 0.57054538 0.0740229 
0.78790908 0.57429924 0.07537215
0.79074432 0.57806266 0.07673342
0.79357788 0.58183566 0.07810673
0.79640978 0.58561832 0.07949198
0.79924007 0.58941068 0.08088915
0.80206831 0.59321301 0.08229968
0.80489488 0.59702521 0.08372249
0.80771994 0.60084726 0.08515717
0.81054351 0.6046792  0.08660363
0.81336565 0.60852109 0.08806186
0.81618637 0.61237299 0.08953182
0.81900575 0.61623492 0.09101355
0.82182379 0.62010696 0.09250694
0.82464045 0.62398919 0.09401225
0.82745529 0.62788191 0.09553088
0.83026891 0.63178488 0.09706117
0.83308134 0.63569816 0.09860302
0.83589261 0.63962181 0.10015642
0.83870276 0.64355587 0.10172133
0.84151186 0.64750039 0.10329783
0.84431991 0.65145543 0.10488578
0.8471269  0.65542108 0.10648528
0.84993227 0.65939767 0.10809817
0.85273672 0.66338494 0.10972254
0.85554027 0.66738296 0.11135828
0.85834294 0.67139178 0.11300537
0.86114481 0.67541144 0.11466387
0.86394591 0.67944199 0.11633376
0.86674626 0.68348352 0.11801494
0.86954552 0.68753625 0.1197084 
0.87234373 0.69160022 0.12141437
0.8751413  0.69567534 0.12313162
0.87793826 0.69976165 0.1248601 
0.88073446 0.70385933 0.12659937
0.88352683 0.70797032 0.12833499
0.88632141 0.71209158 0.13006747
0.88911835 0.71622313 0.13179716
0.89191887 0.72036436 0.13352699
0.89472205 0.7245159  0.13525478
0.89752761 0.728678   0.13697988
0.90033555 0.73285078 0.13870227
0.90314605 0.7370342  0.14042243
0.90595918 0.74122834 0.14214052
0.90877503 0.74543326 0.14385668
0.91159354 0.74964907 0.14557085
0.91441455 0.75387597 0.1472826 
0.9172383  0.75811392 0.1489925 
0.92006502 0.76236291 0.15070107
0.92289366 0.76662359 0.15240591
0.92572736 0.77089437 0.15411403
0.92856377 0.77517663 0.15582015
0.93140299 0.77947041 0.15752448
0.93424454 0.78377607 0.15922595
0.93708779 0.78809405 0.16092316
0.93993638 0.7924225  0.16262408
0.94278792 0.79676281 0.16432344
0.9456401  0.8011163  0.16601614
0.94849884 0.80547994 0.16771511
0.95135788 0.80985714 0.16940668
0.95422184 0.81424557 0.17110083
0.95708584 0.8186479  0.17278699
0.95995719 0.8230604  0.17448091
0.96282952 0.82748651 0.17616883
0.9657043  0.83192556 0.17785388
0.96858213 0.83637734 0.17953734
0.97146169 0.84084265 0.18121634
0.97434267 0.84532174 0.18289021
0.97722456 0.84981498 0.18455786
0.98010966 0.85432128 0.18622419
0.98298834 0.85884568 0.18786874
0.98582094 0.8634085  0.18940793
