0.15267065 0.01404628 0.0812904 
0.15744874 0.01516857 0.08491032
0.16218891 0.016348   0.08850608
0.16691429 0.01755674 0.09209033
0.17162717 0.01879221 0.09566443
0.17632985 0.02005147 0.09922978
0.1810233  0.0213333  0.10278704
0.18570792 0.02263717 0.10633658
0.19038694 0.02395824 0.10988024
0.19505829 0.0252996  0.11341706
0.19972531 0.02665587 0.11694894
0.20438789 0.02802698 0.12047594
0.20904607 0.02941269 0.1239982 
0.21370081 0.03081115 0.12751636
0.21835265 0.03222114 0.1310308 
0.22300314 0.03363954 0.13454247
0.22765228 0.03506595 0.13805145
0.2322999  0.03650033 0.14155777
0.23694634 0.03794167 0.14506171
0.2415943  0.0393842  0.14856479
0.24624085 0.04082581 0.15206555
0.25089013 0.04222608 0.15556629
0.25553883 0.04360251 0.15906509
0.26018973 0.04495261 0.16255657
0.26484364 0.04627559 0.16604125
0.26950285 0.0475681  0.16951889
0.27416603 0.04883323 0.17299027
0.27883441 0.05006938 0.17645533
0.28350801 0.05127713 0.17991442
0.28818659 0.05245741 0.183368  
0.29287184 0.05360772 0.18681583
0.29756244 0.05473086 0.19025865
0.30225948 0.05582528 0.19369645
0.30696333 0.05689068 0.19712937
0.31167341 0.05792846 0.20055793
0.3163908  0.05893698 0.20398198
0.32111562 0.0599162  0.2074019 
0.32584722 0.06086766 0.21081796
0.33058682 0.06178924 0.2142302 
0.33533455 0.06268086 0.21763879
0.34008978 0.06354389 0.22104407
0.3448531  0.06437731 0.22444623
0.34962559 0.06517912 0.22784507
0.35440626 0.06595127 0.23124111
0.35919537 0.0666933  0.23463455
0.36399366 0.06740373 0.23802535
0.36880138 0.06808207 0.24141356
0.3736181  0.06872903 0.2447996 
0.37844398 0.06934424 0.2481836 
0.38327953 0.06992652 0.25156561
0.38812533 0.07047452 0.25494554
0.3929808  0.07098918 0.25832383
0.3978461  0.07146999 0.26170059
0.40272139 0.07191632 0.26507596
0.40760726 0.07232658 0.26844991
0.41250403 0.07269972 0.27182254
0.41741124 0.07303635 0.27519412
0.422329   0.07333578 0.27856476
0.42725752 0.07359705 0.28193459
0.43219687 0.07381956 0.28530367
0.43714786 0.07400077 0.288672  
0.4421103  0.07414049 0.29203975
0.44708399 0.07423849 0.29540709
0.45206912 0.07429353 0.29877414
0.45706577 0.07430465 0.30214098
0.46207412 0.07427048 0.30550771
0.46709431 0.0741897  0.30887444
0.47212661 0.07406058 0.3122412 
0.4771715  0.0738807  0.31560801
0.48222858 0.07364981 0.31897511
0.48729798 0.07336618 0.32234256
0.49237983 0.07302803 0.32571047
0.49747428 0.07263325 0.32907894
0.50258128 0.07218036 0.33244797
0.50770025 0.07167717 0.33580174
0.51283588 0.07111327 0.33912974
0.51798875 0.07048578 0.34243008
0.52315692 0.06980152 0.34569704
0.52834142 0.06905579 0.34892953
0.5335433  0.06824332 0.35212651
0.53876264 0.06736264 0.35528522
0.54400059 0.0664084  0.35840287
0.54925074 0.06540727 0.36146717
0.55451791 0.06433762 0.36448217
0.55980313 0.06319435 0.36744473
0.565099   0.06201152 0.37034005
0.57041037 0.06076666 0.3731714 
0.57573447 0.05947419 0.37592959
0.58106808 0.05815129 0.37860624
0.58641137 0.05679958 0.38119738
0.59176039 0.05544324 0.38369301
0.59711133 0.05410782 0.38608412
0.60246456 0.05279734 0.38836798
0.60780922 0.05158163 0.39052677
0.61314341 0.05048129 0.39255793
0.61846176 0.04953876 0.39445494
0.62375667 0.04881116 0.39621026
0.629019   0.04836547 0.39781728
0.63423912 0.04827054 0.39927104
0.63941084 0.04856795 0.40057513
0.64452589 0.0493055  0.40173241
0.64957697 0.05051593 0.40274899
0.65455811 0.05221326 0.40363389
0.65946506 0.0543916  0.40439848
0.66429545 0.0570264  0.40505574
0.66904872 0.06007853 0.40561963
0.67372364 0.06351261 0.40610052
0.67832269 0.06727426 0.40651103
0.68285124 0.07129785 0.40686694
0.68731379 0.07553089 0.4071796 
0.6917093  0.07995567 0.40745027
0.69604645 0.0845104  0.40769304
0.70032988 0.08916068 0.40791521
0.70455937 0.09389916 0.40811529
0.70874558 0.09867651 0.40830089
0.71286153 0.10357594 0.40848261
0.71690637 0.1085915  0.40865495
0.72085707 0.11377559 0.4088386 
0.72471911 0.11909584 0.4090328 
0.7284753  0.12458165 0.40925719
0.7321186  0.13023121 0.40952631
0.73564837 0.13602609 0.40985193
0.73905902 0.14196062 0.41025184
0.74233954 0.14804071 0.41075056
0.7455008  0.15422368 0.41135503
0.74854667 0.16048686 0.4120778 
0.75148074 0.16681139 0.41293015
0.7543044  0.17318566 0.41392306
0.75355408 0.23428346 0.12109179
0.7558405  0.23967496 0.12527898
0.75811414 0.24502126 0.12942043
0.76037538 0.25032507 0.13351784
0.76262482 0.25558839 0.1375759 
0.76486275 0.26081358 0.14159657
0.76708947 0.26600289 0.14558161
0.76930492 0.27115908 0.14952898
0.77150989 0.27628306 0.15344385
0.77370459 0.28137668 0.15732762
0.77588945 0.28644138 0.16118137
0.77806467 0.29147886 0.16500528
0.78023025 0.29649099 0.168799  
0.78238682 0.30147846 0.17256589
0.78453489 0.30644221 0.17630663
0.78667451 0.3113837  0.1800222 
0.78880601 0.31630395 0.18371312
0.79092946 0.32120442 0.1873774 
0.79304528 0.32608567 0.19101865
0.79515398 0.33094834 0.19463731
0.79725573 0.33579341 0.198234  
0.79935071 0.34062176 0.2018093 
0.80143941 0.34543398 0.20536315
0.80352153 0.35023149 0.2088945 
0.80559782 0.35501431 0.21240585
0.80766849 0.35978314 0.21589764
0.8097337  0.3645387  0.21937029
0.81179389 0.3692814  0.22282411
0.81384902 0.3740121  0.22625957
0.81589961 0.3787311  0.22967648
0.81794531 0.38343958 0.23307414
0.81998703 0.38813727 0.23645435
0.82202453 0.39282509 0.23981761
0.82405849 0.39750308 0.24316403
0.82608867 0.40217212 0.24649407
0.82811568 0.40683228 0.24980785
0.83013938 0.41148431 0.25310579
0.83216024 0.41612835 0.25638803
0.8341782  0.42076507 0.25965459
0.83619342 0.42539493 0.2629049 
0.83820631 0.43001802 0.26614035
0.84021683 0.4346349  0.26936125
0.84222555 0.43924557 0.27256773
0.84423211 0.44385085 0.27576013
0.84623147 0.44845415 0.27895747
0.84822055 0.45305681 0.2821828 
0.85019925 0.45765914 0.28543634
0.85216758 0.46226141 0.28871827
0.85412575 0.46686368 0.29202872
0.85607361 0.47146632 0.29536792
0.85801141 0.47606934 0.29873612
0.85993911 0.4806729  0.30213492
0.86185679 0.48527726 0.30556296
0.8637646  0.48988253 0.3090204 
0.86566247 0.49448895 0.31250744
0.8675507  0.49909653 0.31602415
0.86942908 0.5037056  0.31957078
0.87129803 0.50831605 0.32314737
0.87315726 0.51292827 0.32675419
0.87500726 0.51754211 0.33039124
0.87684774 0.52215792 0.33405943
0.87867914 0.52677548 0.33775961
0.88050124 0.53139523 0.3414906 
0.88231449 0.53601705 0.34525241
0.88411867 0.54064125 0.34904528
0.88591421 0.54526769 0.35286921
0.88770094 0.54989668 0.35672444
0.88947925 0.55452809 0.36061096
0.89124901 0.55916218 0.36452919
0.89301057 0.56379871 0.36848113
0.89476388 0.56843805 0.37246481
0.89650927 0.57308012 0.37648024
0.89824674 0.57772508 0.38052759
0.89997655 0.58237293 0.38460689
0.9016988  0.58702375 0.38871824
0.90341365 0.59167759 0.39286173
0.9051213  0.59633434 0.39703928
0.90682183 0.60099418 0.40124986
0.90851559 0.60565711 0.40549274
0.91020256 0.61032328 0.4097681 
0.91188313 0.61499261 0.41407586
0.91355732 0.61966522 0.41841617
0.91522547 0.62434108 0.422789  
0.91688767 0.62902009 0.42719691
0.91854417 0.6337024  0.43163771
0.92019524 0.63838805 0.43611114
0.921841   0.6430771  0.44061728
0.92348179 0.6477695  0.44515608
0.92511776 0.65246533 0.44972759
0.92674917 0.6571645  0.45433297
0.92837626 0.66186699 0.45897269
0.92999927 0.66657293 0.46364513
0.93161849 0.67128232 0.46835022
0.93323414 0.6759952  0.473088  
0.93484652 0.68071154 0.4778584 
0.93645587 0.68543135 0.48266174
0.93806245 0.69015449 0.48750018
0.93966659 0.69488111 0.49237114
0.94126853 0.69961125 0.49727459
0.9428686  0.7043449  0.50221046
0.94446106 0.70908511 0.50718311
0.9460458  0.71383338 0.51217534
0.94763471 0.7185843  0.5171727 
0.94922076 0.7233416  0.52218054
0.95080367 0.72810554 0.52719927
0.95238305 0.73287646 0.53222937
0.95396827 0.73764994 0.53726433
0.95554986 0.74243078 0.54231118
0.95712717 0.74721942 0.54737059
0.95871122 0.75201072 0.55243495
0.96028888 0.75681113 0.55751382
0.96186993 0.76161614 0.5626005 
0.96344647 0.76642965 0.56770081
0.9650284  0.77124715 0.57280802
0.9666063  0.77607321 0.57792899
0.9681839  0.78090622 0.58306135
0.96976508 0.78574456 0.58820265
0.97134433 0.79059091 0.59335697
0.97292321 0.7954447  0.59852349
0.97450203 0.80030592 0.60370226
0.97607885 0.80517558 0.60889487
0.97765899 0.81005146 0.61409792
0.97923505 0.81493697 0.61931677
0.98081326 0.8198295  0.62454743
0.98238459 0.82473313 0.62979633
0.98395424 0.82964568 0.63506019
0.98551043 0.83457236 0.64034729
0.9869815  0.83954382 0.64570635
