0.15267065 0.01404628 0.0812904 
0.15744874 0.01516857 0.08491032
0.16218891 0.016348   0.08850608
0.16691429 0.01755674 0.09209033
0.17162717 0.01879221 0.09566443
0.17632985 0.02005147 0.09922978
0.1810233  0.0213333  0.10278704
0.18570792 0.02263717 0.10633658
0.19038694 0.02395824 0.10988024
0.19505829 0.0252996  0.11341706
0.19972531 0.02665587 0.11694894
0.20438789 0.02802698 0.12047594
0.20904607 0.02941269 0.1239982 
0.21370081 0.03081115 0.12751636
0.21835265 0.03222114 0.1310308 
0.22300314 0.03363954 0.13454247
0.22765228 0.03506595 0.13805145
0.2322999  0.03650033 0.14155777
0.23694634 0.03794167 0.14506171
0.2415943  0.0393842  0.14856479
0.24624085 0.04082581 0.15206555
0.25089013 0.04222608 0.15556629
0.25553883 0.04360251 0.15906509
0.26018973 0.04495261 0.16255657
0.26484364 0.04627559 0.16604125
0.26950285 0.0475681  0.16951889
0.27416603 0.04883323 0.17299027
0.27883441 0.05006938 0.17645533
0.28350801 0.05127713 0.17991442
0.28818659 0.05245741 0.183368  
0.29287184 0.05360772 0.18681583
0.29756244 0.05473086 0.19025865
0.30225948 0.05582528 0.19369645
0.30696333 0.05689068 0.19712937
0.31167341 0.05792846 0.20055793
0.3163908  0.05893698 0.20398198
0.32111562 0.0599162  0.2074019 
0.32584722 0.06086766 0.21081796
0.33058682 0.06178924 0.2142302 
0.33533455 0.06268086 0.21763879
0.34008978 0.06354389 0.22104407
0.3448531  0.06437731 0.22444623
0.34962559 0.06517912 0.22784507
0.35440626 0.06595127 0.23124111
0.35919537 0.0666933  0.23463455
0.36399366 0.06740373 0.23802535
0.36880138 0.06808207 0.24141356
0.3736181  0.06872903 0.2447996 
0.37844398 0.06934424 0.2481836 
0.38327953 0.06992652 0.25156561
0.38812533 0.07047452 0.25494554
0.3929808  0.07098918 0.25832383
0.3978461  0.07146999 0.26170059
0.40272139 0.07191632 0.26507596
0.40760726 0.07232658 0.26844991
0.41250403 0.07269972 0.27182254
0.41741124 0.07303635 0.27519412
0.422329   0.07333578 0.27856476
0.42725752 0.07359705 0.28193459
0.43219687 0.07381956 0.28530367
0.43714786 0.07400077 0.288672  
0.4421103  0.07414049 0.29203975
0.44708399 0.07423849 0.29540709
0.45206912 0.07429353 0.29877414
0.45706577 0.07430465 0.30214098
0.46207412 0.07427048 0.30550771
0.46709431 0.0741897  0.30887444
0.47212661 0.07406058 0.3122412 
0.4771715  0.0738807  0.31560801
0.48222858 0.07364981 0.31897511
0.48729798 0.07336618 0.32234256
0.49237983 0.07302803 0.32571047
0.49747428 0.07263325 0.32907894
0.50258128 0.07218036 0.33244797
0.50770025 0.07167717 0.33580174
0.51283588 0.07111327 0.33912974
0.51798875 0.07048578 0.34243008
0.52315692 0.06980152 0.34569704
0.52834142 0.06905579 0.34892953
0.5335433  0.06824332 0.35212651
0.53876264 0.06736264 0.35528522
0.54400059 0.0664084  0.35840287
0.54925074 0.06540727 0.36146717
0.55451791 0.06433762 0.36448217
0.55980313 0.06319435 0.36744473
0.565099   0.06201152 0.37034005
0.57041037 0.06076666 0.3731714 
0.57573447 0.05947419 0.37592959
0.58106808 0.05815129 0.37860624
0.58641137 0.05679958 0.38119738
0.59176039 0.05544324 0.38369301
0.59711133 0.05410782 0.38608412
0.60246456 0.05279734 0.38836798
0.60780922 0.05158163 0.39052677
0.61314341 0.05048129 0.39255793
0.61846176 0.04953876 0.39445494
0.62375667 0.04881116 0.39621026
0.629019   0.04836547 0.39781728
0.63423912 0.04827054 0.39927104
0.63941084 0.04856795 0.40057513
0.64452589 0.0493055  0.40173241
0.64957697 0.05051593 0.40274899
0.65455811 0.05221326 0.40363389
0.65946506 0.0543916  0.40439848
0.66429545 0.0570264  0.40505574
0.66904872 0.06007853 0.40561963
0.67372364 0.06351261 0.40610052
0.67832269 0.06727426 0.40651103
0.68285124 0.07129785 0.40686694
0.68731379 0.07553089 0.4071796 
0.6917093  0.07995567 0.40745027
0.69604645 0.0845104  0.40769304
0.70032988 0.08916068 0.40791521
0.70455937 0.09389916 0.40811529
0.70874558 0.09867651 0.40830089
0.71286153 0.10357594 0.40848261
0.71690637 0.1085915  0.40865495
0.72085707 0.11377559 0.4088386 
0.72471911 0.11909584 0.4090328 
0.7284753  0.12458165 0.40925719
0.7321186  0.13023121 0.40952631
0.73564837 0.13602609 0.40985193
0.73905902 0.14196062 0.41025184
0.74233954 0.14804071 0.41075056
0.7455008  0.15422368 0.41135503
0.74854667 0.16048686 0.4120778 
0.75148074 0.16681139 0.41293015
0.7543044  0.17318566 0.41392306
0.52522067 0.43078967 0.094313  
0.52824628 0.4339023  0.09465863
0.53127457 0.43701984 0.09499572
0.53430559 0.44014237 0.09532299
0.53733936 0.44326999 0.09563923
0.54037591 0.44640279 0.09594386
0.54341533 0.44954075 0.0962378 
0.54645768 0.45268386 0.09652347
0.54950298 0.45583226 0.09679797
0.55255126 0.45898604 0.09706061
0.55560259 0.46214519 0.09731207
0.55865698 0.46530982 0.09755168
0.56171457 0.46847983 0.09778312
0.56477532 0.47165541 0.09800237
0.56783929 0.4748366  0.09820991
0.57090652 0.47802347 0.09840506
0.57397706 0.48121604 0.09858827
0.577051   0.48441429 0.09876179
0.58012833 0.48761835 0.09892361
0.58320912 0.49082827 0.09907325
0.58629337 0.49404412 0.09920996
0.58938117 0.49726595 0.09933422
0.59247253 0.5004938  0.09944561
0.59556752 0.50372767 0.09954619
0.59866619 0.50696764 0.09963488
0.60176856 0.51021379 0.09971032
0.60487465 0.5134662  0.09977212
0.60798453 0.51672489 0.09982072
0.61109823 0.51998992 0.09985586
0.61421578 0.52326137 0.09987694
0.61733726 0.5265392  0.09988609
0.62046269 0.52982352 0.09988222
0.6235921  0.53311439 0.09986411
0.62672552 0.53641189 0.09983142
0.629863   0.53971605 0.09978423
0.63300458 0.54302693 0.09972232
0.63615029 0.54634459 0.09964562
0.63930017 0.54966908 0.0995537 
0.64245425 0.55300047 0.09944638
0.64561259 0.55633877 0.09932448
0.64877523 0.55968405 0.09918797
0.65194219 0.56303637 0.09903554
0.6551135  0.56639581 0.09886694
0.6582892  0.56976241 0.0986819 
0.66146932 0.57313625 0.09848   
0.6646539  0.57651737 0.09826111
0.66784298 0.57990583 0.098025  
0.67103658 0.5833017  0.09777136
0.67423474 0.58670501 0.09749993
0.6774375  0.59011584 0.09721043
0.68064488 0.59353426 0.09690228
0.68385691 0.59696031 0.09657535
0.68707363 0.60039405 0.09622931
0.69029508 0.60383554 0.09586382
0.69352127 0.60728485 0.09547851
0.69675225 0.61074204 0.09507301
0.69998804 0.61420716 0.09464685
0.70322868 0.61768028 0.09419968
0.70647417 0.62116146 0.09373098
0.70972455 0.62465078 0.09323991
0.71297985 0.62814829 0.09272627
0.71624011 0.63165404 0.09218969
0.71950534 0.63516812 0.09162967
0.72277555 0.63869058 0.09104518
0.72605079 0.6422215  0.0904357 
0.72933107 0.64576093 0.08980098
0.73261641 0.64930896 0.08913968
0.73590353 0.65286703 0.08845834
0.73919042 0.65643603 0.08776285
0.74247683 0.66001615 0.0870519 
0.74576255 0.6636075  0.08632854
0.74904706 0.66721035 0.08559578
0.75233056 0.67082471 0.08485054
0.75561275 0.67445081 0.08409141
0.75889351 0.67808873 0.08332055
0.76217254 0.6817387  0.08253678
0.76544963 0.68540085 0.0817412 
0.76872409 0.68907545 0.08094123
0.77199572 0.69276269 0.08013653
0.77526453 0.69646267 0.07932207
0.77853026 0.70017557 0.07849925
0.78179262 0.70390158 0.07766874
0.7850502  0.70764114 0.07684869
0.78830367 0.71139424 0.07602414
0.79155267 0.71516108 0.07519613
0.79479633 0.71894201 0.07437425
0.79803392 0.72273731 0.07356601
0.80126578 0.72654706 0.07276015
0.80449094 0.73037161 0.07196753
0.80770842 0.73421135 0.07119915
0.81091874 0.73806628 0.07044124
0.81412009 0.74193697 0.06971851
0.81731259 0.74582358 0.06902108
0.8204955  0.74972639 0.06835792
0.82366761 0.75364587 0.06774257
0.82682889 0.75758218 0.06716643
0.82997763 0.76153587 0.06665626
0.83311391 0.76550709 0.06620115
0.83623599 0.76949644 0.06582267
0.83934333 0.77350419 0.06552463
0.84243526 0.77753067 0.06530953
0.84550949 0.78157659 0.06521118
0.84856617 0.7856421  0.06521417
0.85160367 0.78972776 0.06533885
0.85462009 0.79383414 0.06561477
0.85761481 0.79796163 0.0660328 
0.86058661 0.80211061 0.06661084
0.86353368 0.80628173 0.06736231
0.86645406 0.81047554 0.06831588
0.86934674 0.81469243 0.06947378
0.87221013 0.81893291 0.07084839
0.87504241 0.82319757 0.07245259
0.87786213 0.82747998 0.07414305
0.88068511 0.8317746  0.07581677
0.88351144 0.83608149 0.0774748 
0.8863419  0.84040037 0.07912164
0.88917621 0.84473147 0.08075617
0.89201285 0.84907562 0.08237099
0.89485455 0.85343162 0.08398037
0.89769878 0.85780076 0.08557179
0.90054649 0.8621827  0.0871504 
0.90339806 0.86657735 0.08871835
0.9062528  0.87098515 0.09027251
0.90911046 0.87540631 0.09181191
0.9119705  0.87984117 0.09333426
0.9148323  0.88429013 0.09483688
0.91769339 0.88875442 0.0963084 
0.92052909 0.89324548 0.09763257
