0.13198888 0.04613549 0.00495577
0.13624116 0.0488535  0.00547257
0.14046109 0.05156361 0.00602277
0.14466299 0.05425652 0.00659365
0.14884888 0.05693226 0.00718379
0.15302078 0.05959081 0.00779155
0.15717946 0.06223298 0.0084165 
0.16132557 0.06485957 0.00905833
0.16546021 0.06747097 0.00971611
0.16958485 0.07006726 0.01038838
0.17369941 0.07264954 0.01107553
0.17780458 0.07521831 0.01177698
0.18190098 0.07777407 0.01249221
0.1859904  0.0803164  0.01321895
0.19007193 0.08284681 0.01395872
0.19414587 0.08536589 0.0147114 
0.19821464 0.08787263 0.01547353
0.20227672 0.09036886 0.01624766
0.20633393 0.09285394 0.01703108
0.21038534 0.09532921 0.01782555
0.21443327 0.0977936  0.01862731
0.21847591 0.10024902 0.01943967
0.22251551 0.10269441 0.02025882
0.22655163 0.10513063 0.02108568
0.23058404 0.10755837 0.02192086
0.23461381 0.10997735 0.02276248
0.23864189 0.11238738 0.02360883
0.24266443 0.11479202 0.02446146
0.24667986 0.11719349 0.02531296
0.25068895 0.11959164 0.02616128
0.25469147 0.12198718 0.02700449
0.25868781 0.12438013 0.02784247
0.26267822 0.12677066 0.02867482
0.26666283 0.12915906 0.02950085
0.27064176 0.13154556 0.03031977
0.27461481 0.13393077 0.03112982
0.27858225 0.13631476 0.03193088
0.28254435 0.1386976  0.03272274
0.28650123 0.14107953 0.03350471
0.290453   0.14346077 0.03427617
0.29439966 0.14584161 0.03503633
0.29834103 0.14822255 0.03578341
0.30227758 0.15060342 0.03651813
0.3062094  0.15298442 0.03724002
0.31013661 0.15536571 0.03794837
0.31405928 0.15774749 0.03864276
0.3179775  0.16012994 0.03932263
0.32189106 0.16251352 0.03998618
0.32580028 0.16489817 0.04063068
0.32970537 0.16728394 0.04124737
0.33360636 0.16967101 0.04184279
0.33750339 0.1720595  0.04241683
0.34139651 0.17444957 0.04296975
0.34528585 0.17684134 0.04350149
0.34917144 0.17923496 0.04401221
0.35305313 0.18163083 0.04450072
0.35693126 0.18402878 0.04496841
0.36080599 0.1864289  0.04541509
0.36467732 0.18883135 0.0458411 
0.36854541 0.1912362  0.04624616
0.37241031 0.19364357 0.04663047
0.37627212 0.19605355 0.04699398
0.38013095 0.19846624 0.04733652
0.38398682 0.20088177 0.04765846
0.38783989 0.20330018 0.0479594 
0.39169023 0.20572158 0.04823935
0.39553788 0.20814607 0.04849851
0.39938286 0.21057384 0.04873604
0.40322537 0.21300484 0.04895231
0.40706548 0.21543916 0.04914749
0.41090329 0.21787686 0.04932146
0.41473892 0.22031801 0.04947398
0.41857244 0.22276266 0.04960494
0.42240394 0.22521091 0.04971426
0.42623347 0.22766282 0.04980196
0.43006116 0.23011845 0.04986761
0.4338871  0.23257785 0.04991109
0.43771136 0.23504109 0.04993217
0.44153404 0.23750822 0.04993063
0.44535523 0.2399793  0.04990624
0.44917499 0.24245439 0.04985886
0.45299342 0.24493354 0.0497881 
0.45681062 0.24741681 0.04969374
0.46062666 0.24990424 0.04957537
0.46444164 0.25239589 0.04943269
0.46825451 0.2548927  0.04926469
0.4720595  0.25739926 0.04907434
0.47585664 0.25991571 0.04885895
0.47964557 0.2624424  0.0486186 
0.48342593 0.26497971 0.04835346
0.48719734 0.26752798 0.04806363
0.49095943 0.27008758 0.04774932
0.49471182 0.27265886 0.0474107 
0.49845411 0.27524219 0.04704828
0.5021859  0.27783792 0.04666244
0.5059068  0.28044639 0.04625363
0.50961644 0.28306796 0.04582224
0.51331444 0.28570294 0.04536867
0.51700039 0.28835168 0.04489379
0.5206739  0.29101449 0.0443984 
0.52433462 0.29369168 0.04388297
0.52798216 0.29638355 0.04334852
0.53161616 0.29909039 0.04279614
0.53523627 0.30181248 0.04222681
0.53884215 0.30455007 0.04164157
0.54243346 0.30730342 0.04104189
0.54600988 0.31007276 0.04042871
0.54957113 0.3128583  0.03979654
0.55311691 0.31566023 0.03916017
0.55664645 0.31847911 0.03852235
0.56015922 0.32131529 0.03788567
0.56365575 0.32416837 0.03725083
0.56713584 0.32703847 0.03661987
0.57059931 0.32992569 0.03599494
0.574046   0.33283011 0.03537817
0.57747577 0.33575179 0.03477178
0.58088851 0.33869079 0.03417786
0.58428413 0.34164711 0.03359873
0.58766256 0.34462076 0.03303652
0.59102374 0.34761175 0.03249336
0.59436768 0.35062002 0.03197164
0.59769435 0.35364555 0.03147338
0.60100378 0.35668826 0.03100066
0.60429524 0.35974862 0.03055747
0.60756937 0.36282613 0.03014458
0.6108265  0.36592051 0.02976348
0.61406675 0.36903165 0.02941641
0.61729025 0.37215939 0.02910542
0.14982894 0.4651253  0.78897015
0.15244875 0.46886153 0.78958004
0.1550885  0.4725902  0.79020973
0.15776187 0.47630876 0.79086654
0.16045219 0.48002083 0.79154175
0.16315865 0.48372686 0.7922348 
0.16589511 0.48742409 0.79295377
0.1686463  0.49111583 0.79369081
0.17141159 0.49480245 0.79444561
0.17420189 0.49848197 0.7952235 
0.17700641 0.50215671 0.79601945
0.17982324 0.50582727 0.79683249
0.18265985 0.50949229 0.79766658
0.18551228 0.51315278 0.79851969
0.18837544 0.51681004 0.79938881
0.19125166 0.52046375 0.80027528
0.1941471  0.52411278 0.80118251
0.19705248 0.52775927 0.80210549
0.19996766 0.53140342 0.80304407
0.20289871 0.53504416 0.80400138
0.20584322 0.53868216 0.80497606
0.20879695 0.5423185  0.80596573
0.21175988 0.54595337 0.80697024
0.21473865 0.54958554 0.80799303
0.21772894 0.5532161  0.80903161
0.22072818 0.55684578 0.81008444
0.22373644 0.56047474 0.81115139
0.22675772 0.56410231 0.81223432
0.22979221 0.5677286  0.81333322
0.23283579 0.57135467 0.8144457 
0.23588862 0.57498066 0.81557163
0.23895088 0.57860668 0.81671089
0.24202765 0.58223183 0.81786594
0.245116   0.58585689 0.81903493
0.24821416 0.58948241 0.82021669
0.2513224  0.59310849 0.82141112
0.25444091 0.59673529 0.8226178 
0.25756996 0.60036293 0.8238365 
0.26071524 0.60399029 0.8250702 
0.26387158 0.60761863 0.82631591
0.26703933 0.61124806 0.82757343
0.27021858 0.61487882 0.8288417 
0.27341005 0.6185108  0.83012151
0.2766142  0.62214405 0.83141283
0.27983123 0.62577877 0.8327147 
0.28306173 0.62941496 0.83402722
0.2863084  0.63305212 0.83535183
0.28956974 0.63669089 0.83668621
0.29284591 0.64033123 0.83803109
0.29613726 0.64397334 0.83938533
0.29944452 0.64761713 0.84074936
0.30276818 0.65126275 0.84212226
0.30610901 0.6549101  0.84350438
0.30946756 0.65855932 0.84489478
0.31284474 0.66221024 0.84629412
0.31624111 0.66586302 0.84770111
0.31965754 0.66951758 0.84911589
0.3230949  0.67317387 0.85053833
0.326554   0.67683191 0.85196774
0.33003573 0.6804917  0.85340359
0.3335411  0.68415312 0.85484585
0.33707252 0.68781582 0.8562947 
0.34063198 0.69147952 0.85775012
0.34421878 0.69514458 0.85921061
0.34783411 0.69881089 0.86067573
0.35147924 0.70247835 0.86214499
0.35515549 0.70614686 0.86361761
0.3588647  0.70981615 0.86509343
0.36261484 0.71348462 0.86657473
0.36640338 0.71715304 0.86805867
0.37023607 0.72082084 0.86954201
0.374115   0.72448753 0.87102558
0.37804932 0.7281514  0.87251006
0.38203118 0.73181401 0.87399354
0.38606149 0.7354751  0.87547657
0.39015183 0.73913254 0.87695946
0.39429476 0.74278763 0.87844172
0.39849045 0.74644039 0.87992241
0.40275222 0.75008814 0.88140343
0.40706865 0.75373308 0.88288272
0.41144882 0.75737335 0.88436137
0.41589282 0.76100883 0.88583933
0.42039933 0.76463968 0.88731628
0.42497704 0.76826411 0.8887929 
0.4296185  0.77188342 0.8902686 
0.43433561 0.77549506 0.89174478
0.43912001 0.77910057 0.89322065
0.44398179 0.78269768 0.89469766
0.44891645 0.78628709 0.89617565
0.45392736 0.78986787 0.89765547
0.45901872 0.79343888 0.89913808
0.46418414 0.79700116 0.90062352
0.46943529 0.80055192 0.90211411
0.47476469 0.80409239 0.90361009
0.48017189 0.80762234 0.90511226
0.48566688 0.81113917 0.90662342
0.49124084 0.81464437 0.90814404
0.49689334 0.81813763 0.9096756 
0.5026284  0.82161756 0.91122065
0.50844443 0.82508405 0.91278084
0.5143362  0.82853776 0.91435784
0.52030214 0.83197857 0.91595371
0.52634391 0.83540559 0.91757103
0.53245835 0.83881902 0.91921204
0.53863937 0.8422198  0.92087841
0.5448837  0.84560822 0.9225724 
0.55118793 0.84898463 0.92429614
0.55755424 0.85234806 0.92605249
0.56397234 0.85570059 0.92784259
0.57043805 0.8590429  0.92966824
0.57693242 0.86238114 0.9315134 
0.58339401 0.86573007 0.93337732
0.58982307 0.86908995 0.93526083
0.59622372 0.87246042 0.93716192
0.60259689 0.87584163 0.9390808 
0.60894412 0.87923359 0.94101723
0.61526341 0.88263692 0.94297357
0.6215598  0.88605105 0.94494686
0.62783638 0.88947571 0.94693553
0.63408609 0.89291236 0.94894572
0.64031786 0.89635972 0.95097134
0.64653006 0.89981832 0.95301434
0.6527236  0.90328824 0.95507468
0.6589026  0.90676898 0.95714978
0.66506474 0.91026118 0.95924207
0.67121408 0.91376433 0.96134893
0.67735789 0.91727734 0.96346508
0.68354906 0.92079081 0.96554815
