0.99627138 0.84178021 0.33833724
0.98854297 0.83363512 0.33736928
0.98084156 0.82554977 0.33620919
0.97317764 0.81751198 0.33500558
0.96555098 0.80952081 0.33376377
0.9579626  0.80157402 0.33250447
0.95041103 0.79367202 0.33121601
0.94289622 0.78581371 0.32990519
0.9354172  0.77799899 0.3285667 
0.92797409 0.77022663 0.32720899
0.92056723 0.76249515 0.32584315
0.91319395 0.7548063  0.3244425 
0.9057691  0.74719649 0.323123  
0.89828917 0.73966719 0.32187852
0.89075487 0.73221764 0.32070608
0.88317245 0.7248445  0.31959731
0.8755557  0.71754169 0.31852152
0.86790474 0.71030805 0.31748887
0.86022263 0.70314171 0.31649298
0.85252047 0.69603736 0.31551457
0.84480205 0.68899281 0.31454562
0.83707043 0.68200581 0.31358771
0.82932579 0.67507572 0.31263807
0.82157248 0.66819978 0.31169519
0.8138158  0.66137521 0.31074716
0.80605753 0.65460028 0.30979794
0.79830047 0.64787335 0.30883857
0.79054665 0.64119282 0.30786723
0.78279714 0.63455726 0.30688902
0.7750546  0.62796516 0.30589398
0.76731993 0.62141522 0.30488611
0.75959454 0.61490615 0.30386406
0.75188061 0.60843659 0.30282047
0.74417769 0.60200556 0.3017659 
0.73648936 0.59561158 0.30068245
0.72881396 0.58925394 0.29958713
0.72115467 0.58293124 0.29846457
0.7135098  0.57664316 0.29732496
0.70587811 0.5703895  0.29617194
0.69826428 0.56416799 0.29499224
0.69066771 0.55797796 0.29379258
0.68308724 0.55181981 0.29256557
0.67551994 0.54569413 0.29131614
0.66796558 0.53960039 0.29004534
0.66042194 0.53353911 0.28875313
0.65288886 0.52750975 0.28743991
0.64536885 0.52151048 0.28610419
0.63786223 0.51554067 0.28474441
0.63036883 0.50959973 0.28336116
0.62288865 0.5036871  0.28195438
0.61541979 0.49780313 0.28052379
0.60796129 0.49194765 0.27907043
0.60051611 0.48611866 0.27759263
0.59308461 0.48031547 0.27608873
0.58566659 0.47453755 0.27455944
0.57826198 0.46878432 0.27300488
0.57086724 0.46305693 0.2714256 
0.56348464 0.45735368 0.26982067
0.55611553 0.45167332 0.26818958
0.54876015 0.44601519 0.26653122
0.54141857 0.44037868 0.26484515
0.53408846 0.43476423 0.2631332 
0.52676845 0.42917188 0.2613957 
0.51946245 0.4235993  0.25962904
0.51217001 0.418046   0.25783453
0.50489098 0.41251142 0.25601235
0.49762403 0.40699569 0.25416123
0.49036694 0.40149915 0.25228296
0.48312318 0.39601953 0.25037622
0.47589295 0.39055616 0.24844008
0.4686767  0.38510828 0.2464727 
0.46147023 0.37967707 0.24447783
0.4542746  0.37426143 0.24245424
0.44709237 0.36885956 0.24039985
0.43992364 0.3634708  0.23831397
0.43276752 0.35809484 0.23619762
0.42561888 0.35273335 0.23405268
0.41848304 0.34738321 0.23187656
0.41136039 0.34204364 0.22966765
0.40425057 0.33671407 0.22742631
0.39714597 0.33139681 0.2251616 
0.3900666  0.3260825  0.22285859
0.38300691 0.32077215 0.22053018
0.37596694 0.31546513 0.21817459
0.36894859 0.31016028 0.21578512
0.36195171 0.30485702 0.21336041
0.35497242 0.29955579 0.21090884
0.34801172 0.29425562 0.20842595
0.34106912 0.28895598 0.20591113
0.33414349 0.28365649 0.20336537
0.32723662 0.27835594 0.20078204
0.3203463  0.27305419 0.19816485
0.31347074 0.26775098 0.19551633
0.30661033 0.26244541 0.19283325
0.29976491 0.25713673 0.19011386
0.29293174 0.25182483 0.18736275
0.28611301 0.24650827 0.18457204
0.2793071  0.2411866  0.18174328
0.27251321 0.2358591  0.178876  
0.2657306  0.23052501 0.17596941
0.25895759 0.22518375 0.17302494
0.25219442 0.21983424 0.17003912
0.24543992 0.21447568 0.16701187
0.23869277 0.20910728 0.16394328
0.23195358 0.2037277  0.16082858
0.22521903 0.19833652 0.15767249
0.21849052 0.1929321  0.15446796
0.21176584 0.18751361 0.1512166 
0.20504363 0.18207991 0.1479177 
0.1983241  0.17662945 0.14456651
0.19160484 0.17116117 0.14116437
0.18488469 0.16567362 0.13770931
0.17816289 0.16016516 0.13419805
0.17143925 0.1546339  0.13062564
0.16471049 0.1490785  0.12699419
0.15797416 0.14349722 0.12330372
0.15122909 0.13788787 0.11955098
0.14447541 0.13224784 0.11572851
0.13771258 0.12657448 0.11182988
0.13093459 0.120866   0.10786076
0.12414441 0.11511853 0.10380512
0.11733534 0.10932983 0.09966856
0.11050783 0.10349586 0.09543903
0.10366003 0.09761266 0.09110875
0.09678771 0.09167623 0.08667403
0.08989541 0.08568045 0.0821096 
0.08297894 0.07962016 0.07740839
0.07608397 0.07352179 0.07256313
0.08260612 0.07957816 0.07927387
0.08995066 0.08532577 0.08532635
0.09731352 0.09098111 0.09131471
0.10468184 0.0965561  0.09724565
0.1120432  0.10206202 0.10312524
0.11941372 0.10749776 0.10895635
0.1267716  0.11287758 0.11474505
0.13412471 0.11820286 0.12049419
0.14147262 0.12347811 0.12620709
0.14882128 0.12870464 0.13188616
0.15617717 0.13388316 0.13753348
0.1635263  0.1390232  0.14315299
0.17088649 0.14411983 0.14874522
0.17824601 0.14918121 0.15431353
0.18560934 0.15420797 0.15985945
0.19298122 0.1592004  0.16538438
0.20035336 0.16416471 0.17089094
0.20774089 0.16909597 0.17637917
0.21514142 0.17399728 0.18185087
0.22254892 0.17887347 0.18730811
0.22996215 0.18372701 0.19275242
0.23740247 0.18854918 0.19818278
0.24484961 0.19335151 0.2036026 
0.25230396 0.19813542 0.20901302
0.2597865  0.20289194 0.21441285
0.26727609 0.20763304 0.21980546
0.27478747 0.21235264 0.22519023
0.28230396 0.21706104 0.23056563
0.28984611 0.22174876 0.2359322 
0.29740306 0.22642297 0.24128863
0.30498354 0.23108001 0.24663713
0.31258871 0.23572035 0.25197815
0.32021237 0.24034863 0.25731031
0.32786322 0.24496093 0.2626363 
0.33553777 0.24956023 0.26795564
0.3432341  0.25414868 0.27326793
0.35096072 0.25872236 0.2785749 
0.35871191 0.26328545 0.28387607
0.36648673 0.26783943 0.28917134
0.374293   0.27238064 0.29446212
0.38212757 0.27691179 0.29974793
0.38998596 0.28143636 0.3050283 
0.39787634 0.28595033 0.31030482
0.40580041 0.29045354 0.31557739
0.41374875 0.29495247 0.32084399
0.42173032 0.29944245 0.32610692
0.42974633 0.30392352 0.33136612
0.43779394 0.30839815 0.33662096
0.44586892 0.3128697  0.341871  
0.45397954 0.31733385 0.34711717
0.46212907 0.32178942 0.35235874
0.47031192 0.3262404  0.35759622
0.47852324 0.33069062 0.36282819
0.48677291 0.33513469 0.36805533
0.4950615  0.33957296 0.37327724
0.50338612 0.34400783 0.37849432
0.51174865 0.34843887 0.38370583
0.52014659 0.35286858 0.38890933
0.52858105 0.35729672 0.39410684
0.53705597 0.3617216  0.39929701
0.54557191 0.36614359 0.40447912
0.55412488 0.37056579 0.40965363
0.56272351 0.3749837  0.41481743
0.57135871 0.37940355 0.41997232
0.58003863 0.38382111 0.42511503
0.58875764 0.38824056 0.43024629
0.5975212  0.39265931 0.43536329
0.60632576 0.39708031 0.44046598
0.61517607 0.40150089 0.44555566
0.62406003 0.40592261 0.45069042
0.63297955 0.41034432 0.45587488
0.64193425 0.41476621 0.46111513
0.65093041 0.41918408 0.46641636
0.65996352 0.42360044 0.47178805
0.66902828 0.42801735 0.47724822
0.67811522 0.43243981 0.48281422
0.68723178 0.43686223 0.48849651
0.69635306 0.44129693 0.49433971
0.70546849 0.44574815 0.50037551
0.71455415 0.45022609 0.50666297
0.72355329 0.4547604  0.51328946
0.73237525 0.4594003  0.52037796
0.74083651 0.46425706 0.52807696
0.74871281 0.46948216 0.53644024
0.75589358 0.47517312 0.54530367
0.76248841 0.48128425 0.55439876
0.76855722 0.48779009 0.56356107
0.77395974 0.49481951 0.57248722
0.77886229 0.5022893  0.58086187
0.78355022 0.51000579 0.58862726
0.78820803 0.51782258 0.59593838
0.7928924  0.5256843  0.60293726
0.79762929 0.53356205 0.60972876
0.80240326 0.54146248 0.61635298
0.80723438 0.54936572 0.62287868
0.81211407 0.55727659 0.62932583
0.81702514 0.56520621 0.63570481
0.82197993 0.57314507 0.64204214
0.82697927 0.58109289 0.64834869
0.83201791 0.58905339 0.65463273
0.83709157 0.59702978 0.66090095
0.8422094  0.60501697 0.66716144
0.84735916 0.61302328 0.67341725
0.85255295 0.62104201 0.6796755 
0.85776906 0.62908814 0.68592802
0.86302147 0.6371531  0.69218814
0.86831687 0.64523371 0.69846091
0.87365277 0.65333244 0.70474877
0.87902189 0.66145502 0.7110485 
0.88440483 0.66961425 0.71735291
0.88981908 0.67779813 0.72368983
0.89525522 0.68601282 0.73006039
0.90071804 0.69425654 0.73646619
0.90621925 0.70252358 0.74291085
0.91175151 0.71081929 0.74939238
0.91730328 0.71915129 0.75590762
0.92288642 0.72751382 0.76246021
0.92850694 0.73590456 0.76905207
0.93415034 0.7443327  0.77567917
0.93983617 0.75278838 0.78234734
0.94555387 0.76127855 0.78905369
0.95130702 0.76980229 0.79579943
0.95710206 0.77835718 0.80258656
0.96292857 0.78694997 0.80941222
0.96879065 0.79557949 0.81627773
0.9746731  0.80425492 0.82317884
0.98061786 0.81295492 0.8301278 
0.9865803  0.82170435 0.83711179
