0.13198888 0.04613549 0.00495577
0.13624116 0.0488535  0.00547257
0.14046109 0.05156361 0.00602277
0.14466299 0.05425652 0.00659365
0.14884888 0.05693226 0.00718379
0.15302078 0.05959081 0.00779155
0.15717946 0.06223298 0.0084165 
0.16132557 0.06485957 0.00905833
0.16546021 0.06747097 0.00971611
0.16958485 0.07006726 0.01038838
0.17369941 0.07264954 0.01107553
0.17780458 0.07521831 0.01177698
0.18190098 0.07777407 0.01249221
0.1859904  0.0803164  0.01321895
0.19007193 0.08284681 0.01395872
0.19414587 0.08536589 0.0147114 
0.19821464 0.08787263 0.01547353
0.20227672 0.09036886 0.01624766
0.20633393 0.09285394 0.01703108
0.21038534 0.09532921 0.01782555
0.21443327 0.0977936  0.01862731
0.21847591 0.10024902 0.01943967
0.22251551 0.10269441 0.02025882
0.22655163 0.10513063 0.02108568
0.23058404 0.10755837 0.02192086
0.23461381 0.10997735 0.02276248
0.23864189 0.11238738 0.02360883
0.24266443 0.11479202 0.02446146
0.24667986 0.11719349 0.02531296
0.25068895 0.11959164 0.02616128
0.25469147 0.12198718 0.02700449
0.25868781 0.12438013 0.02784247
0.26267822 0.12677066 0.02867482
0.26666283 0.12915906 0.02950085
0.27064176 0.13154556 0.03031977
0.27461481 0.13393077 0.03112982
0.27858225 0.13631476 0.03193088
0.28254435 0.1386976  0.03272274
0.28650123 0.14107953 0.03350471
0.290453   0.14346077 0.03427617
0.29439966 0.14584161 0.03503633
0.29834103 0.14822255 0.03578341
0.30227758 0.15060342 0.03651813
0.3062094  0.15298442 0.03724002
0.31013661 0.15536571 0.03794837
0.31405928 0.15774749 0.03864276
0.3179775  0.16012994 0.03932263
0.32189106 0.16251352 0.03998618
0.32580028 0.16489817 0.04063068
0.32970537 0.16728394 0.04124737
0.33360636 0.16967101 0.04184279
0.33750339 0.1720595  0.04241683
0.34139651 0.17444957 0.04296975
0.34528585 0.17684134 0.04350149
0.34917144 0.17923496 0.04401221
0.35305313 0.18163083 0.04450072
0.35693126 0.18402878 0.04496841
0.36080599 0.1864289  0.04541509
0.36467732 0.18883135 0.0458411 
0.36854541 0.1912362  0.04624616
0.37241031 0.19364357 0.04663047
0.37627212 0.19605355 0.04699398
0.38013095 0.19846624 0.04733652
0.38398682 0.20088177 0.04765846
0.38783989 0.20330018 0.0479594 
0.39169023 0.20572158 0.04823935
0.39553788 0.20814607 0.04849851
0.39938286 0.21057384 0.04873604
0.40322537 0.21300484 0.04895231
0.40706548 0.21543916 0.04914749
0.41090329 0.21787686 0.04932146
0.41473892 0.22031801 0.04947398
0.41857244 0.22276266 0.04960494
0.42240394 0.22521091 0.04971426
0.42623347 0.22766282 0.04980196
0.43006116 0.23011845 0.04986761
0.4338871  0.23257785 0.04991109
0.43771136 0.23504109 0.04993217
0.44153404 0.23750822 0.04993063
0.44535523 0.2399793  0.04990624
0.44917499 0.24245439 0.04985886
0.45299342 0.24493354 0.0497881 
0.45681062 0.24741681 0.04969374
0.46062666 0.24990424 0.04957537
0.46444164 0.25239589 0.04943269
0.46825451 0.2548927  0.04926469
0.4720595  0.25739926 0.04907434
0.47585664 0.25991571 0.04885895
0.47964557 0.2624424  0.0486186 
0.48342593 0.26497971 0.04835346
0.48719734 0.26752798 0.04806363
0.49095943 0.27008758 0.04774932
0.49471182 0.27265886 0.0474107 
0.49845411 0.27524219 0.04704828
0.5021859  0.27783792 0.04666244
0.5059068  0.28044639 0.04625363
0.50961644 0.28306796 0.04582224
0.51331444 0.28570294 0.04536867
0.51700039 0.28835168 0.04489379
0.5206739  0.29101449 0.0443984 
0.52433462 0.29369168 0.04388297
0.52798216 0.29638355 0.04334852
0.53161616 0.29909039 0.04279614
0.53523627 0.30181248 0.04222681
0.53884215 0.30455007 0.04164157
0.54243346 0.30730342 0.04104189
0.54600988 0.31007276 0.04042871
0.54957113 0.3128583  0.03979654
0.55311691 0.31566023 0.03916017
0.55664645 0.31847911 0.03852235
0.56015922 0.32131529 0.03788567
0.56365575 0.32416837 0.03725083
0.56713584 0.32703847 0.03661987
0.57059931 0.32992569 0.03599494
0.574046   0.33283011 0.03537817
0.57747577 0.33575179 0.03477178
0.58088851 0.33869079 0.03417786
0.58428413 0.34164711 0.03359873
0.58766256 0.34462076 0.03303652
0.59102374 0.34761175 0.03249336
0.59436768 0.35062002 0.03197164
0.59769435 0.35364555 0.03147338
0.60100378 0.35668826 0.03100066
0.60429524 0.35974862 0.03055747
0.60756937 0.36282613 0.03014458
0.6108265  0.36592051 0.02976348
0.61406675 0.36903165 0.02941641
0.61729025 0.37215939 0.02910542
0.63408824 0.27776755 0.69517325
0.63784776 0.281222   0.69590578
0.64156047 0.28473258 0.69659719
0.64522474 0.28829917 0.69725033
0.64883921 0.29192142 0.69786804
0.65240092 0.29560059 0.69845298
0.65590431 0.29934109 0.69900607
0.65935497 0.30313396 0.69953495
0.66275256 0.3069775  0.70004373
0.66609702 0.31086971 0.70053667
0.66938855 0.31480841 0.70101799
0.6726276  0.31879127 0.70149176
0.67580857 0.32282271 0.70195897
0.67893812 0.32689377 0.70242624
0.68201845 0.33100047 0.70289845
0.68505088 0.3351403  0.70337852
0.688037   0.33931039 0.70387025
0.69097832 0.34350837 0.70437591
0.69387673 0.34773134 0.70489912
0.69673386 0.35197721 0.70544133
0.69955157 0.35624357 0.70600491
0.70233181 0.360528   0.70659213
0.70507602 0.36482901 0.7072038 
0.70778565 0.369145   0.70784113
0.71046391 0.37347279 0.70850598
0.71311264 0.37781065 0.70919942
0.71573364 0.382157   0.70992232
0.71832678 0.3865122  0.71067431
0.7208948  0.39087395 0.71145619
0.72343928 0.39524107 0.7122683 
0.72596187 0.39961237 0.71311106
0.7284641  0.40398684 0.71398466
0.73094738 0.40836363 0.71488904
0.73341315 0.41274186 0.71582431
0.7358626  0.41712104 0.71678998
0.73829725 0.42150018 0.71778651
0.74071842 0.42587863 0.71881384
0.74312264 0.43025995 0.71986932
0.7455116  0.43464298 0.72095358
0.74788981 0.43902443 0.72206741
0.7502585  0.44340373 0.72321086
0.75261902 0.44778019 0.72438424
0.75496994 0.45215565 0.72558542
0.7573053  0.45653529 0.72681203
0.75963481 0.46091162 0.72806735
0.76195904 0.46528476 0.72935049
0.7642796  0.46965377 0.73066241
0.76658527 0.4740281  0.73199729
0.7688865  0.47839988 0.73335878
0.77118621 0.48276715 0.73474821
0.77348258 0.4871319  0.73616372
0.77576584 0.49150207 0.73760077
0.77804928 0.49586776 0.73906455
0.78033388 0.50022866 0.74055513
0.78260772 0.50459422 0.74206696
0.78487995 0.50895787 0.74360341
0.78715458 0.5133171  0.74516521
0.78942199 0.51767932 0.74674868
0.79168686 0.52204143 0.74835508
0.7939559  0.52639898 0.74998635
0.79621804 0.53076021 0.75163849
0.79847953 0.53512104 0.75331288
0.80074726 0.53947687 0.75501223
0.80300487 0.54383961 0.75672985
0.80526718 0.54819912 0.75847105
0.80753307 0.55255659 0.76023489
0.80979117 0.5569201  0.76201718
0.81205759 0.56127894 0.76382328
0.81432043 0.56564152 0.76564861
0.81658473 0.57000466 0.76749492
0.81885619 0.57436494 0.76936352
0.82111937 0.57873282 0.77124928
0.82339259 0.58309651 0.77315771
0.82565591 0.5874701  0.77507708
0.82792715 0.5918427  0.77700919
0.83020422 0.59621618 0.77895162
0.83249566 0.60058434 0.78091391
0.83478991 0.60495624 0.78288297
0.83709789 0.60932389 0.78487101
0.83941314 0.61369244 0.7868707 
0.84173356 0.61806367 0.78887966
0.84407037 0.6224296  0.79091028
0.84641152 0.62679932 0.79294913
0.84876147 0.63116983 0.79500106
0.85112481 0.63553803 0.79707111
0.85349366 0.6399099  0.79915049
0.85587226 0.6442826  0.80124381
0.8582642  0.64865383 0.80335495
0.86066222 0.65302898 0.80547589
0.863069   0.65740637 0.8076095 
0.86549124 0.66178155 0.80976301
0.86791947 0.66616137 0.81192604
0.87035545 0.67054482 0.81410046
0.87280617 0.67492728 0.81629379
0.87526681 0.67931232 0.8185007 
0.87773563 0.68370133 0.8207193 
0.88021361 0.68809386 0.82295057
0.88270422 0.69248776 0.82519818
0.88520732 0.69688335 0.82746191
0.88771929 0.70128329 0.8297378 
0.89024131 0.70568698 0.83202708
0.89277256 0.71009517 0.8343288 
0.89531531 0.71450654 0.83664534
0.89787295 0.71891909 0.83898019
0.90044006 0.72333658 0.84132756
0.9030181  0.72775826 0.84368893
0.90560728 0.73218419 0.84606446
0.90820774 0.73661445 0.84845424
0.9108196  0.74104919 0.85085833
0.91344309 0.74548845 0.85327689
0.9160783  0.74993235 0.85570997
0.91872448 0.75438158 0.85815671
0.9213825  0.75883575 0.86061796
0.92405167 0.76329551 0.86309292
0.92673231 0.76776082 0.86558188
0.92942921 0.7722289  0.86808971
0.93213675 0.77670345 0.87061051
0.93485347 0.78118554 0.87314274
0.93758445 0.78567222 0.87569153
0.94032773 0.79016487 0.87825481
0.94308254 0.79466416 0.8808317 
0.94584567 0.79917222 0.88341883
0.94862634 0.80368361 0.88602558
0.95141515 0.80820424 0.88864223
0.95421565 0.8127321  0.89127233
0.95702325 0.81727014 0.89391113
0.95983892 0.82181792 0.89655952
0.96260464 0.82641019 0.89915842
