0.13198888 0.04613549 0.00495577
0.13624116 0.0488535  0.00547257
0.14046109 0.05156361 0.00602277
0.14466299 0.05425652 0.00659365
0.14884888 0.05693226 0.00718379
0.15302078 0.05959081 0.00779155
0.15717946 0.06223298 0.0084165 
0.16132557 0.06485957 0.00905833
0.16546021 0.06747097 0.00971611
0.16958485 0.07006726 0.01038838
0.17369941 0.07264954 0.01107553
0.17780458 0.07521831 0.01177698
0.18190098 0.07777407 0.01249221
0.1859904  0.0803164  0.01321895
0.19007193 0.08284681 0.01395872
0.19414587 0.08536589 0.0147114 
0.19821464 0.08787263 0.01547353
0.20227672 0.09036886 0.01624766
0.20633393 0.09285394 0.01703108
0.21038534 0.09532921 0.01782555
0.21443327 0.0977936  0.01862731
0.21847591 0.10024902 0.01943967
0.22251551 0.10269441 0.02025882
0.22655163 0.10513063 0.02108568
0.23058404 0.10755837 0.02192086
0.23461381 0.10997735 0.02276248
0.23864189 0.11238738 0.02360883
0.24266443 0.11479202 0.02446146
0.24667986 0.11719349 0.02531296
0.25068895 0.11959164 0.02616128
0.25469147 0.12198718 0.02700449
0.25868781 0.12438013 0.02784247
0.26267822 0.12677066 0.02867482
0.26666283 0.12915906 0.02950085
0.27064176 0.13154556 0.03031977
0.27461481 0.13393077 0.03112982
0.27858225 0.13631476 0.03193088
0.28254435 0.1386976  0.03272274
0.28650123 0.14107953 0.03350471
0.290453   0.14346077 0.03427617
0.29439966 0.14584161 0.03503633
0.29834103 0.14822255 0.03578341
0.30227758 0.15060342 0.03651813
0.3062094  0.15298442 0.03724002
0.31013661 0.15536571 0.03794837
0.31405928 0.15774749 0.03864276
0.3179775  0.16012994 0.03932263
0.32189106 0.16251352 0.03998618
0.32580028 0.16489817 0.04063068
0.32970537 0.16728394 0.04124737
0.33360636 0.16967101 0.04184279
0.33750339 0.1720595  0.04241683
0.34139651 0.17444957 0.04296975
0.34528585 0.17684134 0.04350149
0.34917144 0.17923496 0.04401221
0.35305313 0.18163083 0.04450072
0.35693126 0.18402878 0.04496841
0.36080599 0.1864289  0.04541509
0.36467732 0.18883135 0.0458411 
0.36854541 0.1912362  0.04624616
0.37241031 0.19364357 0.04663047
0.37627212 0.19605355 0.04699398
0.38013095 0.19846624 0.04733652
0.38398682 0.20088177 0.04765846
0.38783989 0.20330018 0.0479594 
0.39169023 0.20572158 0.04823935
0.39553788 0.20814607 0.04849851
0.39938286 0.21057384 0.04873604
0.40322537 0.21300484 0.04895231
0.40706548 0.21543916 0.04914749
0.41090329 0.21787686 0.04932146
0.41473892 0.22031801 0.04947398
0.41857244 0.22276266 0.04960494
0.42240394 0.22521091 0.04971426
0.42623347 0.22766282 0.04980196
0.43006116 0.23011845 0.04986761
0.4338871  0.23257785 0.04991109
0.43771136 0.23504109 0.04993217
0.44153404 0.23750822 0.04993063
0.44535523 0.2399793  0.04990624
0.44917499 0.24245439 0.04985886
0.45299342 0.24493354 0.0497881 
0.45681062 0.24741681 0.04969374
0.46062666 0.24990424 0.04957537
0.46444164 0.25239589 0.04943269
0.46825451 0.2548927  0.04926469
0.4720595  0.25739926 0.04907434
0.47585664 0.25991571 0.04885895
0.47964557 0.2624424  0.0486186 
0.48342593 0.26497971 0.04835346
0.48719734 0.26752798 0.04806363
0.49095943 0.27008758 0.04774932
0.49471182 0.27265886 0.0474107 
0.49845411 0.27524219 0.04704828
0.5021859  0.27783792 0.04666244
0.5059068  0.28044639 0.04625363
0.50961644 0.28306796 0.04582224
0.51331444 0.28570294 0.04536867
0.51700039 0.28835168 0.04489379
0.5206739  0.29101449 0.0443984 
0.52433462 0.29369168 0.04388297
0.52798216 0.29638355 0.04334852
0.53161616 0.29909039 0.04279614
0.53523627 0.30181248 0.04222681
0.53884215 0.30455007 0.04164157
0.54243346 0.30730342 0.04104189
0.54600988 0.31007276 0.04042871
0.54957113 0.3128583  0.03979654
0.55311691 0.31566023 0.03916017
0.55664645 0.31847911 0.03852235
0.56015922 0.32131529 0.03788567
0.56365575 0.32416837 0.03725083
0.56713584 0.32703847 0.03661987
0.57059931 0.32992569 0.03599494
0.574046   0.33283011 0.03537817
0.57747577 0.33575179 0.03477178
0.58088851 0.33869079 0.03417786
0.58428413 0.34164711 0.03359873
0.58766256 0.34462076 0.03303652
0.59102374 0.34761175 0.03249336
0.59436768 0.35062002 0.03197164
0.59769435 0.35364555 0.03147338
0.60100378 0.35668826 0.03100066
0.60429524 0.35974862 0.03055747
0.60756937 0.36282613 0.03014458
0.6108265  0.36592051 0.02976348
0.61406675 0.36903165 0.02941641
0.61729025 0.37215939 0.02910542
0.62049711 0.37530362 0.02883231
0.62368749 0.37846419 0.02859895
0.62686158 0.38164092 0.0284076 
0.63001957 0.38483366 0.02826007
0.63316162 0.38804224 0.028158  
0.63628794 0.39126649 0.02810318
0.63939875 0.39450623 0.02809739
0.64249427 0.39776128 0.02814235
0.64557475 0.40103144 0.0282399 
0.64864042 0.40431653 0.02839169
0.65169154 0.40761636 0.02859936
0.65472834 0.41093074 0.02886439
0.65775109 0.41425949 0.02918838
0.66076003 0.41760241 0.02957281
0.66375544 0.42095934 0.03001919
0.66673758 0.42433008 0.03052899
0.66970672 0.42771443 0.03110376
0.67266315 0.43111222 0.03174497
0.67560689 0.43452342 0.0324545 
0.67853672 0.43794886 0.03323281
0.6814637  0.44138187 0.03403671
0.68438766 0.44482269 0.03486368
0.68730861 0.44827137 0.03571429
0.69022661 0.45172796 0.03658912
0.69314168 0.4551925  0.03748872
0.69605385 0.45866504 0.03841367
0.69896317 0.46214563 0.03936457
0.70186967 0.46563431 0.04034205
0.7047734  0.46913112 0.041326  
0.70767438 0.47263612 0.04232106
0.71057265 0.47614935 0.04332886
0.71346802 0.47967098 0.04435029
0.71636058 0.48320104 0.04538518
0.71925053 0.48673947 0.04643281
0.7221379  0.49028632 0.04749316
0.72502273 0.49384164 0.04856621
0.72790506 0.49740546 0.04965198
0.73078494 0.50097783 0.05075042
0.73366238 0.50455881 0.05186153
0.73653743 0.50814843 0.05298524
0.73941011 0.51174676 0.05412153
0.74228047 0.51535382 0.05527037
0.7451484  0.51896975 0.05643228
0.74801377 0.52259468 0.05760794
0.75087692 0.52622849 0.05879606
0.75373787 0.52987124 0.05999662
0.75659667 0.53352297 0.06120958
0.75945335 0.53718371 0.06243494
0.76230796 0.54085353 0.06367268
0.76516054 0.54453245 0.06492277
0.7680111  0.54822055 0.06618513
0.77085969 0.55191785 0.06745972
0.77370628 0.55562445 0.06874676
0.7765505  0.5593406  0.07004756
0.77939287 0.5630661  0.07136058
0.78223339 0.56680101 0.0726857 
0.78507212 0.57054538 0.0740229 
0.78790908 0.57429924 0.07537215
0.79074432 0.57806266 0.07673342
0.79357788 0.58183566 0.07810673
0.79640978 0.58561832 0.07949198
0.79924007 0.58941068 0.08088915
0.80206831 0.59321301 0.08229968
0.80489488 0.59702521 0.08372249
0.80771994 0.60084726 0.08515717
0.81054351 0.6046792  0.08660363
0.81336565 0.60852109 0.08806186
0.81618637 0.61237299 0.08953182
0.81900575 0.61623492 0.09101355
0.82182379 0.62010696 0.09250694
0.82464045 0.62398919 0.09401225
0.82745529 0.62788191 0.09553088
0.83026891 0.63178488 0.09706117
0.83308134 0.63569816 0.09860302
0.83589261 0.63962181 0.10015642
0.83870276 0.64355587 0.10172133
0.84151186 0.64750039 0.10329783
0.84431991 0.65145543 0.10488578
0.8471269  0.65542108 0.10648528
0.84993227 0.65939767 0.10809817
0.85273672 0.66338494 0.10972254
0.85554027 0.66738296 0.11135828
0.85834294 0.67139178 0.11300537
0.86114481 0.67541144 0.11466387
0.86394591 0.67944199 0.11633376
0.86674626 0.68348352 0.11801494
0.86954552 0.68753625 0.1197084 
0.87234373 0.69160022 0.12141437
0.8751413  0.69567534 0.12313162
0.87793826 0.69976165 0.1248601 
0.88073446 0.70385933 0.12659937
0.88352683 0.70797032 0.12833499
0.88632141 0.71209158 0.13006747
0.88911835 0.71622313 0.13179716
0.89191887 0.72036436 0.13352699
0.89472205 0.7245159  0.13525478
0.89752761 0.728678   0.13697988
0.90033555 0.73285078 0.13870227
0.90314605 0.7370342  0.14042243
0.90595918 0.74122834 0.14214052
0.90877503 0.74543326 0.14385668
0.91159354 0.74964907 0.14557085
0.91441455 0.75387597 0.1472826 
0.9172383  0.75811392 0.1489925 
0.92006502 0.76236291 0.15070107
0.92289366 0.76662359 0.15240591
0.92572736 0.77089437 0.15411403
0.92856377 0.77517663 0.15582015
0.93140299 0.77947041 0.15752448
0.93424454 0.78377607 0.15922595
0.93708779 0.78809405 0.16092316
0.93993638 0.7924225  0.16262408
0.94278792 0.79676281 0.16432344
0.9456401  0.8011163  0.16601614
0.94849884 0.80547994 0.16771511
0.95135788 0.80985714 0.16940668
0.95422184 0.81424557 0.17110083
0.95708584 0.8186479  0.17278699
0.95995719 0.8230604  0.17448091
0.96282952 0.82748651 0.17616883
0.9657043  0.83192556 0.17785388
0.96858213 0.83637734 0.17953734
0.97146169 0.84084265 0.18121634
0.97434267 0.84532174 0.18289021
0.97722456 0.84981498 0.18455786
0.98010966 0.85432128 0.18622419
0.98298834 0.85884568 0.18786874
0.98582094 0.8634085  0.18940793
