0.13198888 0.04613549 0.00495577
0.13624116 0.0488535  0.00547257
0.14046109 0.05156361 0.00602277
0.14466299 0.05425652 0.00659365
0.14884888 0.05693226 0.00718379
0.15302078 0.05959081 0.00779155
0.15717946 0.06223298 0.0084165 
0.16132557 0.06485957 0.00905833
0.16546021 0.06747097 0.00971611
0.16958485 0.07006726 0.01038838
0.17369941 0.07264954 0.01107553
0.17780458 0.07521831 0.01177698
0.18190098 0.07777407 0.01249221
0.1859904  0.0803164  0.01321895
0.19007193 0.08284681 0.01395872
0.19414587 0.08536589 0.0147114 
0.19821464 0.08787263 0.01547353
0.20227672 0.09036886 0.01624766
0.20633393 0.09285394 0.01703108
0.21038534 0.09532921 0.01782555
0.21443327 0.0977936  0.01862731
0.21847591 0.10024902 0.01943967
0.22251551 0.10269441 0.02025882
0.22655163 0.10513063 0.02108568
0.23058404 0.10755837 0.02192086
0.23461381 0.10997735 0.02276248
0.23864189 0.11238738 0.02360883
0.24266443 0.11479202 0.02446146
0.24667986 0.11719349 0.02531296
0.25068895 0.11959164 0.02616128
0.25469147 0.12198718 0.02700449
0.25868781 0.12438013 0.02784247
0.26267822 0.12677066 0.02867482
0.26666283 0.12915906 0.02950085
0.27064176 0.13154556 0.03031977
0.27461481 0.13393077 0.03112982
0.27858225 0.13631476 0.03193088
0.28254435 0.1386976  0.03272274
0.28650123 0.14107953 0.03350471
0.290453   0.14346077 0.03427617
0.29439966 0.14584161 0.03503633
0.29834103 0.14822255 0.03578341
0.30227758 0.15060342 0.03651813
0.3062094  0.15298442 0.03724002
0.31013661 0.15536571 0.03794837
0.31405928 0.15774749 0.03864276
0.3179775  0.16012994 0.03932263
0.32189106 0.16251352 0.03998618
0.32580028 0.16489817 0.04063068
0.32970537 0.16728394 0.04124737
0.33360636 0.16967101 0.04184279
0.23046638 0.21904426 0.23890152
0.23320679 0.22190555 0.24170229
0.23594585 0.2247658  0.24450176
0.23868369 0.22762511 0.24730004
0.24142045 0.23048357 0.25009727
0.24415619 0.23334131 0.25289354
0.24689108 0.23619841 0.25568899
0.24962519 0.23905499 0.25848371
0.25235866 0.24191112 0.26127782
0.25509157 0.24476693 0.26407143
0.25782405 0.24762248 0.26686464
0.26055617 0.25047789 0.26965756
0.26328806 0.25333323 0.27245029
0.26601979 0.25618861 0.27524292
0.2687515  0.25904408 0.27803557
0.27148314 0.26189982 0.2808283 
0.27421491 0.26475583 0.28362123
0.27694693 0.26761221 0.28641446
0.27967924 0.27046904 0.28920807
0.28241196 0.27332641 0.29200217
0.28514518 0.27618438 0.29479684
0.28787897 0.27904304 0.29759217
0.2906134  0.28190246 0.30038825
0.29334857 0.28476273 0.30318516
0.29608435 0.287624   0.30598294
0.29882155 0.29048611 0.30878112
0.30155988 0.2933493  0.31157965
0.30429942 0.29621364 0.31437859
0.30704025 0.2990792  0.31717801
0.30978246 0.30194604 0.31997799
0.31252614 0.30481423 0.32277857
0.31527142 0.30768383 0.32557976
0.31801835 0.3105549  0.32838165
0.32076699 0.31342751 0.33118435
0.32351737 0.31630175 0.3339879 
0.3262696  0.31917766 0.33679237
0.32902376 0.32205532 0.33959781
0.3317799  0.32493478 0.34240429
0.33453811 0.3278161  0.34521185
0.33729847 0.33069935 0.34802055
0.34006103 0.33358458 0.35083045
0.34282595 0.33647184 0.35364154
0.34559324 0.33936119 0.35645393
0.34836294 0.34225271 0.35926767
0.35113515 0.34514644 0.36208283
0.3539099  0.34804246 0.36489944
0.35668731 0.3509408  0.36771756
0.35946741 0.35384154 0.37053724
0.36225029 0.35674471 0.37335852
0.365036   0.35965039 0.37618146
0.36782464 0.36255861 0.3790061 
0.37061623 0.36546944 0.38183248
0.37341089 0.36838293 0.38466065
0.37620865 0.37129913 0.38749066
0.3790096  0.37421808 0.39032256
0.38181378 0.37713986 0.39315638
0.38462129 0.3800645  0.39599218
0.38743217 0.38299207 0.39882998
0.3902465  0.38592259 0.40166984
0.39306434 0.38885614 0.4045118 
0.39588576 0.39179275 0.4073559 
0.39871084 0.39473248 0.41020219
0.40153961 0.39767538 0.41305069
0.40437217 0.40062149 0.41590146
0.40720857 0.40357086 0.41875455
0.41004888 0.40652354 0.42160997
0.41289316 0.40947958 0.42446777
0.41574149 0.41243903 0.42732801
0.41859392 0.41540193 0.43019071
0.42145052 0.41836832 0.43305592
0.42431137 0.42133826 0.43592367
0.42717652 0.42431179 0.43879401
0.43004603 0.42728896 0.44166696
0.43291999 0.43026981 0.44454259
0.43579844 0.43325438 0.44742091
0.43868147 0.43624273 0.45030198
0.44156912 0.43923489 0.45318583
0.44446148 0.44223092 0.4560725 
0.4473586  0.44523085 0.45896203
0.45026057 0.44823472 0.46185445
0.45316752 0.45124256 0.46474974
0.45607943 0.45425443 0.467648  
0.45899638 0.45727038 0.47054928
0.46191843 0.46029045 0.47345361
0.46484565 0.46331469 0.47636105
0.46777811 0.46634312 0.47927162
0.47071587 0.46937581 0.48218538
0.47365899 0.47241278 0.48510236
0.47660755 0.47545409 0.4880226 
0.47956161 0.47849977 0.49094615
0.48252137 0.48154983 0.49387294
0.48548676 0.48460434 0.49680311
0.48845785 0.48766336 0.49973673
0.49143471 0.49072691 0.50267383
0.49441741 0.49379504 0.50561445
0.497406   0.4968678  0.50855865
0.50040056 0.49994522 0.51150648
0.50340117 0.50302735 0.51445794
0.50640801 0.50611418 0.51741301
0.50942101 0.5092058  0.52037184
0.51244023 0.51230225 0.52333448
0.51546575 0.51540357 0.52630098
0.51849762 0.5185098  0.5292714 
0.5215359  0.521621   0.53224579
0.5245807  0.52473718 0.53522416
0.52763218 0.52785835 0.53820649
0.53069026 0.53098462 0.54119293
0.533755   0.534116   0.54418356
0.53682648 0.53725256 0.54717842
0.53990474 0.54039432 0.55017757
0.54298985 0.54354134 0.55318108
0.54608198 0.54669361 0.55618888
0.54918113 0.54985121 0.55920109
0.55228731 0.5530142  0.56221782
0.55540057 0.55618261 0.56523913
0.55852097 0.5593565  0.56826509
0.56164856 0.5625359  0.57129574
0.56478342 0.56572086 0.57433114
0.56792573 0.56891138 0.57737123
0.57107541 0.57210756 0.58041621
0.57423249 0.57530943 0.58346614
0.57739702 0.57851706 0.58652108
0.58056908 0.58173048 0.58958111
0.58374869 0.58494974 0.59264628
0.58693599 0.58817487 0.5957166 
0.59013105 0.59140591 0.5987921 
0.59333382 0.59464293 0.60187294
0.59654434 0.59788599 0.60495918
0.59976267 0.60113514 0.6080509 
0.60298886 0.60439043 0.61114816
0.60622294 0.6076519  0.61425102
0.60946497 0.61091961 0.61735954
0.61271514 0.61419356 0.62047367
0.61597333 0.61747385 0.62359361
0.6192396  0.62076054 0.62671943
0.62251399 0.62405368 0.62985118
0.62579653 0.62735332 0.63298894
0.62908727 0.63065951 0.63613278
0.63238626 0.63397231 0.63928275
0.63569353 0.63729177 0.64243892
0.63900916 0.64061794 0.64560134
0.64233324 0.64395085 0.64877002
0.64566573 0.6472906  0.65194511
0.64900665 0.65063723 0.65512668
0.65235605 0.65399081 0.65831479
0.65571397 0.6573514  0.66150947
0.65907968 0.66071932 0.66471101
0.66245245 0.66409489 0.66791999
0.66583232 0.66747816 0.67113644
0.66921933 0.67086921 0.67436041
0.67261352 0.67426807 0.67759195
0.67601496 0.67767481 0.68083123
0.67942367 0.68108949 0.68407814
0.68283969 0.68451218 0.68733275
0.84431991 0.65145543 0.10488578
0.8471269  0.65542108 0.10648528
0.84993227 0.65939767 0.10809817
0.85273672 0.66338494 0.10972254
0.85554027 0.66738296 0.11135828
0.85834294 0.67139178 0.11300537
0.86114481 0.67541144 0.11466387
0.86394591 0.67944199 0.11633376
0.86674626 0.68348352 0.11801494
0.86954552 0.68753625 0.1197084 
0.87234373 0.69160022 0.12141437
0.8751413  0.69567534 0.12313162
0.87793826 0.69976165 0.1248601 
0.88073446 0.70385933 0.12659937
0.88352683 0.70797032 0.12833499
0.88632141 0.71209158 0.13006747
0.88911835 0.71622313 0.13179716
0.89191887 0.72036436 0.13352699
0.89472205 0.7245159  0.13525478
0.89752761 0.728678   0.13697988
0.90033555 0.73285078 0.13870227
0.90314605 0.7370342  0.14042243
0.90595918 0.74122834 0.14214052
0.90877503 0.74543326 0.14385668
0.91159354 0.74964907 0.14557085
0.91441455 0.75387597 0.1472826 
0.9172383  0.75811392 0.1489925 
0.92006502 0.76236291 0.15070107
0.92289366 0.76662359 0.15240591
0.92572736 0.77089437 0.15411403
0.92856377 0.77517663 0.15582015
0.93140299 0.77947041 0.15752448
0.93424454 0.78377607 0.15922595
0.93708779 0.78809405 0.16092316
0.93993638 0.7924225  0.16262408
0.94278792 0.79676281 0.16432344
0.9456401  0.8011163  0.16601614
0.94849884 0.80547994 0.16771511
0.95135788 0.80985714 0.16940668
0.95422184 0.81424557 0.17110083
0.95708584 0.8186479  0.17278699
0.95995719 0.8230604  0.17448091
0.96282952 0.82748651 0.17616883
0.9657043  0.83192556 0.17785388
0.96858213 0.83637734 0.17953734
0.97146169 0.84084265 0.18121634
0.97434267 0.84532174 0.18289021
0.97722456 0.84981498 0.18455786
0.98010966 0.85432128 0.18622419
0.98298834 0.85884568 0.18786874
0.98582094 0.8634085  0.18940793
