0.13198888 0.04613549 0.00495577
0.13624116 0.0488535  0.00547257
0.14046109 0.05156361 0.00602277
0.14466299 0.05425652 0.00659365
0.14884888 0.05693226 0.00718379
0.15302078 0.05959081 0.00779155
0.15717946 0.06223298 0.0084165 
0.16132557 0.06485957 0.00905833
0.16546021 0.06747097 0.00971611
0.16958485 0.07006726 0.01038838
0.17369941 0.07264954 0.01107553
0.17780458 0.07521831 0.01177698
0.18190098 0.07777407 0.01249221
0.1859904  0.0803164  0.01321895
0.19007193 0.08284681 0.01395872
0.19414587 0.08536589 0.0147114 
0.19821464 0.08787263 0.01547353
0.20227672 0.09036886 0.01624766
0.20633393 0.09285394 0.01703108
0.21038534 0.09532921 0.01782555
0.21443327 0.0977936  0.01862731
0.21847591 0.10024902 0.01943967
0.22251551 0.10269441 0.02025882
0.22655163 0.10513063 0.02108568
0.23058404 0.10755837 0.02192086
0.23461381 0.10997735 0.02276248
0.23864189 0.11238738 0.02360883
0.24266443 0.11479202 0.02446146
0.24667986 0.11719349 0.02531296
0.25068895 0.11959164 0.02616128
0.25469147 0.12198718 0.02700449
0.25868781 0.12438013 0.02784247
0.26267822 0.12677066 0.02867482
0.26666283 0.12915906 0.02950085
0.27064176 0.13154556 0.03031977
0.27461481 0.13393077 0.03112982
0.27858225 0.13631476 0.03193088
0.28254435 0.1386976  0.03272274
0.28650123 0.14107953 0.03350471
0.290453   0.14346077 0.03427617
0.29439966 0.14584161 0.03503633
0.29834103 0.14822255 0.03578341
0.30227758 0.15060342 0.03651813
0.3062094  0.15298442 0.03724002
0.31013661 0.15536571 0.03794837
0.31405928 0.15774749 0.03864276
0.3179775  0.16012994 0.03932263
0.32189106 0.16251352 0.03998618
0.32580028 0.16489817 0.04063068
0.32970537 0.16728394 0.04124737
0.33360636 0.16967101 0.04184279
0.33750339 0.1720595  0.04241683
0.34139651 0.17444957 0.04296975
0.34528585 0.17684134 0.04350149
0.34917144 0.17923496 0.04401221
0.35305313 0.18163083 0.04450072
0.35693126 0.18402878 0.04496841
0.36080599 0.1864289  0.04541509
0.36467732 0.18883135 0.0458411 
0.36854541 0.1912362  0.04624616
0.37241031 0.19364357 0.04663047
0.37627212 0.19605355 0.04699398
0.38013095 0.19846624 0.04733652
0.38398682 0.20088177 0.04765846
0.38783989 0.20330018 0.0479594 
0.39169023 0.20572158 0.04823935
0.39553788 0.20814607 0.04849851
0.39938286 0.21057384 0.04873604
0.40322537 0.21300484 0.04895231
0.40706548 0.21543916 0.04914749
0.41090329 0.21787686 0.04932146
0.41473892 0.22031801 0.04947398
0.41857244 0.22276266 0.04960494
0.42240394 0.22521091 0.04971426
0.42623347 0.22766282 0.04980196
0.43006116 0.23011845 0.04986761
0.4338871  0.23257785 0.04991109
0.43771136 0.23504109 0.04993217
0.44153404 0.23750822 0.04993063
0.44535523 0.2399793  0.04990624
0.44917499 0.24245439 0.04985886
0.45299342 0.24493354 0.0497881 
0.45681062 0.24741681 0.04969374
0.46062666 0.24990424 0.04957537
0.46444164 0.25239589 0.04943269
0.46825451 0.2548927  0.04926469
0.4720595  0.25739926 0.04907434
0.47585664 0.25991571 0.04885895
0.47964557 0.2624424  0.0486186 
0.48342593 0.26497971 0.04835346
0.48719734 0.26752798 0.04806363
0.49095943 0.27008758 0.04774932
0.49471182 0.27265886 0.0474107 
0.49845411 0.27524219 0.04704828
0.5021859  0.27783792 0.04666244
0.5059068  0.28044639 0.04625363
0.50961644 0.28306796 0.04582224
0.51331444 0.28570294 0.04536867
0.51700039 0.28835168 0.04489379
0.5206739  0.29101449 0.0443984 
0.52433462 0.29369168 0.04388297
0.52798216 0.29638355 0.04334852
0.53161616 0.29909039 0.04279614
0.53523627 0.30181248 0.04222681
0.53884215 0.30455007 0.04164157
0.54243346 0.30730342 0.04104189
0.54600988 0.31007276 0.04042871
0.54957113 0.3128583  0.03979654
0.55311691 0.31566023 0.03916017
0.55664645 0.31847911 0.03852235
0.56015922 0.32131529 0.03788567
0.56365575 0.32416837 0.03725083
0.56713584 0.32703847 0.03661987
0.57059931 0.32992569 0.03599494
0.574046   0.33283011 0.03537817
0.57747577 0.33575179 0.03477178
0.58088851 0.33869079 0.03417786
0.58428413 0.34164711 0.03359873
0.58766256 0.34462076 0.03303652
0.59102374 0.34761175 0.03249336
0.59436768 0.35062002 0.03197164
0.59769435 0.35364555 0.03147338
0.60100378 0.35668826 0.03100066
0.60429524 0.35974862 0.03055747
0.60756937 0.36282613 0.03014458
0.6108265  0.36592051 0.02976348
0.61406675 0.36903165 0.02941641
0.61729025 0.37215939 0.02910542
0.20015356 0.50402331 0.44797525
0.2013535  0.50742451 0.45055835
0.20255095 0.5108311  0.45314221
0.20374558 0.51424324 0.45572651
0.20493627 0.51766119 0.45831043
0.20612533 0.52108455 0.46089579
0.20730954 0.52451401 0.4634802 
0.20849205 0.52794903 0.4660659 
0.20966909 0.53139027 0.46865155
0.21084856 0.53483674 0.47123735
0.21201965 0.53828993 0.47382311
0.21319913 0.54174773 0.47640857
0.21437069 0.5452123  0.47899411
0.21554337 0.54868255 0.4815794 
0.21671603 0.55215868 0.4841646 
0.21788204 0.55564158 0.48674983
0.21905652 0.5591294  0.48933469
0.22022415 0.56262414 0.49191961
0.22139296 0.56612485 0.49450435
0.22256365 0.56963149 0.49708891
0.22372809 0.57314516 0.49967351
0.22490075 0.57666409 0.50225773
0.22606966 0.58018983 0.50484195
0.22723633 0.58372228 0.507426  
0.2284105  0.58726027 0.51000981
0.2295792  0.59080547 0.51259351
0.23075155 0.59435682 0.51517699
0.2319269  0.59791446 0.51776022
0.23309788 0.60147935 0.52034335
0.2342768  0.60505005 0.52292612
0.23545606 0.60862754 0.52550871
0.23663144 0.61221242 0.52809108
0.23781858 0.61580281 0.5306731 
0.23900368 0.61940049 0.5332548 
0.24018642 0.62300555 0.53583634
0.24138245 0.62661613 0.53841734
0.24257654 0.63023417 0.54099807
0.24376917 0.63385966 0.54357855
0.24497557 0.63749082 0.54615839
0.24618133 0.64112947 0.54873791
0.24738657 0.64477565 0.55131708
0.24860491 0.64842777 0.55389557
0.24982513 0.65208727 0.55647361
0.25104603 0.65575435 0.55905121
0.25227768 0.65942786 0.56162808
0.2535156  0.6631084  0.56420437
0.25475539 0.66679659 0.5667801 
0.25600231 0.67049183 0.56935517
0.25726135 0.67419362 0.57192941
0.25852352 0.67790309 0.57450295
0.25978935 0.68162025 0.57707578
0.26107092 0.68534371 0.5796477 
0.26235951 0.68907459 0.58221878
0.26365311 0.6928132  0.58478899
0.26495389 0.69655936 0.58735822
0.26627255 0.70031184 0.58992638
0.26759782 0.70407207 0.59249353
0.26893018 0.70784006 0.5950596 
0.27027283 0.7116155  0.59762453
0.27163413 0.71539747 0.6001882 
0.27300432 0.71918719 0.60275066
0.27438405 0.72298466 0.60531185
0.27577399 0.72678988 0.6078717 
0.27718613 0.73060148 0.61043007
0.27861027 0.73442076 0.612987  
0.28004655 0.73824777 0.61554243
0.28149568 0.7420825  0.6180963 
0.28296151 0.74592457 0.62064853
0.28444929 0.74977342 0.62319898
0.28595192 0.75362997 0.62574767
0.28747024 0.7574942  0.62829453
0.28900509 0.76136608 0.63083951
0.29055737 0.76524558 0.63338255
0.29213709 0.76913158 0.63592351
0.29373566 0.77302518 0.63846235
0.29535405 0.77692633 0.64099907
0.29699319 0.78083499 0.64353361
0.29865358 0.78475119 0.64606578
0.30033653 0.78867484 0.64859562
0.30204766 0.79260534 0.65112308
0.30378567 0.79654293 0.65364793
0.305549   0.80048785 0.65617031
0.30733827 0.80444011 0.65869002
0.30915463 0.80839964 0.66120702
0.31099909 0.81236639 0.66372126
0.31287277 0.8163403  0.66623269
0.31477667 0.82032132 0.66874123
0.31671206 0.82430936 0.67124687
0.31868247 0.82830407 0.67374945
0.32068822 0.83230547 0.67624906
0.32272818 0.83631377 0.67874552
0.32480365 0.84032887 0.68123886
0.32691587 0.84435068 0.68372907
0.32906581 0.84837914 0.68621603
0.33125388 0.8524143  0.68869936
0.33345645 0.85645881 0.69118229
0.33566134 0.8605139  0.69366876
0.33786859 0.86457964 0.6961588 
0.34007824 0.86865612 0.69865243
0.3422903  0.87274339 0.70114966
0.34450481 0.87684155 0.7036505 
0.34672178 0.88095066 0.70615497
0.34894122 0.88507081 0.70866307
0.3511626  0.88920217 0.71117455
0.35338892 0.89334433 0.71369086
0.35561944 0.8974975  0.71621165
0.35785219 0.90166207 0.71873597
0.36008618 0.90583828 0.72126336
0.3623212  0.91002626 0.7237937 
0.36456357 0.91422507 0.72633007
0.36680916 0.91843545 0.72887048
0.36905363 0.9226582  0.73141281
0.37130586 0.92689196 0.7339614 
0.3735589  0.93113795 0.73651286
0.37581548 0.93539581 0.73906854
0.3780746  0.93966578 0.74162794
0.38033945 0.94394743 0.74419265
0.38260345 0.94824193 0.74675943
0.38487133 0.9525486  0.7493306 
0.38714515 0.95686717 0.75190722
0.38941945 0.96119864 0.75448656
0.39169495 0.96554298 0.75706898
0.39397778 0.96989928 0.75965756
0.39625412 0.97426988 0.76224538
0.39853438 0.97865319 0.76483764
0.40081563 0.98304976 0.76743288
0.40307991 0.98746266 0.770022  
0.40526413 0.99190242 0.77257291
