0.12792763 0.02229164 0.15670404
0.13158307 0.02446874 0.1617488 
0.1352098  0.02675112 0.16673528
0.13881477 0.02912008 0.17170859
0.14240048 0.03157059 0.17668011
0.14596831 0.03410096 0.18165317
0.14951897 0.03671167 0.18662656
0.15305388 0.03940033 0.19160476
0.15657359 0.04211834 0.19658597
0.160079   0.0447967  0.20157168
0.16357078 0.04744725 0.20656166
0.16705032 0.05006901 0.21156152
0.17051781 0.05266522 0.21656815
0.17397335 0.05523912 0.22157803
0.17741917 0.05778594 0.22660367
0.18085384 0.06031399 0.23163065
0.18427999 0.06281678 0.23667469
0.18769642 0.06530123 0.24172368
0.19110428 0.06776583 0.24678276
0.19450468 0.07020915 0.25185688
0.19789718 0.07263493 0.25693993
0.20128232 0.07504337 0.26203312
0.20466097 0.07743348 0.26714008
0.20803364 0.07980544 0.27226192
0.2114003  0.08216115 0.27739596
0.21476138 0.08450077 0.28254309
0.21811722 0.08682485 0.28770335
0.22146825 0.08913339 0.2928779 
0.22481486 0.09142658 0.29806734
0.22815726 0.09370509 0.3032713 
0.2314959  0.09596877 0.30849103
0.23483108 0.09821791 0.31372682
0.23816306 0.10045279 0.31897892
0.24149217 0.10267357 0.32424779
0.24482684 0.1048771  0.32952055
0.24817204 0.10705456 0.33481193
0.25152875 0.10920556 0.34012238
0.25489786 0.11132982 0.34545191
0.25828032 0.11342706 0.35080049
0.26167705 0.11549692 0.35616814
0.26508903 0.11753901 0.36155481
0.26851736 0.11955252 0.3669612 
0.27196311 0.12153731 0.37238603
0.27542773 0.12349292 0.37782778
0.27891193 0.12541838 0.38328857
0.28241648 0.12731377 0.38876689
0.28594278 0.12917773 0.3942639 
0.28949157 0.1310104  0.39977785
0.29306415 0.13281064 0.40530919
0.29666153 0.13457804 0.41085701
0.3002858  0.13631217 0.41641724
0.30393797 0.13801215 0.42199003
0.30761837 0.13967738 0.42757661
0.31132797 0.14130743 0.4331757 
0.315068   0.14290175 0.43878559
0.31884169 0.14446006 0.44439817
0.32264772 0.1459818  0.45001865
0.32648697 0.14746663 0.45564532
0.33036197 0.14891454 0.46127091
0.33427327 0.1503254  0.46689397
0.33822012 0.15169914 0.47251624
0.34220512 0.15303607 0.47812921
0.34622822 0.15433681 0.48373057
0.35028811 0.15560176 0.48932215
0.35438842 0.15683204 0.49489021
0.35852624 0.15802835 0.50044004
0.36270231 0.15919228 0.50596445
0.36691734 0.16032534 0.51145665
0.37116817 0.16142906 0.51692046
0.37545826 0.16250593 0.52233894
0.37978231 0.16355758 0.52772164
0.38414254 0.1645869  0.53305424
0.38853553 0.16559603 0.53833998
0.39296083 0.16658784 0.54357221
0.39741715 0.16756502 0.54874713
0.40190142 0.16853012 0.55386651
0.40641468 0.16948634 0.5589191 
0.41095161 0.17043584 0.56391416
0.41551441 0.17138177 0.5688378 
0.42009818 0.17232622 0.57369857
0.42470249 0.17327164 0.57849184
0.42932656 0.17422038 0.58321439
0.4339664  0.17517421 0.58787353
0.43862375 0.17613526 0.59245962
0.4432935  0.17710674 0.59697984
0.44797735 0.17808449 0.60144048
0.45267009 0.17908429 0.60581783
0.45737599 0.18009553 0.61012714
0.46208991 0.18113261 0.61434822
0.46681175 0.18219572 0.61848205
0.47153844 0.18329313 0.62251809
0.47626816 0.18442933 0.6264519 
0.48099722 0.18561319 0.63027348
0.48572465 0.18684624 0.63398319
0.49044368 0.18814454 0.6375626 
0.49515582 0.18950216 0.64102293
0.49985197 0.19094021 0.64434013
0.50453262 0.19245419 0.64752448
0.50919388 0.19405065 0.65057191
0.51382855 0.19574424 0.65346791
0.51843799 0.19752682 0.65622818
0.52301663 0.19940816 0.65884457
0.52756106 0.2013921  0.66131668
0.5320724  0.20347067 0.6636594 
0.53654452 0.20565483 0.66586195
0.54097912 0.20793535 0.66793997
0.54537584 0.21030879 0.66990071
0.54973082 0.2127807  0.67173889
0.55404967 0.21533319 0.67348025
0.55832617 0.21797851 0.67510903
0.56256808 0.22069435 0.67665629
0.56677025 0.22349128 0.67810702
0.57094029 0.22634803 0.67949112
0.57507254 0.22927712 0.68078971
0.57917507 0.2322572  0.68203253
0.58324565 0.23529316 0.6832109 
0.58728697 0.23837729 0.68433517
0.59130272 0.24150055 0.68541716
0.59529028 0.2446688  0.68644673
0.59925436 0.24787088 0.68743898
0.60319715 0.25110188 0.68840004
0.60711872 0.25436182 0.68932859
0.61101926 0.2576505  0.69022357
0.61490259 0.26095978 0.69109625
0.61876977 0.26428758 0.69194912
0.62262194 0.26763197 0.6927842 
0.62645977 0.27099235 0.69360105
0.63028329 0.27436888 0.69439904
0.19823344 0.52107025 0.17101455
0.19954846 0.52453219 0.17195831
0.20087301 0.52799837 0.17289012
0.20220779 0.53146877 0.1738099 
0.20355365 0.53494334 0.1747174 
0.20490999 0.53842221 0.17561279
0.20627714 0.54190542 0.17649602
0.20765532 0.54539299 0.17736699
0.20904492 0.54888494 0.17822568
0.21044614 0.5523813  0.17907197
0.21185936 0.55588209 0.17990585
0.21328482 0.55938734 0.18072722
0.21472284 0.56289707 0.18153601
0.21617372 0.56641131 0.18233219
0.21763881 0.56992994 0.18311537
0.21911782 0.57345308 0.1838857 
0.22061054 0.57698079 0.18464313
0.22211734 0.5805131  0.1853877 
0.22363843 0.58405002 0.18611923
0.22517417 0.58759159 0.18683774
0.22672477 0.59113782 0.18754309
0.22829058 0.59468874 0.18823527
0.22987183 0.59824438 0.18891416
0.23146936 0.60180468 0.18957959
0.23308409 0.6053696  0.19023131
0.23471513 0.60893929 0.19086954
0.23636275 0.61251378 0.19149421
0.2380272  0.6160931  0.19210523
0.23970877 0.61967725 0.19270254
0.2414077  0.62326627 0.19328606
0.24312426 0.62686018 0.19385573
0.24485869 0.630459   0.19441145
0.24661231 0.63406263 0.19495289
0.24838512 0.63767111 0.19548004
0.25017656 0.64128457 0.19599302
0.25198688 0.64490303 0.19649174
0.2538163  0.64852651 0.19697613
0.25566506 0.65215503 0.19744611
0.25753339 0.65578862 0.1979016 
0.2594215  0.6594273  0.19834252
0.26133006 0.66307104 0.19876867
0.26326036 0.66671974 0.1991797 
0.26521109 0.6703736  0.1995759 
0.26718246 0.67403263 0.19995719
0.26917468 0.67769687 0.20032349
0.27118793 0.68136635 0.2006747 
0.2732224  0.68504107 0.20101075
0.27527829 0.68872108 0.20133154
0.27735595 0.69240637 0.20163693
0.2794572  0.69609677 0.2019264 
0.28158039 0.69979252 0.20220033
0.28372569 0.70349364 0.20245864
0.28589325 0.70720018 0.20270121
0.28808323 0.71091214 0.20292797
0.29029545 0.71462963 0.20313798
0.29253558 0.71835199 0.2033299 
0.29480701 0.72207882 0.20350325
0.29711335 0.72580968 0.20365892
0.2994519  0.72954496 0.20379571
0.30182328 0.73328464 0.20391348
0.30422814 0.73702864 0.20401222
0.30666692 0.74077696 0.20409133
0.30914035 0.74452952 0.20415099
0.31165275 0.74828576 0.20419198
0.3142022  0.75204597 0.20421319
0.31678819 0.75581026 0.20421443
0.31941129 0.75957856 0.20419556
0.32207206 0.76335084 0.20415638
0.32477434 0.76712656 0.20409741
0.32751802 0.77090577 0.20401857
0.33030118 0.77468874 0.20391906
0.33312437 0.77847543 0.20379875
0.33598874 0.78226568 0.20365771
0.33890014 0.78605866 0.2034973 
0.34185325 0.78985515 0.20331571
0.34484857 0.79365507 0.20311305
0.34788725 0.79745827 0.20288942
0.35097565 0.80126381 0.20264653
0.3541078  0.80507257 0.20238252
0.35728412 0.80888448 0.20209738
0.36050835 0.81269897 0.20179214
0.36378205 0.81651581 0.20146722
0.36710122 0.82033557 0.20112134
0.37046645 0.82415816 0.2007547 
0.37388582 0.82798233 0.2003699 
0.37735177 0.83180921 0.19996455
0.38086458 0.83563872 0.19953889
0.38443157 0.83946972 0.19909548
0.38804751 0.84330297 0.19863278
0.39171108 0.84713866 0.19815056
0.39542936 0.85097563 0.1976515 
0.39919765 0.85481459 0.19713429
0.40301409 0.85865578 0.19659862
0.40688655 0.86249792 0.19604776
0.41080867 0.86634196 0.19547991
0.41477944 0.87018803 0.19489516
0.41880758 0.87403466 0.19429724
0.42288402 0.87788327 0.19368356
0.42701145 0.88173336 0.19305577
0.43119371 0.88558425 0.19241601
0.43542397 0.88943701 0.19176241
0.43970784 0.89329063 0.19109816
0.44404301 0.89714546 0.19042322
0.44842553 0.90100209 0.18973684
0.45286453 0.90485891 0.18904338
0.45733464 0.90872055 0.18831715
0.46180649 0.91259166 0.18756742
0.46628016 0.91647232 0.18679496
0.4707571  0.92036253 0.18599331
0.47523643 0.92426242 0.18516807
0.479719   0.92817203 0.18431561
0.48420612 0.93209135 0.18342983
0.48869512 0.93602065 0.18252606
0.49318926 0.93995979 0.18158733
0.49768807 0.9439089  0.18061683
0.50219164 0.94786805 0.17961466
0.50669993 0.95183733 0.17858183
0.51121294 0.95581682 0.17751886
0.51573124 0.95980658 0.17642313
0.52025556 0.96380664 0.17529067
0.52478745 0.96781698 0.17411231
0.52932379 0.9718379  0.17290758
0.53386803 0.97586924 0.17165528
0.53841966 0.97991112 0.17035855
0.54298033 0.98396352 0.16900645
0.5475488  0.98802661 0.16760679
0.55213014 0.99210008 0.16612481
0.5567485  0.99618219 0.16439132
