0.13074092 0.01098793 0.18340879
0.13464019 0.01196244 0.19015784
0.13850874 0.01299675 0.19683173
0.14236441 0.01403551 0.20353557
0.14620702 0.0150804 0.21026202
0.15004088 0.01611699 0.21703155
0.15386715 0.01714106 0.2238455
0.1576859 0.01815225 0.23069899
0.16149858 0.01914485 0.23759582
0.16530779 0.02010807 0.24454664
0.16911258 0.02104486 0.25154137
0.17291315 0.0219537 0.25857722
0.17671567 0.02280745 0.26568567
0.18051633 0.02362046 0.27284102
0.18431608 0.02438739 0.28004507
0.18814455 0.02507102 0.28728139
0.19203679 0.02558943 0.29459198
0.19600632 0.02593182 0.30194183
0.20006047 0.02605833 0.30935964
0.20420988 0.02594165 0.31684053
0.20847603 0.02557056 0.32432513
0.21286567 0.02489489 0.33185037
0.21740185 0.02392643 0.33931566
0.2220899 0.02264628 0.34671249
0.22693936 0.02107813 0.35396129
0.23194386 0.01929828 0.360955
0.23708391 0.01742238 0.36757716
0.24232234 0.01559379 0.3737327
0.24761366 0.01396089 0.37935582
0.25291321 0.01264664 0.38442402
0.25818892 0.011716 0.38896396
0.26341954 0.01118957 0.39303223
0.26860032 0.0110735 0.39665975
0.27372505 0.01132836 0.39993369
0.27879769 0.01192815 0.40289468
0.28370725 0.0134564 0.40517724
0.28821474 0.01696894 0.40624844
0.29202106 0.02342865 0.40589504
0.29509417 0.03259756 0.40457725
0.29764964 0.04336418 0.40291945
0.29981041 0.05401062 0.4011143
0.30178177 0.06379634 0.3994098
0.30362024 0.07286343 0.39781262
0.30536802 0.08131743 0.39633377
0.30705369 0.08925123 0.39497203
0.30869675 0.09674259 0.39372111
0.31031602 0.10384287 0.39258782
0.31189771 0.11064475 0.39153526
0.31344716 0.11719076 0.39055017
0.31500181 0.12345928 0.38968004
0.31655108 0.12950366 0.38890259
0.31806407 0.13540038 0.38815609
0.31960079 0.14108321 0.38752465
0.32110437 0.14665282 0.38691974
0.32262281 0.15205861 0.38640918
0.32413672 0.15734293 0.38595591
0.32564066 0.16252435 0.38554843
0.32715625 0.16758698 0.38521437
0.32865467 0.17257466 0.38490935
0.33016876 0.17745725 0.38467711
0.33166906 0.18227555 0.38447338
0.33317896 0.18701003 0.38432847
0.33468733 0.19167875 0.3842245
0.3361908 0.19629012 0.3841548
0.3377157 0.20082191 0.38415538
0.33921594 0.20532456 0.3841607
0.34075285 0.20974226 0.38425102
0.34225254 0.21414927 0.3843254
0.34377806 0.21848909 0.38446673
0.34530154 0.22279086 0.38463632
0.34681953 0.22705954 0.38483129
0.34837076 0.23126403 0.38509975
0.34988641 0.23546669 0.38534924
0.35142327 0.23962057 0.38565241
0.35297362 0.24373444 0.38599966
0.35450526 0.24783625 0.3863506
0.35606272 0.25189204 0.38675748
0.35761319 0.25592989 0.38717778
0.35916216 0.25994607 0.38762151
0.3607378 0.26392069 0.38812073
0.36229743 0.26788811 0.38861985
0.36386145 0.2718334 0.3891461
0.36541726 0.27576959 0.38966599
0.36700096 0.2796685 0.39024133
0.36859281 0.28354728 0.39083777
0.3701736 0.28742184 0.39142223
0.37178843 0.29125791 0.39207132
0.37340548 0.29508122 0.39273045
0.3750174 0.29889795 0.39338699
0.37666181 0.30268061 0.39410425
0.37830086 0.30645834 0.39481796
0.37995404 0.31021733 0.39556077
0.38162345 0.31395688 0.39633581
0.38328306 0.31769636 0.39709932
0.38497599 0.32140554 0.39792302
0.38666763 0.32510971 0.39874892
0.38836981 0.32880103 0.3995965
0.390091 0.33247426 0.40047947
0.39180064 0.33615088 0.40134715
0.39354879 0.33979726 0.40228183
0.39528727 0.34344659 0.40320397
0.39705062 0.34707611 0.40417008
0.39881699 0.35070088 0.40514408
0.40059784 0.35431372 0.40614455
0.40239071 0.35791672 0.40716721
0.40419194 0.36151265 0.40820593
0.40600988 0.36509654 0.40927403
0.40783462 0.36867512 0.41035528
0.40967613 0.37224244 0.41146558
0.41152785 0.37580301 0.41259414
0.41339138 0.37935616 0.41374337
0.41527391 0.3828978 0.41492461
0.41715789 0.38643908 0.41610954
0.41907555 0.38996059 0.41734957
0.42098954 0.39348546 0.41858476
0.4229244 0.39699904 0.41985418
0.42488122 0.40050107 0.42115933
0.42684272 0.40400219 0.42247253
0.42882248 0.40749457 0.42381522
0.43082944 0.41097325 0.42520138
0.43285204 0.41444538 0.42661247
0.43488898 0.41791199 0.42804629
0.43694843 0.42136859 0.42951556
0.4390328 0.42481411 0.43102388
0.44114481 0.42824729 0.43257533
0.44327784 0.43167224 0.43415928
0.4454634 0.4350713 0.435825
0.44768974 0.43845159 0.43755373
0.45005268 0.44178768 0.43922324
0.45238749 0.44518116 0.44049422
0.4546733 0.44861198 0.44163629
0.45692436 0.45207053 0.44268491
0.45915253 0.45554891 0.44366961
0.4613589 0.45904628 0.44459304
0.46354647 0.46256064 0.44546253
0.46571835 0.46608991 0.44628579
0.4678761 0.46963305 0.44706661
0.47001767 0.47319136 0.44779973
0.47214903 0.47676098 0.44850002
0.47426754 0.4803436 0.44916071
0.47637203 0.48393992 0.44977883
0.47844916 0.48755238 0.45038196
0.48047981 0.49118678 0.45098533
0.48246943 0.4948406 0.45159248
0.48441362 0.49851659 0.45219098
0.48632063 0.50221112 0.45278512
0.48819298 0.50592324 0.4533741
0.49003231 0.50965237 0.45395661
0.49184007 0.51339802 0.45453146
0.49361287 0.51716189 0.45509307
0.49535409 0.52094249 0.45564303
0.49706801 0.52473781 0.45618535
0.49875352 0.52854864 0.45671545
0.50041137 0.53237469 0.45723252
0.50204696 0.53621334 0.45774373
0.50365175 0.54006874 0.45823663
0.50522356 0.54394167 0.45871001
0.50677248 0.54782772 0.45917234
0.50829978 0.55172636 0.45962425
0.50979942 0.55564024 0.46005919
0.511266 0.55957165 0.46047207
0.51271087 0.56351576 0.46087162
0.51414044 0.56746961 0.46126666
0.51552563 0.57144585 0.4616258
0.51689277 0.57543312 0.46197507
0.51824501 0.57943001 0.46231839
0.51955213 0.58344936 0.46262463
0.52084214 0.58747933 0.46292058
0.52211248 0.59152086 0.46320566
0.52334445 0.59558175 0.4634599
0.52456155 0.59965231 0.4637056
0.52574233 0.60374125 0.46392218
0.52690004 0.60784304 0.46412313
0.52803908 0.61195593 0.46431226
0.52913664 0.61608902 0.46446718
0.53022239 0.62023045 0.46461605
0.53126439 0.62439278 0.46472855
0.53228928 0.62856546 0.46482993
0.5332812 0.63275464 0.46490516
0.53424657 0.6369577 0.46496096
0.53518814 0.64117358 0.46499936
0.53609215 0.64540747 0.46500726
0.53697907 0.64965152 0.46500394
0.53782087 0.65391625 0.46496313
0.53863943 0.65819362 0.46490115
0.53946131 0.66247741 0.4647919
0.54025418 0.66677686 0.46464358
0.54105388 0.67108185 0.46444617
0.54182587 0.67540215 0.46420822
0.54260134 0.67972907 0.46392114
0.54335429 0.68406988 0.46359102
0.54410669 0.68841853 0.46321178
0.54484259 0.69277948 0.46278684
0.54557312 0.69714972 0.46231268
0.5462936 0.70153062 0.4617894
0.54700338 0.70592235 0.46121716
0.54771126 0.71032259 0.46059329
0.54840222 0.71473543 0.45992065
0.5491 0.7191546 0.45919316
0.54977382 0.7235883 0.45841712
0.55046421 0.72802593 0.45758282
0.55113137 0.73247799 0.45669837
0.55180861 0.73693586 0.45575579
0.5524725 0.7414057 0.45475943
0.55313773 0.74588382 0.45370439
0.55380088 0.75037116 0.45259141
0.55445674 0.75486909 0.45142096
0.55512323 0.75937317 0.45018859
0.55577225 0.76389054 0.44889914
0.55644572 0.76841079 0.44754339
0.55710192 0.77294443 0.44612873
0.5577748 0.77748312 0.44464759
0.55844297 0.7820323 0.443102
0.55911593 0.78658969 0.44149002
0.55980076 0.79115365 0.43980961
0.5604776 0.79572909 0.43806344
0.56118371 0.80030713 0.43624353
0.56187871 0.80489758 0.43435619
0.56259973 0.80949169 0.43239349
0.56332207 0.81409554 0.43035702
0.56405562 0.8187068 0.42824537
0.56481117 0.82332307 0.42605536
0.56556177 0.82795078 0.42379028
0.56635584 0.83257877 0.42144039
0.56714649 0.83721807 0.41901218
0.56796477 0.84186171 0.41649703
0.5688013 0.84651191 0.41389659
0.56964785 0.85117067 0.41121051
0.57053694 0.85583075 0.40843164
0.57142888 0.86050128 0.40556451
0.57236356 0.86517345 0.40259969
0.5733163 0.86985296 0.39953891
0.57429133 0.87453896 0.3963802
0.57531205 0.8792264 0.39311744
0.5763426 0.88392337 0.38975366
0.57742769 0.88862021 0.38627841
0.57853524 0.89332414 0.3826932
0.57967415 0.89803331 0.37899475
0.58086626 0.90274312 0.3751764
0.58207573 0.90746152 0.37123993
0.58334463 0.91218004 0.36716279
0.58460009 0.91691458 0.36294954
0.5858431 0.92166479 0.35859843
0.58710207 0.92642092 0.35420012
0.58833646 0.93119705 0.34961362
0.58956411 0.93598705 0.34489303
0.59080437 0.9407844 0.34010035
0.59202093 0.94560154 0.33510252
0.5932261 0.9504343 0.32993443
0.59444389 0.95527467 0.32467562
0.59565237 0.96013013 0.31923907
0.59684434 0.96500309 0.3135876
0.5980299 0.96989025 0.3077478
0.59920407 0.9747933 0.30168838
0.60038431 0.97970659 0.29546527
0.60155566 0.9846351 0.28900548
