0.98950169 0.78838352 0.99305824
0.98288867 0.77954072 0.988895  
0.97628797 0.77075696 0.98469424
0.96972976 0.76200422 0.98053473
0.96321537 0.75327985 0.97642109
0.95675408 0.74457389 0.9723783 
0.95033903 0.73589093 0.96838994
0.94397619 0.72722387 0.96447243
0.93766187 0.71857438 0.96061743
0.93138903 0.70994739 0.95680793
0.92517186 0.70132788 0.95308145
0.91899749 0.6927262  0.949406  
0.91287183 0.68413498 0.94579776
0.90675687 0.67557611 0.94224498
0.9006013  0.66707252 0.93878259
0.89438111 0.65863759 0.93540951
0.8881023  0.65026588 0.93213503
0.88175126 0.64196497 0.92895825
0.87530724 0.63374887 0.92586621
0.86876447 0.62562083 0.92285913
0.86210536 0.61759314 0.91992626
0.8553052  0.60968407 0.91704867
0.84836276 0.60189602 0.91421921
0.84125332 0.59424893 0.91141255
0.83395432 0.58676289 0.9085971 
0.82646708 0.57944163 0.90575247
0.8187835  0.57229679 0.90284637
0.81090152 0.5653362  0.89984749
0.80282    0.55856734 0.89672307
0.79454584 0.55199171 0.89344558
0.78610258 0.54559741 0.89000283
0.77750984 0.53937472 0.88638258
0.76877589 0.53331633 0.88259672
0.75958539 0.52774438 0.87798025
0.74987966 0.52278107 0.87207905
0.73989463 0.51830322 0.86475563
0.72991181 0.51407089 0.85634155
0.72005385 0.50993987 0.84719157
0.71036798 0.50581895 0.83763311
0.70083038 0.50170716 0.82774685
0.69144665 0.49756799 0.81770955
0.68219127 0.49340905 0.80756215
0.67308254 0.48920437 0.79738708
0.66406901 0.48498898 0.78715839
0.65517975 0.48073184 0.77695238
0.64636998 0.47647232 0.76669464
0.63764878 0.47219209 0.75645544
0.62902143 0.46788269 0.74626419
0.62048836 0.46354147 0.73613397
0.61201356 0.45920446 0.72597491
0.60362217 0.45483875 0.71589095
0.59530873 0.45044941 0.70586973
0.58704981 0.44606053 0.69584586
0.57886988 0.4416409  0.68591905
0.5707378  0.43722416 0.67599162
0.56268003 0.43278051 0.66615039
0.55468393 0.42832184 0.65636464
0.54673991 0.42385613 0.64661549
0.53885579 0.41937298 0.63693719
0.53101615 0.41488856 0.62728001
0.52323822 0.41038254 0.61770813
0.51550636 0.40587209 0.60816569
0.50783475 0.40133983 0.59871023
0.50020192 0.39680689 0.58927895
0.4926175  0.39226166 0.57990905
0.48508189 0.38770406 0.57059706
0.47759424 0.38313445 0.56134076
0.47015383 0.37855039 0.55215505
0.46274068 0.37397234 0.54297199
0.4553918  0.3693622  0.53391032
0.44806538 0.36476152 0.52483764
0.44078589 0.36014283 0.5158468 
0.4335513  0.35551014 0.50691584
0.42633832 0.35088212 0.49799521
0.41916245 0.34624199 0.48913987
0.41203582 0.34158154 0.48036111
0.40492975 0.33692143 0.47161241
0.39786729 0.33224357 0.46293459
0.39082866 0.32756296 0.45428822
0.38381974 0.32287372 0.44568893
0.37685641 0.31816344 0.43716488
0.36990376 0.31345786 0.42865103
0.3630024  0.30872606 0.42022111
0.35611576 0.3039941  0.41181161
0.3492703  0.29924206 0.40346848
0.34244221 0.29448675 0.39514826
0.33564994 0.28971368 0.38688649
0.3288837  0.2849292  0.37866569
0.32214556 0.28013121 0.37048865
0.31543019 0.27532302 0.36234368
0.30874194 0.27050022 0.3542421 
0.30208131 0.26566164 0.34618487
0.29544642 0.26080781 0.33816833
0.28883433 0.25593998 0.33018661
0.28224732 0.2510558  0.32224279
0.275678   0.24615918 0.3143252 
0.26914092 0.24123911 0.30646027
0.26261301 0.23631039 0.29860644
0.25612267 0.23135275 0.29081356
0.24964229 0.22638362 0.28303372
0.24318801 0.221391   0.27529556
0.2367544  0.21637743 0.26758867
0.23033108 0.21134862 0.25989395
0.22393952 0.206289   0.25225005
0.21756189 0.20120888 0.2446259 
0.21119635 0.19610819 0.23701663
0.20485789 0.19097573 0.22944824
0.19853544 0.18581703 0.22190179
0.19222522 0.18063328 0.21436668
0.18592959 0.1754211  0.20684728
0.17965749 0.17017277 0.19936089
0.17340292 0.16489075 0.19189164
0.1671639  0.15957453 0.18443259
0.16094352 0.15421993 0.17698881
0.15474288 0.14882456 0.16955623
0.14856284 0.14338654 0.16212528
0.14240827 0.1379005  0.1547007 
0.13629132 0.13235824 0.1472846 
0.13021791 0.12675503 0.13986885
0.12420833 0.12108079 0.13243852
0.11829143 0.11531747 0.1250155 
0.11236568 0.10950003 0.1176129 
0.10639751 0.10363771 0.11022469
0.10038282 0.0977266  0.10285158
0.09431731 0.09176263 0.09549107
0.08819532 0.08574045 0.0881508 
0.08201109 0.07965467 0.08083146
0.07579154 0.07353236 0.07359212
0.08274173 0.0795245  0.0792614 
0.09038775 0.08515007 0.08528565
0.09808009 0.09066811 0.09124248
0.10579409 0.096095   0.09713964
0.11352158 0.10144008 0.10298277
0.12125027 0.10671412 0.10877749
0.12898702 0.11191931 0.1145271 
0.13671831 0.11706627 0.12023656
0.14446699 0.12214918 0.12590689
0.15221968 0.12717785 0.13154241
0.15998202 0.13215334 0.1371453 
0.16774406 0.13708363 0.14271914
0.17552057 0.14196494 0.14826473
0.1833086  0.14680148 0.15378456
0.19110483 0.15159751 0.15928098
0.19891919 0.15635071 0.16475482
0.20674111 0.16106858 0.17020897
0.21457855 0.16574939 0.17564422
0.22244222 0.17038974 0.18106094
0.23031933 0.17499798 0.18646197
0.23821477 0.17957343 0.19184816
0.24612696 0.18411962 0.1972125 
0.25406084 0.18863673 0.20254564
0.262023   0.19312366 0.20784033
0.2700131  0.19758141 0.21310264
0.2780319  0.20201087 0.2183336 
0.28608003 0.20641305 0.22353334
0.29415873 0.21078895 0.2286984 
0.30226868 0.21513958 0.23382761
0.31040991 0.21946557 0.23892553
0.31858287 0.22376783 0.24399216
0.32678849 0.22804692 0.2490274 
0.33502791 0.23230411 0.25402378
0.34330077 0.23653989 0.25898758
0.35160755 0.24075487 0.26391965
0.35994903 0.24494956 0.2688198 
0.36832556 0.24912495 0.27368564
0.37673794 0.25328193 0.27851296
0.38518611 0.25742072 0.28330787
0.39367052 0.26154188 0.28807019
0.40219143 0.26564608 0.29279981
0.41074975 0.26973427 0.29749102
0.41934565 0.27380688 0.30214553
0.42797918 0.27786426 0.3067667 
0.43665067 0.28190698 0.31135437
0.44536048 0.28593555 0.31590839
0.45410965 0.28995113 0.32041951
0.46289769 0.29395376 0.324896  
0.47172497 0.29794386 0.3293382 
0.48059187 0.30192187 0.33374592
0.48949877 0.30588862 0.33811604
0.49844609 0.30984498 0.34244441
0.50743392 0.31379075 0.34673769
0.5164625  0.31772644 0.35099577
0.52553177 0.32165275 0.35521873
0.5346427  0.32557058 0.35939872
0.54379543 0.32947998 0.36353996
0.55298983 0.3333813  0.36764548
0.56222612 0.33727504 0.37171526
0.57150468 0.34116184 0.37574687
0.58082631 0.34504259 0.37973349
0.5901908  0.34891701 0.38368385
0.5995988  0.35278173 0.38762669
0.60906485 0.35662361 0.39158557
0.61856978 0.36045482 0.39558263
0.62811164 0.36427641 0.39962703
0.63771504 0.3680718  0.40370635
0.64736495 0.3718506  0.40783961
0.65706783 0.3756074  0.41203482
0.66682863 0.37933736 0.41630386
0.67663453 0.38304796 0.42067112
0.68648244 0.38673802 0.42517063
0.69635862 0.39041392 0.42984428
0.70628793 0.39405397 0.43471258
0.71619656 0.39770095 0.43991295
0.72607428 0.40135187 0.44554603
0.7357886  0.4050839  0.45186804
0.74508962 0.40906266 0.45920733
0.75350373 0.41364529 0.46783643
0.76091257 0.41898038 0.47734741
0.76751646 0.42495894 0.48725615
0.77365058 0.43133955 0.49724921
0.77945241 0.43801058 0.50727789
0.78505527 0.44486756 0.51728692
0.79042159 0.45194302 0.52722744
0.79555118 0.45923751 0.53706268
0.80043229 0.46676376 0.54672846
0.80508559 0.47450846 0.55616689
0.80955457 0.48243749 0.56535229
0.81385363 0.49054488 0.5742196 
0.81805916 0.4987663  0.58280813
0.8221769  0.50710063 0.59108444
0.8262764  0.51548952 0.59910909
0.83035068 0.52393919 0.60687796
0.83443313 0.53242126 0.61443699
0.83853814 0.54092335 0.62181828
0.84267318 0.54943961 0.62904293
0.84683407 0.55797311 0.63612432
0.85103046 0.56651644 0.64308559
0.85527372 0.57506154 0.64994857
0.85955051 0.58361732 0.65672815
0.86387942 0.59217239 0.66343639
0.86824787 0.60073546 0.67008466
0.87266385 0.60930222 0.67668315
0.87711496 0.61788262 0.68322876
0.88161555 0.62646752 0.68973922
0.88615868 0.63506214 0.69622174
0.89075104 0.64366338 0.70268372
0.89539548 0.65227061 0.70913181
0.90008305 0.660891   0.71556463
0.90478647 0.66954317 0.72197117
0.9095263  0.67820953 0.72841133
0.9142799  0.68690427 0.7348863 
0.91905542 0.69562376 0.7413979 
0.92387518 0.70435636 0.74795065
0.92872125 0.71311386 0.75454133
0.93359337 0.72189766 0.76117014
0.93849752 0.73070563 0.76783845
0.94342984 0.73954119 0.77454574
0.94839232 0.74840449 0.78129262
0.95339655 0.7572904  0.78808145
0.95841972 0.76621268 0.7949082 
0.96348264 0.77516119 0.80177693
0.96857282 0.78414392 0.80868549
0.97371862 0.79314696 0.81563931
0.97889346 0.80218581 0.82263362
0.98409924 0.81126061 0.8296689 
0.98934408 0.82036833 0.83674676
