0.93662653 0.81489329 0.99167341
0.93071298 0.80595011 0.98681892
0.92485518 0.7970304  0.98202919
0.91904846 0.78813585 0.97729779
0.91329168 0.7792658  0.97262358
0.90758334 0.77041981 0.96800497
0.90193017 0.76159171 0.96345291
0.89621709 0.75282825 0.95902786
0.89036768 0.74415531 0.9548112 
0.88437484 0.73557815 0.9507894 
0.87822629 0.72710532 0.94694475
0.87190121 0.71874937 0.94326281
0.86541832 0.71050596 0.93970884
0.85874745 0.70239121 0.93627775
0.85193199 0.6943897  0.93292468
0.84494247 0.68651566 0.92965532
0.83782749 0.67875001 0.92643018
0.83057402 0.67109929 0.92324922
0.82320869 0.66355139 0.92010023
0.81575157 0.656098   0.91696718
0.8081944  0.64874142 0.91386032
0.8005623  0.64147063 0.91076353
0.79286875 0.63427773 0.90767862
0.78512234 0.62715852 0.90460008
0.77732936 0.62010794 0.90153482
0.76949335 0.61312361 0.89848175
0.761622   0.60620085 0.89544034
0.75372563 0.59933367 0.89240936
0.7458079  0.59251825 0.88939548
0.73787468 0.58575138 0.8863944 
0.72992992 0.57902975 0.88340848
0.72195924 0.57235633 0.88045966
0.71389944 0.56578921 0.87739955
0.70571577 0.55934973 0.87420952
0.69737324 0.55306571 0.8708345 
0.68882496 0.54697334 0.86720803
0.68002838 0.54112639 0.8631511 
0.67094407 0.53559316 0.85839417
0.66158905 0.5303966  0.85275387
0.65207419 0.52550859 0.84605599
0.64253713 0.52087296 0.83820653
0.63313625 0.51634035 0.82957671
0.62390859 0.51187566 0.82025441
0.61488805 0.50740347 0.81056549
0.60605224 0.50291828 0.80060579
0.59738863 0.4984115  0.79046013
0.58888827 0.49387477 0.78020226
0.58051833 0.48932117 0.76984996
0.57228636 0.48473453 0.75947502
0.56416034 0.48013224 0.74906657
0.55614923 0.47549972 0.73868352
0.54824351 0.47083851 0.72834351
0.54042318 0.46616636 0.71799735
0.53268603 0.46148258 0.70765317
0.52503599 0.45677257 0.69738545
0.51746303 0.45204526 0.68716784
0.50995639 0.4473152  0.67694087
0.50252606 0.44255878 0.66681724
0.49516059 0.4377935  0.65672118
0.48785741 0.43301647 0.64667515
0.48061634 0.42822225 0.63671115
0.47342877 0.42342714 0.62675003
0.46630366 0.41860687 0.61691522
0.45922023 0.41379699 0.6070402 
0.45218484 0.40897198 0.59726418
0.44520976 0.40413025 0.5875604 
0.43826838 0.39928764 0.57790053
0.43138157 0.39443087 0.56830752
0.42453478 0.38956806 0.55876747
0.41773561 0.38469423 0.54928792
0.41098222 0.37981022 0.53986584
0.40426713 0.37492012 0.53049238
0.39760474 0.37001504 0.52118197
0.39097323 0.36510695 0.5119143 
0.38439951 0.3601802  0.50271339
0.3778572  0.35524955 0.49355251
0.37136088 0.35030603 0.48444668
0.36490729 0.34535083 0.47539369
0.35848708 0.34038864 0.46638456
0.35212054 0.33540797 0.45743608
0.34578456 0.33042108 0.44852651
0.33949184 0.32542021 0.43966873
0.33324152 0.32040526 0.43086202
0.3270219  0.31538227 0.42209343
0.32085082 0.31034099 0.41337913
0.31471453 0.30528804 0.40470777
0.30860938 0.30022464 0.39607626
0.30255393 0.29514062 0.38749866
0.29652963 0.29004504 0.37895889
0.29053614 0.28493731 0.37045676
0.28458954 0.27980827 0.36200638
0.27867447 0.27466543 0.3535924 
0.27278996 0.2695082  0.34521588
0.26694524 0.26433085 0.33688576
0.26113636 0.25913482 0.32859673
0.25535723 0.25392234 0.32034342
0.24960784 0.2486924  0.31212609
0.24389913 0.24343865 0.30395284
0.23822041 0.2381654  0.29581511
0.23257015 0.23287202 0.28771406
0.22694794 0.22755748 0.27965027
0.2213587  0.2222191  0.27162011
0.21580049 0.21685561 0.26362985
0.21026794 0.2114682  0.25567642
0.20476065 0.20605636 0.24775396
0.19927759 0.20061864 0.23986566
0.19381732 0.19515368 0.23201442
0.18838397 0.18965859 0.22419737
0.18297153 0.18413375 0.21641628
0.17757695 0.17857859 0.2086703 
0.17219951 0.17299219 0.20095308
0.16681521 0.16738119 0.19326977
0.16140729 0.16175092 0.18561208
0.15597252 0.15609953 0.17798633
0.15050965 0.15042549 0.17038824
0.14501698 0.14472705 0.16281499
0.13949153 0.13900215 0.15526935
0.13393161 0.13324882 0.14774657
0.12833545 0.1274649  0.14024146
0.12269827 0.12164761 0.13276234
0.11701795 0.11579439 0.12530301
0.11129294 0.10990255 0.11785301
0.105515   0.10396815 0.11043274
0.09968492 0.09798827 0.10301643
0.09379458 0.09195841 0.09561925
0.08783764 0.08587396 0.08824483
0.08180918 0.07972997 0.0808864 
0.07572996 0.07355476 0.07361469
0.08271455 0.07959364 0.07870347
0.09031723 0.08537155 0.08343617
0.09796584 0.09105456 0.08798399
0.10563255 0.09665704 0.09238642
0.1133012  0.10218966 0.09667037
0.12097529 0.10765655 0.10084044
0.12864858 0.11306445 0.10491144
0.13632256 0.11841724 0.1088889 
0.14400235 0.1237172  0.11277346
0.15167926 0.12897091 0.11658125
0.15936088 0.13417918 0.12030906
0.16704231 0.13934776 0.12395838
0.17468438 0.14450342 0.12747977
0.18228893 0.14964883 0.13087413
0.18984788 0.15479214 0.13413209
0.19736654 0.15993206 0.13727377
0.2048426  0.16507239 0.14030232
0.21227349 0.17021737 0.14321559
0.2196631  0.17536612 0.14603061
0.22701156 0.18052052 0.1487528 
0.23431585 0.18568513 0.15137382
0.24158066 0.19085813 0.15391178
0.24880768 0.19604043 0.15636972
0.25599776 0.20123309 0.15875212
0.26315161 0.20643764 0.16105815
0.27027032 0.21165505 0.16328977
0.27735708 0.21688458 0.16545504
0.28441408 0.22212659 0.16755465
0.29144129 0.22738194 0.16959558
0.2984415  0.2326507  0.1715764 
0.30541609 0.23793324 0.17349962
0.31236717 0.24322973 0.17536511
0.31929467 0.24854083 0.17717997
0.32620195 0.25386634 0.17893931
0.33308942 0.25920672 0.18064825
0.33995862 0.26456215 0.18230788
0.3468116  0.26993268 0.18391677
0.35364901 0.27531863 0.18547896
0.36047249 0.28072012 0.18699437
0.36731414 0.28612164 0.1884577 
0.37421113 0.29150476 0.18986686
0.3811642  0.29687007 0.19121906
0.38817234 0.30221853 0.19251866
0.39524128 0.30754837 0.1937583 
0.40236791 0.31286141 0.19494488
0.40955038 0.31815937 0.1960771 
0.41678793 0.32344313 0.19715741
0.42407904 0.32871378 0.19819044
0.43142515 0.33397155 0.19917063
0.43882726 0.33921639 0.20009938
0.44629152 0.34444577 0.20097383
0.45381008 0.34966419 0.20179723
0.46138176 0.35487261 0.20257261
0.46900563 0.36007194 0.2033021 
0.47668571 0.3652608  0.20398148
0.48442845 0.37043663 0.204604  
0.49222363 0.37560485 0.20517869
0.5000707  0.38076621 0.20570642
0.50796911 0.38592121 0.20619198
0.51593382 0.39106331 0.20661633
0.52395024 0.3962001  0.20699281
0.53201717 0.40133257 0.20732412
0.54014161 0.40645772 0.20760379
0.5483275  0.41157407 0.20782712
0.55656295 0.41668793 0.2080064 
0.56484723 0.42180013 0.20814283
0.57320222 0.42690028 0.20821155
0.58160736 0.43199913 0.20823318
0.59006137 0.43709774 0.2082103 
0.59858236 0.4421874  0.20812331
0.60715692 0.44727537 0.2079852 
0.61578066 0.45236442 0.2078    
0.62447209 0.45744543 0.20754807
0.63321638 0.46252644 0.2072458 
0.64200935 0.46761019 0.20689591
0.65087549 0.47268443 0.20646907
0.65979057 0.47776208 0.20599545
0.66875818 0.48284183 0.20546914
0.67779744 0.48791418 0.2048644 
0.68688536 0.49299167 0.20420843
0.69603564 0.49806746 0.20348578
0.70524796 0.50314222 0.2026942 
0.71453528 0.50821159 0.20176803
0.72380116 0.51332817 0.20082669
0.73311928 0.51845535 0.19972064
0.74248255 0.52359751 0.19845408
0.75181614 0.52879458 0.19716213
0.76118371 0.53401464 0.19571005
0.77057898 0.53926233 0.19408913
0.77997007 0.54455547 0.19235182
0.78933823 0.549906   0.1905057 
0.79870954 0.55530211 0.18846436
0.80805227 0.56076153 0.18628891
0.81736756 0.56628734 0.18389907
0.82661756 0.57190127 0.18135679
0.83577848 0.57761946 0.17864525
0.84481986 0.58346252 0.17573749
0.8536866  0.5894632  0.17269569
0.86223594 0.59570384 0.16973479
0.87043263 0.60220745 0.16684263
0.87804901 0.60909693 0.16459664
0.88498848 0.61641727 0.16343887
0.89118794 0.62418396 0.16403002
0.89669181 0.63235076 0.16679656
0.90174174 0.640773   0.17140614
0.9064826  0.64936671 0.17752208
0.91105565 0.65805629 0.18469242
0.91544416 0.66685194 0.19278285
0.91976151 0.67569601 0.20143116
0.92402989 0.68457921 0.21049764
0.92824253 0.69350773 0.21989621
0.93238296 0.70249501 0.22949331
0.93651924 0.71151286 0.23901821
0.94064824 0.72056387 0.24848593
0.94476789 0.72965003 0.2579088 
0.94888175 0.7387704  0.26729335
0.95299194 0.74792486 0.27664628
0.95709174 0.75711768 0.28598004
0.96117882 0.76635084 0.29530268
0.96528311 0.7756106  0.30459834
0.969369   0.78491534 0.31389826
0.9734586  0.79425521 0.32319136
0.97752594 0.80364351 0.3325001 
0.98160878 0.81306325 0.34180235
0.98567611 0.82252994 0.35112301
0.98973731 0.83204005 0.36045893
0.99378101 0.8415996  0.3698205 
0.99765776 0.85127643 0.37930618
