0.93364285 0.81688574 0.98713133
0.92773985 0.80794849 0.98228979
0.92188383 0.79904096 0.97749927
0.91607724 0.79016011 0.97276412
0.91032634 0.78130026 0.96809459
0.90462831 0.77246181 0.96348705
0.89897906 0.76364608 0.95893592
0.89337246 0.75485588 0.95443248
0.88777901 0.74609692 0.95003065
0.88206239 0.73742357 0.94581553
0.87619171 0.72884795 0.94180887
0.87016666 0.72037334 0.9379885 
0.86397512 0.71200867 0.93433452
0.85759846 0.70376572 0.93083127
0.85106192 0.69563737 0.92744087
0.84433381 0.68764046 0.92415927
0.8374648  0.67975531 0.92094513
0.83042552 0.67199706 0.91779795
0.82326683 0.66434379 0.91468881
0.81597579 0.65680177 0.91161919
0.80857927 0.64936006 0.9085677 
0.80109665 0.64200854 0.90553222
0.79352425 0.63474856 0.90251352
0.78587867 0.62757116 0.89951018
0.77817709 0.62046818 0.89651326
0.77042645 0.61343468 0.89352693
0.76263497 0.60646675 0.89054432
0.75480765 0.59955964 0.88757429
0.74694977 0.59270931 0.88461978
0.73906541 0.58591331 0.88167775
0.73116303 0.57916621 0.87874915
0.72324626 0.57246434 0.87583934
0.71530594 0.56580377 0.87299434
0.70728521 0.5592494  0.8700073 
0.69913805 0.55282261 0.86689469
0.69082918 0.5465517  0.86360018
0.6823135  0.54047305 0.86005165
0.67354944 0.53463281 0.85611122
0.66448466 0.52912074 0.85142879
0.65514678 0.52394389 0.84587954
0.64563386 0.51909149 0.83922985
0.63609632 0.51449425 0.83142052
0.6266925  0.51000621 0.82280096
0.61746429 0.50558698 0.81347377
0.60844617 0.50115883 0.80377453
0.5996157  0.49671587 0.79380142
0.59095995 0.49224943 0.78364077
0.58246437 0.48775525 0.77335868
0.57410616 0.48323849 0.76299017
0.56588088 0.47869231 0.75258698
0.55776212 0.47412967 0.74214813
0.54976633 0.46952944 0.73174955
0.54186928 0.46490559 0.72137787
0.53406186 0.46026221 0.7110337 
0.52633499 0.4556131  0.70065934
0.51869548 0.4509369  0.69036053
0.51113608 0.44623624 0.68014119
0.50364102 0.44153673 0.66989005
0.4962223  0.43681103 0.65973595
0.48887258 0.43206707 0.64965038
0.48158092 0.42731935 0.63957317
0.47435432 0.42254742 0.62960801
0.46718048 0.41777656 0.61963113
0.46006788 0.41298238 0.60976763
0.45299619 0.40819354 0.59989308
0.44597756 0.40338767 0.59011061
0.43900951 0.39856989 0.58039267
0.43208711 0.39374304 0.5707323 
0.42520666 0.38890925 0.56112343
0.41837825 0.38406158 0.55157923
0.41158523 0.37920934 0.54208361
0.40485066 0.37433886 0.53265717
0.39814713 0.36946572 0.52327267
0.39149891 0.36457525 0.51395439
0.38488792 0.35967737 0.50468509
0.3783204  0.35476814 0.49546963
0.37179961 0.3498455  0.48630938
0.36531032 0.34491737 0.47719064
0.35887796 0.33996885 0.4681382 
0.35247797 0.33501325 0.45912812
0.34611918 0.33004542 0.45016632
0.33980603 0.32506221 0.44125788
0.33352474 0.32007047 0.43239099
0.32729158 0.31506081 0.42357986
0.32109548 0.310039   0.41481188
0.31493112 0.30500705 0.40608356
0.30881698 0.29995428 0.39741248
0.30273615 0.29488924 0.38878209
0.2966868  0.28981241 0.38018921
0.29068524 0.28471424 0.37164991
0.28471703 0.27960151 0.36315193
0.2787801  0.27447483 0.35469127
0.27288434 0.26932821 0.34627675
0.26702531 0.2641632  0.3379041 
0.26119708 0.258982   0.32956813
0.25539965 0.25378376 0.32126818
0.24964575 0.2485608  0.31301727
0.24392202 0.24331882 0.30480486
0.23822791 0.23805762 0.29662627
0.23256332 0.23277613 0.28848167
0.2269354  0.22746905 0.28038174
0.22133814 0.22213843 0.27231976
0.21576844 0.21678489 0.26429062
0.21022563 0.21140701 0.25629721
0.2047089  0.20600368 0.24834002
0.19921944 0.20057313 0.24041762
0.19375847 0.19511282 0.23253425
0.18831959 0.18962403 0.22468668
0.18290199 0.18410586 0.21687038
0.17750316 0.17855671 0.2090915 
0.17212214 0.17297564 0.20134435
0.1667443  0.16736649 0.19362709
0.16134145 0.1617377  0.18594271
0.15591232 0.15608784 0.17828761
0.15045485 0.1504152  0.17066156
0.14496673 0.14471795 0.16306478
0.13944615 0.13899423 0.15549414
0.1338913  0.13324205 0.14794557
0.12829958 0.12745912 0.14041795
0.12266794 0.12164293 0.13291109
0.1169912  0.11579044 0.12543376
0.11126979 0.10989929 0.11796579
0.10549679 0.10396572 0.11052115
0.09967065 0.09798646 0.1030855 
0.09378397 0.09195714 0.09567048
0.0878302  0.08587312 0.0882806 
0.08180478 0.07972951 0.08090748
0.07572868 0.07355464 0.0736208 
0.0827963  0.07954123 0.07888871
0.09058408 0.08519799 0.08404947
0.09843057 0.0907484  0.08906305
0.10630375 0.09620958 0.09395822
0.11418253 0.10159483 0.09875656
0.12206877 0.10690894 0.1034637 
0.12996253 0.11215679 0.10808584
0.13786325 0.11734308 0.11262906
0.1457673  0.12247333 0.11710125
0.15366985 0.12755332 0.12151085
0.16158911 0.13257937 0.12584906
0.16950839 0.13756135 0.13013225
0.17744141 0.14249848 0.13433697
0.18538475 0.14739518 0.13846631
0.19333164 0.15225659 0.1425319 
0.20128928 0.15708205 0.14653256
0.20925433 0.16187515 0.15047507
0.21723253 0.16663549 0.15435852
0.22522973 0.17136242 0.15818141
0.23323718 0.17606157 0.16195429
0.24126554 0.18072993 0.16567105
0.2493088  0.18537179 0.16933963
0.2573719  0.18998644 0.17295833
0.26545132 0.19457695 0.17653274
0.2735512  0.19914281 0.18006149
0.28166799 0.20368702 0.18355005
0.28980391 0.20820982 0.18699853
0.29797013 0.21270724 0.19039728
0.30616277 0.21718215 0.19375227
0.31437285 0.22163993 0.19707432
0.32260253 0.22608068 0.20036323
0.33086388 0.23049962 0.20360782
0.33915696 0.23489759 0.20680975
0.34747143 0.23928062 0.20998151
0.3558088  0.24364896 0.21312277
0.3641878  0.2479941  0.2162147 
0.37258713 0.25232755 0.21928183
0.38101101 0.2566481  0.22232095
0.38947731 0.26094741 0.2253134 
0.39796624 0.26523636 0.22828269
0.4064885  0.26951022 0.23121807
0.41504961 0.27376681 0.23411424
0.4236306  0.27801687 0.23699377
0.43225877 0.28224658 0.239827  
0.44091658 0.28646595 0.24263493
0.44960529 0.29067504 0.24541707
0.45833615 0.29486839 0.24816126
0.46708851 0.29905797 0.25089274
0.47589644 0.30322554 0.25357289
0.48472809 0.30738943 0.25623976
0.49360385 0.31153886 0.2588703 
0.50251492 0.31567935 0.26147594
0.51148296 0.3197989  0.26403345
0.52046163 0.3239229  0.26661908
0.52950416 0.32802163 0.26916531
0.53856723 0.33211939 0.2717412 
0.5477007  0.33618881 0.27427231
0.55685829 0.34025613 0.27683294
0.56607296 0.3443029  0.27937726
0.57535372 0.34832395 0.28189577
0.58465246 0.35234732 0.28446533
0.59401771 0.35634514 0.28701535
0.60345    0.36031673 0.28955223
0.612904   0.36428888 0.29215174
0.62241773 0.36823946 0.29475772
0.63199121 0.37216809 0.29737851
0.64163127 0.37606975 0.30001741
0.65130918 0.37996158 0.30272853
0.66103483 0.38383779 0.3055006 
0.67083355 0.38768055 0.3083233 
0.68067692 0.39150784 0.31124211
0.6905926  0.39529891 0.31425662
0.7005593  0.39906621 0.31741537
0.71058253 0.40280276 0.32075311
0.72061672 0.40653317 0.32440069
0.73068922 0.41023456 0.32838095
0.74072019 0.41395024 0.33292495
0.75062049 0.41773051 0.33827961
0.76014248 0.42173897 0.34485876
0.76895882 0.42621981 0.3529107 
0.77689649 0.43133618 0.36218793
0.78409033 0.43702286 0.37217595
0.79078988 0.44310818 0.38249532
0.79713062 0.44949412 0.39297595
0.80308293 0.45620676 0.40353608
0.80862718 0.46326506 0.41407251
0.81380379 0.47064074 0.42447769
0.81868018 0.47828346 0.43466584
0.82333158 0.48613487 0.44459251
0.82781852 0.4941479  0.45423499
0.83218201 0.5022873  0.46361716
0.83648045 0.51050704 0.47275898
0.84073216 0.51879108 0.48168941
0.84493748 0.52713665 0.49043784
0.84913582 0.53551418 0.49902897
0.85332387 0.5439247  0.50748921
0.85751164 0.55236137 0.51583199
0.8617013  0.56082255 0.52407391
0.86589804 0.56930503 0.53222745
0.87009273 0.57781452 0.54031109
0.87430634 0.58633871 0.54832535
0.87852391 0.59488709 0.55628841
0.88276359 0.60344949 0.56420083
0.8870141  0.61203333 0.57207609
0.89128649 0.62063296 0.5799168 
0.89558227 0.62924844 0.5877292 
0.89989943 0.63788192 0.59552013
0.90418835 0.64656403 0.60329576
0.90850028 0.65526056 0.61109979
0.91282009 0.6639813  0.6189381 
0.91715111 0.67272563 0.62681018
0.92148964 0.68149672 0.63471789
0.92584379 0.69029135 0.64265913
0.93022103 0.69910678 0.65063208
0.9346158  0.70794725 0.65863927
0.93902049 0.71681793 0.66668387
0.94344848 0.725713   0.67476214
0.94788304 0.73464225 0.6828802 
0.95234942 0.74359392 0.69103051
0.95683871 0.75257381 0.6992167 
0.96133673 0.76159016 0.70744397
0.96584595 0.77064273 0.71571216
0.97040186 0.77971525 0.72401079
0.97495378 0.78883367 0.73235654
0.97952707 0.79798665 0.74074211
0.98412671 0.80717293 0.74916674
0.98872138 0.81640845 0.75764077
0.99320418 0.82574393 0.7661973 
