0.92759592 0.82087697 0.97793169
0.92176205 0.81191958 0.97319075
0.91592439 0.80302576 0.96842269
0.91013375 0.7941609  0.96370549
0.90439507 0.7853203  0.95904738
0.89870129 0.77650729 0.95443828
0.89306241 0.7677137  0.94989412
0.88747063 0.75894334 0.94540369
0.88192622 0.75019458 0.9409681 
0.87643597 0.74146123 0.93659838
0.87099225 0.73274705 0.93228358
0.86552189 0.72407928 0.92807731
0.8598929  0.71550699 0.92409175
0.85412022 0.70702577 0.92030544
0.8481705  0.69865353 0.91671014
0.84203644 0.69039759 0.91328196
0.83572953 0.68225719 0.90998755
0.82921944 0.67424927 0.90681852
0.82254721 0.6663592  0.90373341
0.81569985 0.65859527 0.90072223
0.80870957 0.65094481 0.89775914
0.80157176 0.64341078 0.89483998
0.79432602 0.63597597 0.89194137
0.7869578  0.62864722 0.88906671
0.77950179 0.62140757 0.886206  
0.77197179 0.61425056 0.88335139
0.76436782 0.60717453 0.88050992
0.75669936 0.60017437 0.87767886
0.74898369 0.59324043 0.87485737
0.7412285  0.58636866 0.87204104
0.73343962 0.57955472 0.86923322
0.7256226  0.57279458 0.86643577
0.71778057 0.56608414 0.86365838
0.70992153 0.55942041 0.86088864
0.70204034 0.55279886 0.85816378
0.69409247 0.5462681  0.8553354 
0.68601197 0.53985672 0.85243909
0.67776759 0.53360841 0.84931975
0.66931012 0.52756002 0.84591738
0.66060208 0.52174834 0.84213688
0.65157364 0.5162735  0.83762611
0.64225915 0.51114585 0.83222304
0.6327469  0.50636788 0.82564964
0.62320506 0.50185407 0.81788219
0.61379762 0.49745782 0.8092516 
0.60457126 0.49312825 0.79990297
0.59556121 0.48878636 0.79017383
0.58674395 0.48442688 0.78016184
0.57810196 0.48004812 0.76992687
0.56961484 0.47564088 0.75957839
0.5612852  0.4711906  0.74919287
0.55307714 0.46671715 0.73875866
0.54498776 0.46222056 0.72828322
0.53700973 0.45769486 0.717821  
0.52912984 0.45314494 0.70738018
0.52134288 0.44856998 0.69697949
0.51365066 0.44396822 0.68662341
0.50603593 0.43935496 0.6762688 
0.49849976 0.4347172  0.66598799
0.49103698 0.43006069 0.65576002
0.48364104 0.4253952  0.64554242
0.47631634 0.42070302 0.63542821
0.46904974 0.41600491 0.62532616
0.4618443  0.41129022 0.61529027
0.45469969 0.40655684 0.60533265
0.44760697 0.40181802 0.59539384
0.44055806 0.39706951 0.58552017
0.43357325 0.39229969 0.57572499
0.4266209  0.38752756 0.56597504
0.41972867 0.38273606 0.55629779
0.41287431 0.37793798 0.54667172
0.40607038 0.37312534 0.53710949
0.39931287 0.3683003  0.52760582
0.39259366 0.36346737 0.51815118
0.38593054 0.35861564 0.50876345
0.37930074 0.35375769 0.49942133
0.37272487 0.34888127 0.49014404
0.36618793 0.34399488 0.48091454
0.35968991 0.33909783 0.47173364
0.35324472 0.33418162 0.46261557
0.34683286 0.32925672 0.45354147
0.34046764 0.32431558 0.44452085
0.33414496 0.31935976 0.43555092
0.32785584 0.31439344 0.42662447
0.32161752 0.30940669 0.41775672
0.3154159  0.30440696 0.40893203
0.30924765 0.29939518 0.40014883
0.30312947 0.2943616  0.39142314
0.29704692 0.28931348 0.38274044
0.2909974  0.28425167 0.37409707
0.28499273 0.27916897 0.36550518
0.27902639 0.27406799 0.35695948
0.27309271 0.26895128 0.34845229
0.26719417 0.26381705 0.33998332
0.26134013 0.25865901 0.3315651 
0.2555183  0.25348278 0.32318597
0.24972858 0.24828759 0.3148449 
0.24397286 0.2430712  0.30654566
0.23825809 0.23782971 0.29828959
0.23257418 0.23256692 0.29006994
0.22692088 0.22728144 0.28188964
0.22129772 0.2219724  0.27374775
0.21570597 0.21663863 0.26563982
0.21014928 0.21127609 0.2575763 
0.20462007 0.20588722 0.24955047
0.19911789 0.20047145 0.24155688
0.19364119 0.19502696 0.23360245
0.1881891  0.18955298 0.2256831 
0.1827602  0.18404825 0.21779938
0.17735258 0.17851147 0.20995297
0.17196503 0.1729413  0.20214254
0.16659835 0.16733584 0.1943636 
0.16120669 0.16171031 0.1866203 
0.1557887  0.15606354 0.17890702
0.15034173 0.15039373 0.17122638
0.1448651  0.14469935 0.16357043
0.13935484 0.13897814 0.15594685
0.1338089  0.13322809 0.14835273
0.12822612 0.12744718 0.14077971
0.1226033  0.12163286 0.13322827
0.11693736 0.11578244 0.12569707
0.11122292 0.10989264 0.11819427
0.10545952 0.1039607  0.11070222
0.09964041 0.09798261 0.10323192
0.09376083 0.09195436 0.09578215
0.08781549 0.08587146 0.08835135
0.08179579 0.07972856 0.08095062
0.07572606 0.07355438 0.0736333 
0.08273648 0.07958718 0.07868011
0.09039023 0.08534961 0.08335737
0.09809319 0.0910155  0.08784476
0.10581437 0.09660019 0.0921852 
0.11354704 0.10211135 0.09639506
0.12128143 0.10755727 0.10049373
0.1290159  0.11294326 0.10449095
0.13675231 0.1182731  0.10839185
0.14449003 0.123551   0.11220378
0.15223369 0.12877905 0.11592741
0.15998009 0.13396172 0.11957209
0.16766986 0.13913922 0.12304935
0.17518238 0.14438349 0.12625118
0.18251398 0.14969709 0.12922041
0.18968862 0.15506371 0.13205287
0.19672787 0.16047472 0.13476831
0.20364601 0.16592369 0.13739555
0.21046035 0.17140386 0.13994675
0.21718624 0.1769096  0.14242899
0.2238343  0.18243661 0.14485757
0.23041525 0.18798101 0.14724092
0.23693013 0.19354697 0.14954658
0.24339129 0.19912803 0.15180009
0.24980876 0.20471968 0.15401649
0.25618374 0.21032236 0.15620308
0.26251142 0.21594344 0.1583166 
0.26881127 0.22157071 0.16040775
0.27507976 0.22720952 0.16244837
0.28131602 0.23286236 0.16442829
0.287535   0.23851841 0.16640882
0.2937194  0.24419437 0.16829778
0.29989227 0.24987351 0.17018252
0.30604082 0.25556801 0.17199824
0.31217669 0.26126972 0.17379275
0.31829519 0.26698448 0.1755312 
0.32440275 0.27270899 0.17722957
0.3304969  0.27844618 0.17887666
0.3365819  0.28419267 0.18050409
0.34265514 0.28995325 0.18207409
0.34872512 0.29572268 0.18361627
0.35478268 0.30150951 0.18508116
0.36084248 0.30730141 0.1865599 
0.36688716 0.31311537 0.18793389
0.37293912 0.31893459 0.1893075 
0.37897811 0.32477408 0.19060931
0.38502147 0.33062277 0.19189509
0.39106301 0.33648747 0.19311549
0.39710144 0.34236838 0.19428739
0.40314894 0.34825734 0.19546134
0.4091852  0.3541725  0.19650796
0.41523187 0.36009499 0.19758051
0.42127894 0.36603591 0.19858449
0.42732712 0.37199584 0.19951423
0.43338726 0.37796479 0.20046471
0.43944112 0.38396058 0.20128544
0.44550574 0.38996865 0.20210197
0.45157973 0.39599154 0.20289271
0.45765092 0.40204033 0.20356983
0.46373642 0.40810058 0.20426175
0.46982823 0.41418209 0.20486795
0.4759232  0.42028517 0.20541878
0.48203387 0.42640319 0.20594165
0.48814923 0.43254385 0.20639665
0.49427202 0.43870629 0.20678583
0.50041162 0.44488425 0.20715874
0.50655628 0.45108682 0.20745259
0.51271062 0.45731261 0.20766258
0.51888279 0.46355818 0.20779422
0.52508213 0.46981483 0.20795015
0.53130636 0.47609029 0.20800516
0.5375499  0.48238675 0.20797525
0.54382361 0.48869896 0.20787937
0.5501232  0.49502827 0.2077409 
0.55644401 0.50138219 0.20745228
0.56279955 0.50774794 0.20717331
0.5691805  0.51413477 0.20680268
0.57558568 0.52054729 0.20625652
0.58203008 0.52696891 0.20577555
0.58849947 0.53341801 0.20509032
0.59500064 0.53988615 0.20433816
0.60153787 0.54637029 0.20356011
0.60810223 0.5528826  0.20256506
0.61470866 0.55940679 0.20160597
0.6213464  0.56595626 0.20047709
0.62802088 0.57252787 0.19920627
0.63473652 0.57911587 0.19790599
0.64148319 0.58573258 0.19637701
0.64828185 0.59236022 0.1948649 
0.65511269 0.59901681 0.193123  
0.66199223 0.60568824 0.19135764
0.66891434 0.61238597 0.18932619
0.6758845  0.61910191 0.18720526
0.68290098 0.62583916 0.18493703
0.68996694 0.63259647 0.18252938
0.69708673 0.63937439 0.17991508
0.70426198 0.64617237 0.17709653
0.71149291 0.65299039 0.17407919
0.71878533 0.65982489 0.17090893
0.72613583 0.66668197 0.16742971
0.7335605  0.67354966 0.16382844
0.74104858 0.68044103 0.15979391
0.74861858 0.68734033 0.15562374
0.7562664  0.69425533 0.15108229
0.76399743 0.70118642 0.14603774
0.77183275 0.70811715 0.14079593
0.77976695 0.71505611 0.13506442
0.78781245 0.72199874 0.12876494
0.79599162 0.72893707 0.1217454 
0.80432131 0.73586    0.11412753
0.81282294 0.74275963 0.10573673
0.8215394  0.74962103 0.0961608 
0.83051677 0.75642085 0.08532547
0.83984613 0.76311667 0.07300725
0.84964482 0.76965773 0.05839689
0.8601586  0.77591646 0.04232599
0.87159066 0.78176393 0.03021957
0.8834875  0.78732393 0.03504751
0.8953195  0.79289771 0.04779273
0.90693664 0.79856247 0.06455514
0.9181335  0.80440354 0.08452127
0.92866629 0.81053216 0.10666489
0.9384233  0.817013   0.12959484
0.94745619 0.8238408  0.15226915
0.95590264 0.83096786 0.17416807
0.96390581 0.83833807 0.19517275
0.97158118 0.84590454 0.21531332
0.97900994 0.8536333  0.2346977 
0.98625514 0.86149784 0.25342716
