0.12792763 0.02229164 0.15670404
0.13158307 0.02446874 0.1617488 
0.1352098  0.02675112 0.16673528
0.13881477 0.02912008 0.17170859
0.14240048 0.03157059 0.17668011
0.14596831 0.03410096 0.18165317
0.14951897 0.03671167 0.18662656
0.15305388 0.03940033 0.19160476
0.15657359 0.04211834 0.19658597
0.160079   0.0447967  0.20157168
0.16357078 0.04744725 0.20656166
0.16705032 0.05006901 0.21156152
0.17051781 0.05266522 0.21656815
0.17397335 0.05523912 0.22157803
0.17741917 0.05778594 0.22660367
0.18085384 0.06031399 0.23163065
0.18427999 0.06281678 0.23667469
0.18769642 0.06530123 0.24172368
0.19110428 0.06776583 0.24678276
0.19450468 0.07020915 0.25185688
0.19789718 0.07263493 0.25693993
0.20128232 0.07504337 0.26203312
0.20466097 0.07743348 0.26714008
0.20803364 0.07980544 0.27226192
0.2114003  0.08216115 0.27739596
0.21476138 0.08450077 0.28254309
0.21811722 0.08682485 0.28770335
0.22146825 0.08913339 0.2928779 
0.22481486 0.09142658 0.29806734
0.22815726 0.09370509 0.3032713 
0.2314959  0.09596877 0.30849103
0.23483108 0.09821791 0.31372682
0.23816306 0.10045279 0.31897892
0.24149217 0.10267357 0.32424779
0.24482684 0.1048771  0.32952055
0.24817204 0.10705456 0.33481193
0.25152875 0.10920556 0.34012238
0.25489786 0.11132982 0.34545191
0.25828032 0.11342706 0.35080049
0.26167705 0.11549692 0.35616814
0.26508903 0.11753901 0.36155481
0.26851736 0.11955252 0.3669612 
0.27196311 0.12153731 0.37238603
0.27542773 0.12349292 0.37782778
0.27891193 0.12541838 0.38328857
0.28241648 0.12731377 0.38876689
0.28594278 0.12917773 0.3942639 
0.28949157 0.1310104  0.39977785
0.29306415 0.13281064 0.40530919
0.29666153 0.13457804 0.41085701
0.3002858  0.13631217 0.41641724
0.30393797 0.13801215 0.42199003
0.30761837 0.13967738 0.42757661
0.31132797 0.14130743 0.4331757 
0.315068   0.14290175 0.43878559
0.31884169 0.14446006 0.44439817
0.32264772 0.1459818  0.45001865
0.32648697 0.14746663 0.45564532
0.33036197 0.14891454 0.46127091
0.33427327 0.1503254  0.46689397
0.33822012 0.15169914 0.47251624
0.34220512 0.15303607 0.47812921
0.34622822 0.15433681 0.48373057
0.35028811 0.15560176 0.48932215
0.35438842 0.15683204 0.49489021
0.35852624 0.15802835 0.50044004
0.36270231 0.15919228 0.50596445
0.36691734 0.16032534 0.51145665
0.37116817 0.16142906 0.51692046
0.37545826 0.16250593 0.52233894
0.37978231 0.16355758 0.52772164
0.38414254 0.1645869  0.53305424
0.38853553 0.16559603 0.53833998
0.39296083 0.16658784 0.54357221
0.39741715 0.16756502 0.54874713
0.40190142 0.16853012 0.55386651
0.40641468 0.16948634 0.5589191 
0.41095161 0.17043584 0.56391416
0.41551441 0.17138177 0.5688378 
0.42009818 0.17232622 0.57369857
0.42470249 0.17327164 0.57849184
0.42932656 0.17422038 0.58321439
0.4339664  0.17517421 0.58787353
0.43862375 0.17613526 0.59245962
0.4432935  0.17710674 0.59697984
0.44797735 0.17808449 0.60144048
0.45267009 0.17908429 0.60581783
0.45737599 0.18009553 0.61012714
0.46208991 0.18113261 0.61434822
0.46681175 0.18219572 0.61848205
0.47153844 0.18329313 0.62251809
0.47626816 0.18442933 0.6264519 
0.48099722 0.18561319 0.63027348
0.48572465 0.18684624 0.63398319
0.49044368 0.18814454 0.6375626 
0.49515582 0.18950216 0.64102293
0.49985197 0.19094021 0.64434013
0.50453262 0.19245419 0.64752448
0.50919388 0.19405065 0.65057191
0.51382855 0.19574424 0.65346791
0.51843799 0.19752682 0.65622818
0.52301663 0.19940816 0.65884457
0.52756106 0.2013921  0.66131668
0.5320724  0.20347067 0.6636594 
0.53654452 0.20565483 0.66586195
0.54097912 0.20793535 0.66793997
0.54537584 0.21030879 0.66990071
0.54973082 0.2127807  0.67173889
0.55404967 0.21533319 0.67348025
0.55832617 0.21797851 0.67510903
0.56256808 0.22069435 0.67665629
0.56677025 0.22349128 0.67810702
0.57094029 0.22634803 0.67949112
0.57507254 0.22927712 0.68078971
0.57917507 0.2322572  0.68203253
0.58324565 0.23529316 0.6832109 
0.58728697 0.23837729 0.68433517
0.59130272 0.24150055 0.68541716
0.59529028 0.2446688  0.68644673
0.59925436 0.24787088 0.68743898
0.60319715 0.25110188 0.68840004
0.60711872 0.25436182 0.68932859
0.61101926 0.2576505  0.69022357
0.61490259 0.26095978 0.69109625
0.61876977 0.26428758 0.69194912
0.62262194 0.26763197 0.6927842 
0.62645977 0.27099235 0.69360105
0.63028329 0.27436888 0.69439904
0.75703654 0.17956722 0.41505052
0.75968325 0.18594312 0.41631382
0.76224616 0.1923104  0.4177158 
0.76474787 0.1986311  0.41923995
0.76717762 0.20492742 0.42089561
0.76956198 0.21115927 0.42265949
0.77188794 0.21735332 0.42453984
0.77417533 0.22348309 0.42651818
0.77642524 0.22955277 0.42859125
0.77863343 0.23557423 0.43075839
0.78081285 0.24153357 0.43300585
0.78296611 0.24743227 0.43532943
0.78509119 0.25327825 0.4377272 
0.78718786 0.25907624 0.44019598
0.78926323 0.2648209  0.44272755
0.79131837 0.27051499 0.44531845
0.79335404 0.27616145 0.44796541
0.79537218 0.28176127 0.45066554
0.79737311 0.28731751 0.45341593
0.79935714 0.29283301 0.45621391
0.80132541 0.29830923 0.45905706
0.80327952 0.30374692 0.46194313
0.80521887 0.30914954 0.46486991
0.80714567 0.31451677 0.46783542
0.80905922 0.31985183 0.47083777
0.81096101 0.32515511 0.47387518
0.81285185 0.33042776 0.47694597
0.81473159 0.33567189 0.48004861
0.81660152 0.34088792 0.48318159
0.81845954 0.34607954 0.48634602
0.82030437 0.35124966 0.48954124
0.82214033 0.35639539 0.49276328
0.82396816 0.36151746 0.49601095
0.82578867 0.36661647 0.49928307
0.82760253 0.3716931  0.50257857
0.82940031 0.37675731 0.50590376
0.83119159 0.38180129 0.50925103
0.83297747 0.38682518 0.51261907
0.83474817 0.39183999 0.51600651
0.83651528 0.39683689 0.51940058
0.83827773 0.40181787 0.52280142
0.84003416 0.40678511 0.52620915
0.84178478 0.41173923 0.52962383
0.84353078 0.41667987 0.53304546
0.84527415 0.42160595 0.53647399
0.84701221 0.42652074 0.53990964
0.84874516 0.43142473 0.54335244
0.85047313 0.43631844 0.54680247
0.85219814 0.44120073 0.55025967
0.85392046 0.44607206 0.5537241 
0.85563841 0.45093448 0.55719591
0.85735222 0.45578839 0.56067514
0.85906209 0.46063417 0.56416187
0.86076851 0.46547195 0.56765612
0.86247368 0.47030043 0.57115792
0.86417541 0.47512198 0.57466738
0.86587394 0.4799369  0.57818457
0.86756947 0.4847455  0.58170953
0.86926224 0.48954807 0.58524234
0.87095181 0.49434538 0.58878314
0.8726405  0.49913608 0.59233186
0.87432782 0.50392101 0.59588856
0.8760131  0.50870113 0.59945336
0.87769574 0.51347728 0.60302645
0.87937671 0.51824914 0.60660777
0.88105625 0.52301692 0.61019738
0.88273382 0.5277814  0.61379548
0.88441024 0.53254234 0.61740203
0.88608575 0.53729995 0.6210171 
0.88776054 0.54205444 0.62464085
0.88943564 0.54680543 0.62827321
0.89110956 0.55155433 0.63191444
0.89278306 0.55630096 0.63556452
0.89445614 0.56104562 0.63922357
0.89612897 0.56578853 0.64289167
0.89780173 0.57052988 0.6465689 
0.8994747  0.57526979 0.65025534
0.90114761 0.58000873 0.65395115
0.90282129 0.58474647 0.6576563 
0.90449501 0.58948377 0.66137104
0.90616982 0.59422023 0.66509533
0.90784545 0.5989563  0.66882932
0.90952168 0.60369243 0.67257319
0.91119929 0.60842836 0.67632693
0.91287827 0.61316438 0.68009067
0.91455815 0.61790105 0.68386463
0.91623957 0.62263823 0.68764883
0.91792261 0.62737611 0.69144341
0.91960791 0.63211457 0.69524845
0.92129634 0.63685329 0.69906409
0.92298666 0.64159332 0.70289051
0.92467907 0.64633477 0.70672784
0.92637339 0.65107798 0.71057626
0.92807002 0.65582294 0.71443585
0.92976885 0.66056996 0.71830681
0.93147016 0.66531907 0.72218931
0.93317689 0.67006876 0.7260834 
0.93488586 0.67482115 0.72998939
0.93659732 0.67957631 0.73390742
0.93831113 0.68433453 0.7378377 
0.94003062 0.68909408 0.74178034
0.94175347 0.69385651 0.7457357 
0.94347895 0.69862246 0.74970389
0.94520784 0.70339167 0.75368528
0.94694189 0.70816347 0.75767893
0.94867769 0.7129404  0.76168145
0.95042112 0.7177195  0.76569188
0.95216992 0.72250219 0.76971071
0.95392281 0.7272894  0.77373825
0.95568398 0.73207909 0.77777385
0.95744982 0.73687341 0.78181824
0.959222   0.74167168 0.78587122
0.96100206 0.74647332 0.78993259
0.96278672 0.75128025 0.79400302
0.96457674 0.75609227 0.79808247
0.96637757 0.76090678 0.80217008
0.96818436 0.7657265  0.80626679
0.96999751 0.77055143 0.81037261
0.9718173  0.77538161 0.81448757
0.97364575 0.78021625 0.81861144
0.97548224 0.78505585 0.8227444 
0.9773225  0.78990275 0.82688726
0.97917168 0.79475457 0.83103924
0.98102627 0.79961325 0.83520102
0.98289039 0.80447695 0.839372  
0.98475514 0.80935021 0.84355373
0.98661561 0.81423556 0.84774707
0.98841702 0.81915947 0.85196091
