0.12792763 0.02229164 0.15670404
0.13158307 0.02446874 0.1617488 
0.1352098  0.02675112 0.16673528
0.13881477 0.02912008 0.17170859
0.14240048 0.03157059 0.17668011
0.14596831 0.03410096 0.18165317
0.14951897 0.03671167 0.18662656
0.15305388 0.03940033 0.19160476
0.15657359 0.04211834 0.19658597
0.160079   0.0447967  0.20157168
0.16357078 0.04744725 0.20656166
0.16705032 0.05006901 0.21156152
0.17051781 0.05266522 0.21656815
0.17397335 0.05523912 0.22157803
0.17741917 0.05778594 0.22660367
0.18085384 0.06031399 0.23163065
0.18427999 0.06281678 0.23667469
0.18769642 0.06530123 0.24172368
0.19110428 0.06776583 0.24678276
0.19450468 0.07020915 0.25185688
0.19789718 0.07263493 0.25693993
0.20128232 0.07504337 0.26203312
0.20466097 0.07743348 0.26714008
0.20803364 0.07980544 0.27226192
0.2114003  0.08216115 0.27739596
0.21476138 0.08450077 0.28254309
0.21811722 0.08682485 0.28770335
0.22146825 0.08913339 0.2928779 
0.22481486 0.09142658 0.29806734
0.22815726 0.09370509 0.3032713 
0.2314959  0.09596877 0.30849103
0.23483108 0.09821791 0.31372682
0.23816306 0.10045279 0.31897892
0.24149217 0.10267357 0.32424779
0.24482684 0.1048771  0.32952055
0.24817204 0.10705456 0.33481193
0.25152875 0.10920556 0.34012238
0.25489786 0.11132982 0.34545191
0.25828032 0.11342706 0.35080049
0.26167705 0.11549692 0.35616814
0.26508903 0.11753901 0.36155481
0.26851736 0.11955252 0.3669612 
0.27196311 0.12153731 0.37238603
0.27542773 0.12349292 0.37782778
0.27891193 0.12541838 0.38328857
0.28241648 0.12731377 0.38876689
0.28594278 0.12917773 0.3942639 
0.28949157 0.1310104  0.39977785
0.29306415 0.13281064 0.40530919
0.29666153 0.13457804 0.41085701
0.3002858  0.13631217 0.41641724
0.30393797 0.13801215 0.42199003
0.30761837 0.13967738 0.42757661
0.31132797 0.14130743 0.4331757 
0.315068   0.14290175 0.43878559
0.31884169 0.14446006 0.44439817
0.32264772 0.1459818  0.45001865
0.32648697 0.14746663 0.45564532
0.33036197 0.14891454 0.46127091
0.33427327 0.1503254  0.46689397
0.33822012 0.15169914 0.47251624
0.34220512 0.15303607 0.47812921
0.34622822 0.15433681 0.48373057
0.35028811 0.15560176 0.48932215
0.35438842 0.15683204 0.49489021
0.35852624 0.15802835 0.50044004
0.36270231 0.15919228 0.50596445
0.36691734 0.16032534 0.51145665
0.37116817 0.16142906 0.51692046
0.37545826 0.16250593 0.52233894
0.37978231 0.16355758 0.52772164
0.38414254 0.1645869  0.53305424
0.38853553 0.16559603 0.53833998
0.39296083 0.16658784 0.54357221
0.39741715 0.16756502 0.54874713
0.40190142 0.16853012 0.55386651
0.40641468 0.16948634 0.5589191 
0.41095161 0.17043584 0.56391416
0.41551441 0.17138177 0.5688378 
0.42009818 0.17232622 0.57369857
0.42470249 0.17327164 0.57849184
0.42932656 0.17422038 0.58321439
0.4339664  0.17517421 0.58787353
0.43862375 0.17613526 0.59245962
0.4432935  0.17710674 0.59697984
0.44797735 0.17808449 0.60144048
0.45267009 0.17908429 0.60581783
0.45737599 0.18009553 0.61012714
0.46208991 0.18113261 0.61434822
0.46681175 0.18219572 0.61848205
0.47153844 0.18329313 0.62251809
0.47626816 0.18442933 0.6264519 
0.48099722 0.18561319 0.63027348
0.48572465 0.18684624 0.63398319
0.49044368 0.18814454 0.6375626 
0.49515582 0.18950216 0.64102293
0.49985197 0.19094021 0.64434013
0.50453262 0.19245419 0.64752448
0.50919388 0.19405065 0.65057191
0.51382855 0.19574424 0.65346791
0.51843799 0.19752682 0.65622818
0.52301663 0.19940816 0.65884457
0.52756106 0.2013921  0.66131668
0.5320724  0.20347067 0.6636594 
0.53654452 0.20565483 0.66586195
0.54097912 0.20793535 0.66793997
0.54537584 0.21030879 0.66990071
0.54973082 0.2127807  0.67173889
0.55404967 0.21533319 0.67348025
0.55832617 0.21797851 0.67510903
0.56256808 0.22069435 0.67665629
0.56677025 0.22349128 0.67810702
0.57094029 0.22634803 0.67949112
0.57507254 0.22927712 0.68078971
0.57917507 0.2322572  0.68203253
0.58324565 0.23529316 0.6832109 
0.58728697 0.23837729 0.68433517
0.59130272 0.24150055 0.68541716
0.59529028 0.2446688  0.68644673
0.59925436 0.24787088 0.68743898
0.60319715 0.25110188 0.68840004
0.60711872 0.25436182 0.68932859
0.61101926 0.2576505  0.69022357
0.61490259 0.26095978 0.69109625
0.61876977 0.26428758 0.69194912
0.62262194 0.26763197 0.6927842 
0.62645977 0.27099235 0.69360105
0.63028329 0.27436888 0.69439904
0.75355408 0.23428346 0.12109179
0.7558405  0.23967496 0.12527898
0.75811414 0.24502126 0.12942043
0.76037538 0.25032507 0.13351784
0.76262482 0.25558839 0.1375759 
0.76486275 0.26081358 0.14159657
0.76708947 0.26600289 0.14558161
0.76930492 0.27115908 0.14952898
0.77150989 0.27628306 0.15344385
0.77370459 0.28137668 0.15732762
0.77588945 0.28644138 0.16118137
0.77806467 0.29147886 0.16500528
0.78023025 0.29649099 0.168799  
0.78238682 0.30147846 0.17256589
0.78453489 0.30644221 0.17630663
0.78667451 0.3113837  0.1800222 
0.78880601 0.31630395 0.18371312
0.79092946 0.32120442 0.1873774 
0.79304528 0.32608567 0.19101865
0.79515398 0.33094834 0.19463731
0.79725573 0.33579341 0.198234  
0.79935071 0.34062176 0.2018093 
0.80143941 0.34543398 0.20536315
0.80352153 0.35023149 0.2088945 
0.80559782 0.35501431 0.21240585
0.80766849 0.35978314 0.21589764
0.8097337  0.3645387  0.21937029
0.81179389 0.3692814  0.22282411
0.81384902 0.3740121  0.22625957
0.81589961 0.3787311  0.22967648
0.81794531 0.38343958 0.23307414
0.81998703 0.38813727 0.23645435
0.82202453 0.39282509 0.23981761
0.82405849 0.39750308 0.24316403
0.82608867 0.40217212 0.24649407
0.82811568 0.40683228 0.24980785
0.83013938 0.41148431 0.25310579
0.83216024 0.41612835 0.25638803
0.8341782  0.42076507 0.25965459
0.83619342 0.42539493 0.2629049 
0.83820631 0.43001802 0.26614035
0.84021683 0.4346349  0.26936125
0.84222555 0.43924557 0.27256773
0.84423211 0.44385085 0.27576013
0.84623147 0.44845415 0.27895747
0.84822055 0.45305681 0.2821828 
0.85019925 0.45765914 0.28543634
0.85216758 0.46226141 0.28871827
0.85412575 0.46686368 0.29202872
0.85607361 0.47146632 0.29536792
0.85801141 0.47606934 0.29873612
0.85993911 0.4806729  0.30213492
0.86185679 0.48527726 0.30556296
0.8637646  0.48988253 0.3090204 
0.86566247 0.49448895 0.31250744
0.8675507  0.49909653 0.31602415
0.86942908 0.5037056  0.31957078
0.87129803 0.50831605 0.32314737
0.87315726 0.51292827 0.32675419
0.87500726 0.51754211 0.33039124
0.87684774 0.52215792 0.33405943
0.87867914 0.52677548 0.33775961
0.88050124 0.53139523 0.3414906 
0.88231449 0.53601705 0.34525241
0.88411867 0.54064125 0.34904528
0.88591421 0.54526769 0.35286921
0.88770094 0.54989668 0.35672444
0.88947925 0.55452809 0.36061096
0.89124901 0.55916218 0.36452919
0.89301057 0.56379871 0.36848113
0.89476388 0.56843805 0.37246481
0.89650927 0.57308012 0.37648024
0.89824674 0.57772508 0.38052759
0.89997655 0.58237293 0.38460689
0.9016988  0.58702375 0.38871824
0.90341365 0.59167759 0.39286173
0.9051213  0.59633434 0.39703928
0.90682183 0.60099418 0.40124986
0.90851559 0.60565711 0.40549274
0.91020256 0.61032328 0.4097681 
0.91188313 0.61499261 0.41407586
0.91355732 0.61966522 0.41841617
0.91522547 0.62434108 0.422789  
0.91688767 0.62902009 0.42719691
0.91854417 0.6337024  0.43163771
0.92019524 0.63838805 0.43611114
0.921841   0.6430771  0.44061728
0.92348179 0.6477695  0.44515608
0.92511776 0.65246533 0.44972759
0.92674917 0.6571645  0.45433297
0.92837626 0.66186699 0.45897269
0.92999927 0.66657293 0.46364513
0.93161849 0.67128232 0.46835022
0.93323414 0.6759952  0.473088  
0.93484652 0.68071154 0.4778584 
0.93645587 0.68543135 0.48266174
0.93806245 0.69015449 0.48750018
0.93966659 0.69488111 0.49237114
0.94126853 0.69961125 0.49727459
0.9428686  0.7043449  0.50221046
0.94446106 0.70908511 0.50718311
0.9460458  0.71383338 0.51217534
0.94763471 0.7185843  0.5171727 
0.94922076 0.7233416  0.52218054
0.95080367 0.72810554 0.52719927
0.95238305 0.73287646 0.53222937
0.95396827 0.73764994 0.53726433
0.95554986 0.74243078 0.54231118
0.95712717 0.74721942 0.54737059
0.95871122 0.75201072 0.55243495
0.96028888 0.75681113 0.55751382
0.96186993 0.76161614 0.5626005 
0.96344647 0.76642965 0.56770081
0.9650284  0.77124715 0.57280802
0.9666063  0.77607321 0.57792899
0.9681839  0.78090622 0.58306135
0.96976508 0.78574456 0.58820265
0.97134433 0.79059091 0.59335697
0.97292321 0.7954447  0.59852349
0.97450203 0.80030592 0.60370226
0.97607885 0.80517558 0.60889487
0.97765899 0.81005146 0.61409792
0.97923505 0.81493697 0.61931677
0.98081326 0.8198295  0.62454743
0.98238459 0.82473313 0.62979633
0.98395424 0.82964568 0.63506019
0.98551043 0.83457236 0.64034729
0.9869815  0.83954382 0.64570635
