0.12792763 0.02229164 0.15670404
0.13158307 0.02446874 0.1617488 
0.1352098  0.02675112 0.16673528
0.13881477 0.02912008 0.17170859
0.14240048 0.03157059 0.17668011
0.14596831 0.03410096 0.18165317
0.14951897 0.03671167 0.18662656
0.15305388 0.03940033 0.19160476
0.15657359 0.04211834 0.19658597
0.160079   0.0447967  0.20157168
0.16357078 0.04744725 0.20656166
0.16705032 0.05006901 0.21156152
0.17051781 0.05266522 0.21656815
0.17397335 0.05523912 0.22157803
0.17741917 0.05778594 0.22660367
0.18085384 0.06031399 0.23163065
0.18427999 0.06281678 0.23667469
0.18769642 0.06530123 0.24172368
0.19110428 0.06776583 0.24678276
0.19450468 0.07020915 0.25185688
0.19789718 0.07263493 0.25693993
0.20128232 0.07504337 0.26203312
0.20466097 0.07743348 0.26714008
0.20803364 0.07980544 0.27226192
0.2114003  0.08216115 0.27739596
0.21476138 0.08450077 0.28254309
0.21811722 0.08682485 0.28770335
0.22146825 0.08913339 0.2928779 
0.22481486 0.09142658 0.29806734
0.22815726 0.09370509 0.3032713 
0.2314959  0.09596877 0.30849103
0.23483108 0.09821791 0.31372682
0.23816306 0.10045279 0.31897892
0.24149217 0.10267357 0.32424779
0.24482684 0.1048771  0.32952055
0.24817204 0.10705456 0.33481193
0.25152875 0.10920556 0.34012238
0.25489786 0.11132982 0.34545191
0.25828032 0.11342706 0.35080049
0.26167705 0.11549692 0.35616814
0.26508903 0.11753901 0.36155481
0.26851736 0.11955252 0.3669612 
0.27196311 0.12153731 0.37238603
0.27542773 0.12349292 0.37782778
0.27891193 0.12541838 0.38328857
0.28241648 0.12731377 0.38876689
0.28594278 0.12917773 0.3942639 
0.28949157 0.1310104  0.39977785
0.29306415 0.13281064 0.40530919
0.29666153 0.13457804 0.41085701
0.3002858  0.13631217 0.41641724
0.30393797 0.13801215 0.42199003
0.30761837 0.13967738 0.42757661
0.31132797 0.14130743 0.4331757 
0.315068   0.14290175 0.43878559
0.31884169 0.14446006 0.44439817
0.32264772 0.1459818  0.45001865
0.32648697 0.14746663 0.45564532
0.33036197 0.14891454 0.46127091
0.33427327 0.1503254  0.46689397
0.33822012 0.15169914 0.47251624
0.34220512 0.15303607 0.47812921
0.34622822 0.15433681 0.48373057
0.35028811 0.15560176 0.48932215
0.35438842 0.15683204 0.49489021
0.35852624 0.15802835 0.50044004
0.36270231 0.15919228 0.50596445
0.36691734 0.16032534 0.51145665
0.37116817 0.16142906 0.51692046
0.37545826 0.16250593 0.52233894
0.37978231 0.16355758 0.52772164
0.38414254 0.1645869  0.53305424
0.38853553 0.16559603 0.53833998
0.39296083 0.16658784 0.54357221
0.39741715 0.16756502 0.54874713
0.40190142 0.16853012 0.55386651
0.40641468 0.16948634 0.5589191 
0.41095161 0.17043584 0.56391416
0.41551441 0.17138177 0.5688378 
0.42009818 0.17232622 0.57369857
0.42470249 0.17327164 0.57849184
0.42932656 0.17422038 0.58321439
0.4339664  0.17517421 0.58787353
0.43862375 0.17613526 0.59245962
0.4432935  0.17710674 0.59697984
0.44797735 0.17808449 0.60144048
0.45267009 0.17908429 0.60581783
0.45737599 0.18009553 0.61012714
0.46208991 0.18113261 0.61434822
0.46681175 0.18219572 0.61848205
0.47153844 0.18329313 0.62251809
0.47626816 0.18442933 0.6264519 
0.48099722 0.18561319 0.63027348
0.48572465 0.18684624 0.63398319
0.49044368 0.18814454 0.6375626 
0.49515582 0.18950216 0.64102293
0.49985197 0.19094021 0.64434013
0.50453262 0.19245419 0.64752448
0.50919388 0.19405065 0.65057191
0.51382855 0.19574424 0.65346791
0.51843799 0.19752682 0.65622818
0.52301663 0.19940816 0.65884457
0.52756106 0.2013921  0.66131668
0.5320724  0.20347067 0.6636594 
0.53654452 0.20565483 0.66586195
0.54097912 0.20793535 0.66793997
0.54537584 0.21030879 0.66990071
0.54973082 0.2127807  0.67173889
0.55404967 0.21533319 0.67348025
0.55832617 0.21797851 0.67510903
0.56256808 0.22069435 0.67665629
0.56677025 0.22349128 0.67810702
0.57094029 0.22634803 0.67949112
0.57507254 0.22927712 0.68078971
0.57917507 0.2322572  0.68203253
0.58324565 0.23529316 0.6832109 
0.58728697 0.23837729 0.68433517
0.59130272 0.24150055 0.68541716
0.59529028 0.2446688  0.68644673
0.59925436 0.24787088 0.68743898
0.60319715 0.25110188 0.68840004
0.60711872 0.25436182 0.68932859
0.61101926 0.2576505  0.69022357
0.61490259 0.26095978 0.69109625
0.61876977 0.26428758 0.69194912
0.62262194 0.26763197 0.6927842 
0.62645977 0.27099235 0.69360105
0.63028329 0.27436888 0.69439904
0.20015356 0.50402331 0.44797525
0.2013535  0.50742451 0.45055835
0.20255095 0.5108311  0.45314221
0.20374558 0.51424324 0.45572651
0.20493627 0.51766119 0.45831043
0.20612533 0.52108455 0.46089579
0.20730954 0.52451401 0.4634802 
0.20849205 0.52794903 0.4660659 
0.20966909 0.53139027 0.46865155
0.21084856 0.53483674 0.47123735
0.21201965 0.53828993 0.47382311
0.21319913 0.54174773 0.47640857
0.21437069 0.5452123  0.47899411
0.21554337 0.54868255 0.4815794 
0.21671603 0.55215868 0.4841646 
0.21788204 0.55564158 0.48674983
0.21905652 0.5591294  0.48933469
0.22022415 0.56262414 0.49191961
0.22139296 0.56612485 0.49450435
0.22256365 0.56963149 0.49708891
0.22372809 0.57314516 0.49967351
0.22490075 0.57666409 0.50225773
0.22606966 0.58018983 0.50484195
0.22723633 0.58372228 0.507426  
0.2284105  0.58726027 0.51000981
0.2295792  0.59080547 0.51259351
0.23075155 0.59435682 0.51517699
0.2319269  0.59791446 0.51776022
0.23309788 0.60147935 0.52034335
0.2342768  0.60505005 0.52292612
0.23545606 0.60862754 0.52550871
0.23663144 0.61221242 0.52809108
0.23781858 0.61580281 0.5306731 
0.23900368 0.61940049 0.5332548 
0.24018642 0.62300555 0.53583634
0.24138245 0.62661613 0.53841734
0.24257654 0.63023417 0.54099807
0.24376917 0.63385966 0.54357855
0.24497557 0.63749082 0.54615839
0.24618133 0.64112947 0.54873791
0.24738657 0.64477565 0.55131708
0.24860491 0.64842777 0.55389557
0.24982513 0.65208727 0.55647361
0.25104603 0.65575435 0.55905121
0.25227768 0.65942786 0.56162808
0.2535156  0.6631084  0.56420437
0.25475539 0.66679659 0.5667801 
0.25600231 0.67049183 0.56935517
0.25726135 0.67419362 0.57192941
0.25852352 0.67790309 0.57450295
0.25978935 0.68162025 0.57707578
0.26107092 0.68534371 0.5796477 
0.26235951 0.68907459 0.58221878
0.26365311 0.6928132  0.58478899
0.26495389 0.69655936 0.58735822
0.26627255 0.70031184 0.58992638
0.26759782 0.70407207 0.59249353
0.26893018 0.70784006 0.5950596 
0.27027283 0.7116155  0.59762453
0.27163413 0.71539747 0.6001882 
0.27300432 0.71918719 0.60275066
0.27438405 0.72298466 0.60531185
0.27577399 0.72678988 0.6078717 
0.27718613 0.73060148 0.61043007
0.27861027 0.73442076 0.612987  
0.28004655 0.73824777 0.61554243
0.28149568 0.7420825  0.6180963 
0.28296151 0.74592457 0.62064853
0.28444929 0.74977342 0.62319898
0.28595192 0.75362997 0.62574767
0.28747024 0.7574942  0.62829453
0.28900509 0.76136608 0.63083951
0.29055737 0.76524558 0.63338255
0.29213709 0.76913158 0.63592351
0.29373566 0.77302518 0.63846235
0.29535405 0.77692633 0.64099907
0.29699319 0.78083499 0.64353361
0.29865358 0.78475119 0.64606578
0.30033653 0.78867484 0.64859562
0.30204766 0.79260534 0.65112308
0.30378567 0.79654293 0.65364793
0.305549   0.80048785 0.65617031
0.30733827 0.80444011 0.65869002
0.30915463 0.80839964 0.66120702
0.31099909 0.81236639 0.66372126
0.31287277 0.8163403  0.66623269
0.31477667 0.82032132 0.66874123
0.31671206 0.82430936 0.67124687
0.31868247 0.82830407 0.67374945
0.32068822 0.83230547 0.67624906
0.32272818 0.83631377 0.67874552
0.32480365 0.84032887 0.68123886
0.32691587 0.84435068 0.68372907
0.32906581 0.84837914 0.68621603
0.33125388 0.8524143  0.68869936
0.33345645 0.85645881 0.69118229
0.33566134 0.8605139  0.69366876
0.33786859 0.86457964 0.6961588 
0.34007824 0.86865612 0.69865243
0.3422903  0.87274339 0.70114966
0.34450481 0.87684155 0.7036505 
0.34672178 0.88095066 0.70615497
0.34894122 0.88507081 0.70866307
0.3511626  0.88920217 0.71117455
0.35338892 0.89334433 0.71369086
0.35561944 0.8974975  0.71621165
0.35785219 0.90166207 0.71873597
0.36008618 0.90583828 0.72126336
0.3623212  0.91002626 0.7237937 
0.36456357 0.91422507 0.72633007
0.36680916 0.91843545 0.72887048
0.36905363 0.9226582  0.73141281
0.37130586 0.92689196 0.7339614 
0.3735589  0.93113795 0.73651286
0.37581548 0.93539581 0.73906854
0.3780746  0.93966578 0.74162794
0.38033945 0.94394743 0.74419265
0.38260345 0.94824193 0.74675943
0.38487133 0.9525486  0.7493306 
0.38714515 0.95686717 0.75190722
0.38941945 0.96119864 0.75448656
0.39169495 0.96554298 0.75706898
0.39397778 0.96989928 0.75965756
0.39625412 0.97426988 0.76224538
0.39853438 0.97865319 0.76483764
0.40081563 0.98304976 0.76743288
0.40307991 0.98746266 0.770022  
0.40526413 0.99190242 0.77257291
