0.12245496 0.01558896 0.23037804
0.12995037 0.01957015 0.23997835
0.13738784 0.02385779 0.24949324
0.1448117  0.02836583 0.25901796
0.15222318 0.03309074 0.26855213
0.159631   0.03801104 0.27811234
0.16703447 0.04303219 0.28769433
0.1744323  0.04789371 0.29729268
0.18183767 0.05258649 0.30693458
0.18923817 0.05715956 0.31658997
0.19664782 0.06159728 0.32628826
0.20405897 0.06593089 0.33601031
0.21147539 0.07016367 0.34576277
0.21890712 0.074284   0.35556651
0.22634599 0.07831869 0.36540152
0.23377028 0.0823019  0.37526089
0.2411728  0.08622239 0.38519957
0.24855476 0.09007466 0.39523931
0.25588785 0.09389944 0.40537   
0.26318314 0.09767305 0.41562739
0.27040544 0.10144219 0.42600222
0.27754474 0.10520138 0.43653925
0.28452767 0.10904931 0.44720219
0.29128461 0.11306115 0.45799432
0.29766309 0.11744465 0.46881116
0.30346848 0.12249356 0.47942586
0.30848224 0.12862752 0.48930694
0.31272704 0.13592681 0.49801871
0.31645768 0.14401664 0.5056236 
0.31988236 0.15252285 0.51239168
0.32313444 0.16119241 0.51858102
0.32627583 0.16989876 0.52436611
0.32930602 0.17876858 0.5293702 
0.33228139 0.18775127 0.53357065
0.3352931  0.19673746 0.53707513
0.33840719 0.2056609  0.53995782
0.34166417 0.21443344 0.54246164
0.34507899 0.22304694 0.5446424 
0.34865226 0.23147419 0.54666407
0.35238213 0.23972111 0.54857941
0.35625299 0.24781442 0.55038616
0.36025834 0.25575098 0.55216981
0.3643816  0.26355361 0.55393047
0.36862287 0.27122383 0.55570939
0.37296776 0.27878138 0.55750039
0.37741067 0.28623458 0.55931885
0.38194472 0.29359511 0.56116379
0.38656807 0.3008723  0.5630271 
0.39126994 0.30807442 0.56492513
0.39604775 0.31520522 0.56687237
0.40089856 0.32226872 0.56888122
0.40581813 0.32927793 0.57091863
0.41080452 0.33623771 0.57298389
0.41585163 0.34314806 0.57511209
0.42095647 0.35001539 0.57729473
0.42612196 0.35685016 0.57948178
0.43134104 0.36364577 0.58174456
0.43661221 0.37040999 0.58405801
0.4419367  0.37715103 0.58638401
0.44730818 0.3838624  0.58879124
0.45273041 0.3905544  0.59121983
0.45819809 0.39722614 0.59370142
0.46370961 0.40388029 0.5962353 
0.46926787 0.41052222 0.59878974
0.47486531 0.41714703 0.60142789
0.48050917 0.42376816 0.60405174
0.48618363 0.43038189 0.60674078
0.49188271 0.43699271 0.60949247
0.49760678 0.44360665 0.61227397
0.50335542 0.45022157 0.61510841
0.50912899 0.45683983 0.61798667
0.51492744 0.46346255 0.62090851
0.5207501  0.47008974 0.62388342
0.52659779 0.47672547 0.62688746
0.53246904 0.48336629 0.62995663
0.53836552 0.49001727 0.63305667
0.54428608 0.49667671 0.63621016
0.55023095 0.5033471  0.63940504
0.55620062 0.51002976 0.64263667
0.56219403 0.51672289 0.64592837
0.56821273 0.52343028 0.64925331
0.5742553  0.53015115 0.65262856
0.58032236 0.53688683 0.65604833
0.58641484 0.54363893 0.65950343
0.59253097 0.5504054  0.66302209
0.59867223 0.55719017 0.66657509
0.60483864 0.56399324 0.67016844
0.61102913 0.57081334 0.67382219
0.61724529 0.57765341 0.67751387
0.62348659 0.58451398 0.68124711
0.62975218 0.59139405 0.68503923
0.63604376 0.59829585 0.68887254
0.64236119 0.60522028 0.69274635
0.6487027  0.61216617 0.69668259
0.6550704  0.61913572 0.70066226
0.66146423 0.62612966 0.70468549
0.66788289 0.63314869 0.70875743
0.67432698 0.64019249 0.71288493
0.68079759 0.64726225 0.71706046
0.68729447 0.65435896 0.72128286
0.69381683 0.66148314 0.72555687
0.70036455 0.66863495 0.7298881 
0.70693877 0.67581541 0.73427007
0.71353942 0.68302521 0.73870358
0.7201659  0.69026568 0.74318588
0.72681884 0.6975366  0.74772316
0.73349714 0.70483813 0.75232481
0.74020114 0.71217233 0.7569781 
0.7469317  0.71953876 0.76169056
0.75368761 0.7269393  0.76645681
0.76047    0.73437326 0.77128584
0.7672772  0.74184289 0.77617044
0.77411698 0.74934512 0.78111683
0.78099774 0.75687813 0.78611734
0.78792102 0.76444143 0.79117837
0.79488778 0.77203506 0.79630341
0.80189648 0.77966164 0.80148185
0.80894959 0.78731973 0.8067253 
0.81604766 0.79500984 0.81203476
0.82319281 0.80273096 0.81741981
0.83038285 0.81048634 0.82286622
0.83762049 0.81827439 0.82838688
0.84490629 0.82609566 0.8339827 
0.85224245 0.83394909 0.83966369
0.85962987 0.84183493 0.84543272
0.86706967 0.84975322 0.85129375
0.87456826 0.85769878 0.85728053
0.8820866  0.86562534 0.86337408
0.87509893 0.85772988 0.85493536
0.86938998 0.84926413 0.8470099 
0.86387961 0.84077679 0.83910396
0.85848451 0.83229891 0.83122853
0.85320686 0.8238283  0.82338251
0.84802617 0.81537171 0.81556807
0.84291025 0.80694075 0.80778911
0.83788416 0.79852426 0.80004129
0.83290792 0.79013714 0.7923297 
0.82800682 0.78176809 0.78464997
0.8231675  0.7734214  0.77700337
0.81837983 0.76510013 0.7693907 
0.81363991 0.75680484 0.76181188
0.80895281 0.7485324  0.75426552
0.80431562 0.74028296 0.7467514 
0.79972059 0.73205871 0.73927002
0.79517118 0.72385719 0.73182025
0.79066057 0.71568026 0.72440249
0.78619107 0.70752647 0.71701071
0.78175367 0.69939905 0.70964232
0.77735915 0.69129229 0.70229531
0.77299721 0.68320963 0.694971  
0.76867193 0.67514832 0.68766768
0.7643881  0.66710515 0.68038386
0.76013006 0.65908596 0.67312275
0.75590014 0.65108871 0.66588362
0.75169977 0.64311169 0.65866585
0.74752303 0.63515661 0.65147003
0.74337849 0.62721866 0.64429226
0.73925792 0.61930036 0.63713564
0.73515846 0.61140201 0.63000033
0.73107468 0.60352519 0.62288703
0.72701775 0.59566371 0.61579119
0.72298046 0.5878198  0.6087152 
0.71895578 0.57999576 0.6016606 
0.7149441  0.57219043 0.59462672
0.71096002 0.5643957  0.58760778
0.7069846  0.55661962 0.58060978
0.70301198 0.54886413 0.57363365
0.69905952 0.54111959 0.56667315
0.69511771 0.53338953 0.55973103
0.69117779 0.52567736 0.55280971
0.68724973 0.51797693 0.5459048 
0.68333124 0.51028821 0.53901672
0.67941134 0.50261581 0.53214891
0.67549974 0.49495353 0.52529675
0.67159197 0.48730251 0.51846148
0.6676792  0.47966634 0.51164603
0.66377604 0.4720359  0.50484384
0.65986767 0.46441806 0.49805992
0.65595118 0.45681327 0.49129504
0.65204481 0.44920993 0.48454124
0.64812556 0.44161981 0.47780701
0.64420157 0.43403696 0.47108825
0.64027474 0.42645886 0.46438368
0.63633197 0.41889191 0.45769817
0.63239272 0.41132294 0.45102275
0.6284348  0.40376394 0.44436595
0.62446717 0.39620793 0.43772345
0.62049095 0.38865256 0.43109416
0.61649315 0.3811045  0.42448294
0.6124925  0.37354993 0.41788079
0.6084654  0.36600254 0.41129739
0.60443545 0.35844457 0.40472263
0.60036754 0.35089665 0.39818198
0.59628373 0.34334113 0.39167038
0.59216757 0.335787   0.38519893
0.58804882 0.32821139 0.37874745
0.58387639 0.32064813 0.37234721
0.57968967 0.31306652 0.36597539
0.57549282 0.3054601  0.35963048
0.57123715 0.29786267 0.35334251
0.56696485 0.29023947 0.34708508
0.56267546 0.28258663 0.34086055
0.55832842 0.27493301 0.33469568
0.55394808 0.26725585 0.32857422
0.54953717 0.25954837 0.32249682
0.54510113 0.25180011 0.31646638
0.54061034 0.24403225 0.31050116
0.53606756 0.23623786 0.30460056
0.5314919  0.22839218 0.29876305
0.52686407 0.22050721 0.2929992 
0.52218999 0.21256867 0.28731698
0.51745659 0.20458157 0.28172846
0.51267085 0.19652765 0.27624658
0.50782319 0.1884056  0.27088868
0.5028988  0.18021898 0.26568029
0.49787019 0.17198409 0.26067134
0.4927513  0.16366887 0.25588122
0.48747656 0.15533317 0.25141035
0.48200747 0.14701091 0.24733897
0.47622023 0.13886196 0.24380054
0.46995396 0.13114197 0.24088304
0.46306022 0.12416726 0.23847517
0.4556087  0.1179539  0.23630122
0.44778441 0.1122994  0.23410974
0.43953537 0.10737238 0.23174014
0.43093581 0.10311622 0.22903434
0.42207474 0.09941874 0.22589218
0.41307645 0.09605943 0.22233762
0.40400685 0.09290712 0.21842597
0.39490954 0.08986534 0.2142213 
0.38581163 0.08686754 0.20978229
0.37671116 0.08390432 0.20514877
0.36762946 0.08092452 0.20035552
0.35855613 0.07793756 0.19542621
0.34950703 0.07490438 0.19038475
0.34046961 0.07184152 0.18524001
0.331447   0.06873546 0.18000451
0.32243935 0.06557763 0.1746911 
0.31344581 0.06236255 0.16930613
0.30445913 0.05909613 0.16385567
0.29547894 0.05577157 0.15834376
0.28649138 0.05240053 0.15279755
0.27750457 0.04895661 0.14722948
0.26851143 0.04544484 0.1416381 
0.25951211 0.0418557  0.13602121
0.25051075 0.03817026 0.13037608
0.24149699 0.03456456 0.12470101
0.23246278 0.03109033 0.11899387
0.22341242 0.02773785 0.11325123
0.21433561 0.02452268 0.10747059
0.20523174 0.02144313 0.10164828
0.19609058 0.01851197 0.09578107
0.18690814 0.01573115 0.08986471
0.17768007 0.01310273 0.08389442
0.16838751 0.01064633 0.07786605
0.15902434 0.00836239 0.07177353
