0.29992658 0.05241067 0.25653901
0.30456832 0.05794298 0.26331988
0.30917745 0.0633369  0.27010137
0.31375555 0.06861254 0.27688446
0.31830414 0.07378591 0.28367009
0.32282465 0.07886996 0.29045917
0.32731734 0.08387532 0.29725744
0.3317837  0.08881081 0.30406504
0.33622623 0.09368389 0.3108773 
0.34064558 0.09850086 0.31769753
0.34504412 0.10326723 0.32452124
0.34942305 0.10798769 0.33134874
0.35377886 0.11266593 0.33820086
0.35807016 0.11738929 0.34498813
0.362288   0.12215963 0.35173942
0.36642167 0.12698994 0.358453  
0.37046601 0.1318923  0.36510406
0.37440953 0.13688573 0.37166645
0.37824384 0.14198115 0.37812365
0.381964   0.14718197 0.38446779
0.38556264 0.15249906 0.39067261
0.38903403 0.15794086 0.39671017
0.392375   0.16351234 0.40255197
0.39558733 0.16921265 0.40816969
0.39867114 0.175047   0.41351782
0.40164364 0.18099087 0.41859871
0.40452109 0.18702482 0.42340625
0.40732347 0.19312521 0.42794402
0.41007031 0.19926867 0.43222487
0.41277938 0.20543381 0.43626838
0.41546635 0.21160198 0.44009825
0.41814394 0.21775817 0.44373997
0.42082189 0.22389112 0.44721875
0.42350745 0.22999274 0.45055842
0.42621122 0.23605254 0.45378464
0.42893164 0.24207239 0.45691219
0.43165932 0.24806729 0.45991973
0.43441559 0.25401242 0.46286477
0.43719237 0.25991616 0.46575389
0.44000009 0.26577021 0.46860807
0.44281651 0.27160276 0.47138026
0.44566372 0.27739016 0.47412593
0.44853712 0.2831362  0.47685812
0.45142407 0.28885962 0.47953637
0.4543398  0.29454525 0.48219966
0.45728455 0.30019126 0.48487166
0.46023692 0.30582674 0.48747907
0.46321949 0.31142436 0.49010476
0.46622134 0.31699978 0.49271042
0.46924661 0.3225499  0.49530929
0.47228933 0.32807898 0.49790792
0.47534507 0.33358936 0.5005177 
0.47840616 0.33908711 0.50313814
0.48148388 0.34456664 0.50577013
0.48456746 0.35003568 0.50841298
0.48766632 0.35548976 0.51106744
0.49077448 0.36093354 0.51373317
0.49389531 0.36636615 0.51641014
0.49702928 0.37178829 0.51909869
0.50017373 0.37720245 0.52179889
0.50333558 0.38260563 0.5245113 
0.50650635 0.38800349 0.52723548
0.50969655 0.39339105 0.5299722 
0.51289763 0.39877387 0.53272105
0.51611494 0.40414984 0.53548218
0.51934741 0.40952033 0.53825567
0.52259325 0.414887   0.54104183
0.52585912 0.42024702 0.54384116
0.52913682 0.42560543 0.54665334
0.53243583 0.43095793 0.54947903
0.53574905 0.43630892 0.55231777
0.53907967 0.44165739 0.55516969
0.54242974 0.44700287 0.55803544
0.54579377 0.45234873 0.56091492
0.54918244 0.45769019 0.5638088 
0.5525857  0.46303285 0.56671677
0.55600941 0.46837443 0.56963868
0.55945295 0.47371572 0.57257516
0.56291316 0.47905875 0.57552634
0.56639887 0.48439978 0.57849279
0.5699011  0.48974364 0.58147429
0.5734257  0.49508809 0.58447069
0.57697168 0.50043403 0.58748263
0.58053586 0.50578341 0.5905103 
0.58412745 0.51113237 0.59355424
0.58773731 0.51648567 0.59661413
0.59137034 0.52184151 0.59969001
0.59502747 0.52719984 0.60278268
0.59870412 0.53256318 0.60589221
0.60240921 0.53792788 0.60901912
0.606135   0.54329798 0.61216264
0.60988394 0.54867268 0.61532386
0.61366069 0.55405027 0.61850317
0.61745879 0.55943407 0.62170063
0.62128363 0.56482212 0.62491591
0.62513412 0.57021522 0.62815001
0.62900707 0.57561516 0.63140315
0.63291082 0.58101865 0.63467568
0.63683813 0.58642929 0.63796725
0.64079049 0.59184673 0.64127886
0.64477396 0.59726866 0.64461098
0.64878137 0.60269863 0.64796331
0.65281657 0.60813529 0.65133649
0.65688192 0.61357792 0.65473125
0.66096514 0.61903287 0.6581414 
0.66507104 0.62449697 0.66157989
0.66920236 0.62996894 0.66505101
0.67335118 0.63545396 0.66854168
0.67752168 0.64094985 0.67205856
0.68172178 0.64645226 0.67561428
0.68594075 0.651968   0.67919128
0.69018227 0.65749523 0.68279536
0.69444597 0.66303452 0.68642575
0.69874012 0.66858135 0.69009564
0.7030589  0.67413958 0.69379542
0.70740253 0.67970941 0.69752531
0.71177078 0.68529138 0.70128473
0.71616627 0.69088432 0.70507775
0.72058982 0.69648811 0.70890551
0.7250424  0.7021026  0.71276937
0.72952291 0.70772878 0.71666741
0.73403314 0.71336601 0.7206023 
0.73857979 0.71901081 0.72458463
0.74316094 0.72466469 0.72861109
0.7477768  0.73032793 0.73268184
0.75243415 0.73599705 0.73680754
0.75714279 0.74166689 0.74100364
0.76188288 0.74730253 0.7452568 
0.75655054 0.74215163 0.73864414
0.75189082 0.73678687 0.73133677
0.74729669 0.73143569 0.72391866
0.74275752 0.72609886 0.71641891
0.73826058 0.72077742 0.70887271
0.73380484 0.71547116 0.7012821 
0.72937782 0.71018118 0.69368156
0.72499111 0.70490583 0.68603734
0.72063068 0.69964644 0.67838843
0.71629899 0.69440244 0.67072697
0.71199476 0.68917368 0.66305574
0.70771858 0.68395981 0.65537224
0.70346921 0.67876068 0.64767911
0.69924442 0.67357629 0.63998188
0.69504346 0.66840646 0.63228184
0.69086753 0.66325075 0.62457473
0.6867154  0.65810904 0.61686319
0.6825846  0.65298137 0.60915345
0.67847563 0.64786742 0.60144319
0.67438795 0.64276699 0.59373319
0.67031892 0.63767959 0.58603605
0.66627755 0.63260233 0.57833932
0.66226748 0.62753394 0.57063608
0.65828155 0.62247584 0.56293912
0.65431914 0.61742793 0.55524838
0.65037845 0.6123903  0.5475672 
0.64646803 0.60736068 0.53987722
0.6425788  0.60234089 0.53219589
0.63870946 0.59733103 0.52452443
0.63486214 0.59233029 0.51685774
0.63104001 0.58733754 0.5091893 
0.62723635 0.58235427 0.50153014
0.62344795 0.57738088 0.49388739
0.61968749 0.57241396 0.48623374
0.61594279 0.56745634 0.47859231
0.61221108 0.56250834 0.47096909
0.60850555 0.55756637 0.46333541
0.60481417 0.55263325 0.45571435
0.60113456 0.54770925 0.44811121
0.59747902 0.54279089 0.44049894
0.59383472 0.53788131 0.43290239
0.59020514 0.53297926 0.42531407
0.58659313 0.52808363 0.41772746
0.58299012 0.52319656 0.41015825
0.57940618 0.51831493 0.40258491
0.57583342 0.51344066 0.39502256
0.57226944 0.50857407 0.38747592
0.5687233  0.50371235 0.37992432
0.56518264 0.49885875 0.3723922 
0.56165877 0.49400967 0.36485491
0.55814243 0.48916753 0.35733057
0.5546353  0.48433151 0.3498148 
0.55113986 0.47950055 0.34230106
0.54764787 0.4746769  0.33480516
0.54417217 0.46985628 0.32729847
0.54069724 0.4650432  0.3198126 
0.53723589 0.46023333 0.31231868
0.53377703 0.45542986 0.30483897
0.53032696 0.45063047 0.29735829
0.52688184 0.44583608 0.28988321
0.52344077 0.44104663 0.28241423
0.5200065  0.43626094 0.2749431 
0.51657321 0.43148061 0.26748065
0.51314807 0.42670291 0.26000873
0.50972083 0.42193099 0.2525481 
0.50630245 0.41716076 0.24507138
0.50287938 0.41239659 0.23760688
0.4994654  0.40763332 0.23012001
0.49604462 0.40287622 0.22264449
0.49263262 0.39811939 0.2151404 
0.4892122  0.39336871 0.20764469
0.48579978 0.38861782 0.20011399
0.48239525 0.38386685 0.19253348
0.47898756 0.37911411 0.18502272
0.47560493 0.37435388 0.17740842
0.47222178 0.36959023 0.16984489
0.46886006 0.3648182  0.16219329
0.46550467 0.36004002 0.15454505
0.46216816 0.35525141 0.14683334
0.45885119 0.35045169 0.13903914
0.4555381  0.34564359 0.13125862
0.45224646 0.34082206 0.12336903
0.44898131 0.33598263 0.11537096
0.44572405 0.33113036 0.10734899
0.44249736 0.32625624 0.09917642
0.43929549 0.32136075 0.09086432
0.4361305  0.31643617 0.08237108
0.43299327 0.31148337 0.07374067
0.42989643 0.3064946  0.06489865
0.42684933 0.30146221 0.05579393
0.42385631 0.2963795  0.04641675
0.42091723 0.29124018 0.03686547
0.41803907 0.28603583 0.02810112
0.41519625 0.28077294 0.02068195
0.41230777 0.27548883 0.01492508
0.40927193 0.2702442  0.01081914
0.40600207 0.26509913 0.00814535
0.40247272 0.26008012 0.00659207
0.39871703 0.25517957 0.00575479
0.39477931 0.25037843 0.0053669 
0.39069226 0.24566096 0.00528519
0.38648571 0.24101122 0.00541785
0.38218158 0.23641745 0.0056937 
0.3777956  0.23187154 0.00604839
0.37334265 0.22736475 0.00644776
0.36883435 0.22288994 0.00686952
0.36427351 0.21844301 0.00737287
0.35970238 0.2139995  0.00781018
0.3551234  0.20955585 0.00821537
0.35053456 0.20511332 0.00857399
0.34593598 0.20067083 0.00889432
0.34132472 0.19623062 0.00915388
0.33670203 0.1917903  0.00937327
0.33206729 0.18734946 0.00955396
0.3274202  0.18290731 0.00970065
0.32275959 0.17846398 0.00980986
0.31808471 0.1740191  0.00988247
0.31339483 0.16957224 0.00991986
0.30868985 0.16512213 0.00992926
0.30396872 0.16066856 0.00990938
0.29922953 0.15621232 0.00985226
0.29447175 0.15175244 0.00976255
0.28969698 0.14728532 0.00966155
0.28490012 0.14281539 0.00951712
0.28008445 0.13833674 0.00936414
0.27524691 0.13385114 0.00918766
0.2703886  0.12935502 0.00900479
0.26551726 0.12483598 0.00887837
