0.12792763 0.02229164 0.15670404
0.13158307 0.02446874 0.1617488 
0.1352098  0.02675112 0.16673528
0.13881477 0.02912008 0.17170859
0.14240048 0.03157059 0.17668011
0.14596831 0.03410096 0.18165317
0.14951897 0.03671167 0.18662656
0.15305388 0.03940033 0.19160476
0.15657359 0.04211834 0.19658597
0.160079   0.0447967  0.20157168
0.16357078 0.04744725 0.20656166
0.16705032 0.05006901 0.21156152
0.17051781 0.05266522 0.21656815
0.17397335 0.05523912 0.22157803
0.17741917 0.05778594 0.22660367
0.18085384 0.06031399 0.23163065
0.18427999 0.06281678 0.23667469
0.18769642 0.06530123 0.24172368
0.19110428 0.06776583 0.24678276
0.19450468 0.07020915 0.25185688
0.19789718 0.07263493 0.25693993
0.20128232 0.07504337 0.26203312
0.20466097 0.07743348 0.26714008
0.20803364 0.07980544 0.27226192
0.2114003  0.08216115 0.27739596
0.21476138 0.08450077 0.28254309
0.21811722 0.08682485 0.28770335
0.22146825 0.08913339 0.2928779 
0.22481486 0.09142658 0.29806734
0.22815726 0.09370509 0.3032713 
0.2314959  0.09596877 0.30849103
0.23483108 0.09821791 0.31372682
0.23816306 0.10045279 0.31897892
0.24149217 0.10267357 0.32424779
0.24482684 0.1048771  0.32952055
0.24817204 0.10705456 0.33481193
0.25152875 0.10920556 0.34012238
0.25489786 0.11132982 0.34545191
0.25828032 0.11342706 0.35080049
0.26167705 0.11549692 0.35616814
0.26508903 0.11753901 0.36155481
0.26851736 0.11955252 0.3669612 
0.27196311 0.12153731 0.37238603
0.27542773 0.12349292 0.37782778
0.27891193 0.12541838 0.38328857
0.28241648 0.12731377 0.38876689
0.28594278 0.12917773 0.3942639 
0.28949157 0.1310104  0.39977785
0.29306415 0.13281064 0.40530919
0.29666153 0.13457804 0.41085701
0.3002858  0.13631217 0.41641724
0.30393797 0.13801215 0.42199003
0.30761837 0.13967738 0.42757661
0.31132797 0.14130743 0.4331757 
0.315068   0.14290175 0.43878559
0.31884169 0.14446006 0.44439817
0.32264772 0.1459818  0.45001865
0.32648697 0.14746663 0.45564532
0.33036197 0.14891454 0.46127091
0.33427327 0.1503254  0.46689397
0.33822012 0.15169914 0.47251624
0.34220512 0.15303607 0.47812921
0.34622822 0.15433681 0.48373057
0.35028811 0.15560176 0.48932215
0.35438842 0.15683204 0.49489021
0.35852624 0.15802835 0.50044004
0.36270231 0.15919228 0.50596445
0.36691734 0.16032534 0.51145665
0.37116817 0.16142906 0.51692046
0.37545826 0.16250593 0.52233894
0.37978231 0.16355758 0.52772164
0.38414254 0.1645869  0.53305424
0.38853553 0.16559603 0.53833998
0.39296083 0.16658784 0.54357221
0.39741715 0.16756502 0.54874713
0.40190142 0.16853012 0.55386651
0.40641468 0.16948634 0.5589191 
0.41095161 0.17043584 0.56391416
0.41551441 0.17138177 0.5688378 
0.42009818 0.17232622 0.57369857
0.42470249 0.17327164 0.57849184
0.42932656 0.17422038 0.58321439
0.4339664  0.17517421 0.58787353
0.43862375 0.17613526 0.59245962
0.4432935  0.17710674 0.59697984
0.44797735 0.17808449 0.60144048
0.45267009 0.17908429 0.60581783
0.45737599 0.18009553 0.61012714
0.46208991 0.18113261 0.61434822
0.46681175 0.18219572 0.61848205
0.47153844 0.18329313 0.62251809
0.47626816 0.18442933 0.6264519 
0.48099722 0.18561319 0.63027348
0.48572465 0.18684624 0.63398319
0.49044368 0.18814454 0.6375626 
0.49515582 0.18950216 0.64102293
0.49985197 0.19094021 0.64434013
0.50453262 0.19245419 0.64752448
0.50919388 0.19405065 0.65057191
0.51382855 0.19574424 0.65346791
0.51843799 0.19752682 0.65622818
0.52301663 0.19940816 0.65884457
0.52756106 0.2013921  0.66131668
0.5320724  0.20347067 0.6636594 
0.53654452 0.20565483 0.66586195
0.54097912 0.20793535 0.66793997
0.54537584 0.21030879 0.66990071
0.54973082 0.2127807  0.67173889
0.55404967 0.21533319 0.67348025
0.55832617 0.21797851 0.67510903
0.56256808 0.22069435 0.67665629
0.56677025 0.22349128 0.67810702
0.57094029 0.22634803 0.67949112
0.57507254 0.22927712 0.68078971
0.57917507 0.2322572  0.68203253
0.58324565 0.23529316 0.6832109 
0.58728697 0.23837729 0.68433517
0.59130272 0.24150055 0.68541716
0.59529028 0.2446688  0.68644673
0.59925436 0.24787088 0.68743898
0.60319715 0.25110188 0.68840004
0.60711872 0.25436182 0.68932859
0.61101926 0.2576505  0.69022357
0.61490259 0.26095978 0.69109625
0.61876977 0.26428758 0.69194912
0.62262194 0.26763197 0.6927842 
0.62645977 0.27099235 0.69360105
0.63028329 0.27436888 0.69439904
0.52522067 0.43078967 0.094313  
0.52824628 0.4339023  0.09465863
0.53127457 0.43701984 0.09499572
0.53430559 0.44014237 0.09532299
0.53733936 0.44326999 0.09563923
0.54037591 0.44640279 0.09594386
0.54341533 0.44954075 0.0962378 
0.54645768 0.45268386 0.09652347
0.54950298 0.45583226 0.09679797
0.55255126 0.45898604 0.09706061
0.55560259 0.46214519 0.09731207
0.55865698 0.46530982 0.09755168
0.56171457 0.46847983 0.09778312
0.56477532 0.47165541 0.09800237
0.56783929 0.4748366  0.09820991
0.57090652 0.47802347 0.09840506
0.57397706 0.48121604 0.09858827
0.577051   0.48441429 0.09876179
0.58012833 0.48761835 0.09892361
0.58320912 0.49082827 0.09907325
0.58629337 0.49404412 0.09920996
0.58938117 0.49726595 0.09933422
0.59247253 0.5004938  0.09944561
0.59556752 0.50372767 0.09954619
0.59866619 0.50696764 0.09963488
0.60176856 0.51021379 0.09971032
0.60487465 0.5134662  0.09977212
0.60798453 0.51672489 0.09982072
0.61109823 0.51998992 0.09985586
0.61421578 0.52326137 0.09987694
0.61733726 0.5265392  0.09988609
0.62046269 0.52982352 0.09988222
0.6235921  0.53311439 0.09986411
0.62672552 0.53641189 0.09983142
0.629863   0.53971605 0.09978423
0.63300458 0.54302693 0.09972232
0.63615029 0.54634459 0.09964562
0.63930017 0.54966908 0.0995537 
0.64245425 0.55300047 0.09944638
0.64561259 0.55633877 0.09932448
0.64877523 0.55968405 0.09918797
0.65194219 0.56303637 0.09903554
0.6551135  0.56639581 0.09886694
0.6582892  0.56976241 0.0986819 
0.66146932 0.57313625 0.09848   
0.6646539  0.57651737 0.09826111
0.66784298 0.57990583 0.098025  
0.67103658 0.5833017  0.09777136
0.67423474 0.58670501 0.09749993
0.6774375  0.59011584 0.09721043
0.68064488 0.59353426 0.09690228
0.68385691 0.59696031 0.09657535
0.68707363 0.60039405 0.09622931
0.69029508 0.60383554 0.09586382
0.69352127 0.60728485 0.09547851
0.69675225 0.61074204 0.09507301
0.69998804 0.61420716 0.09464685
0.70322868 0.61768028 0.09419968
0.70647417 0.62116146 0.09373098
0.70972455 0.62465078 0.09323991
0.71297985 0.62814829 0.09272627
0.71624011 0.63165404 0.09218969
0.71950534 0.63516812 0.09162967
0.72277555 0.63869058 0.09104518
0.72605079 0.6422215  0.0904357 
0.72933107 0.64576093 0.08980098
0.73261641 0.64930896 0.08913968
0.73590353 0.65286703 0.08845834
0.73919042 0.65643603 0.08776285
0.74247683 0.66001615 0.0870519 
0.74576255 0.6636075  0.08632854
0.74904706 0.66721035 0.08559578
0.75233056 0.67082471 0.08485054
0.75561275 0.67445081 0.08409141
0.75889351 0.67808873 0.08332055
0.76217254 0.6817387  0.08253678
0.76544963 0.68540085 0.0817412 
0.76872409 0.68907545 0.08094123
0.77199572 0.69276269 0.08013653
0.77526453 0.69646267 0.07932207
0.77853026 0.70017557 0.07849925
0.78179262 0.70390158 0.07766874
0.7850502  0.70764114 0.07684869
0.78830367 0.71139424 0.07602414
0.79155267 0.71516108 0.07519613
0.79479633 0.71894201 0.07437425
0.79803392 0.72273731 0.07356601
0.80126578 0.72654706 0.07276015
0.80449094 0.73037161 0.07196753
0.80770842 0.73421135 0.07119915
0.81091874 0.73806628 0.07044124
0.81412009 0.74193697 0.06971851
0.81731259 0.74582358 0.06902108
0.8204955  0.74972639 0.06835792
0.82366761 0.75364587 0.06774257
0.82682889 0.75758218 0.06716643
0.82997763 0.76153587 0.06665626
0.83311391 0.76550709 0.06620115
0.83623599 0.76949644 0.06582267
0.83934333 0.77350419 0.06552463
0.84243526 0.77753067 0.06530953
0.84550949 0.78157659 0.06521118
0.84856617 0.7856421  0.06521417
0.85160367 0.78972776 0.06533885
0.85462009 0.79383414 0.06561477
0.85761481 0.79796163 0.0660328 
0.86058661 0.80211061 0.06661084
0.86353368 0.80628173 0.06736231
0.86645406 0.81047554 0.06831588
0.86934674 0.81469243 0.06947378
0.87221013 0.81893291 0.07084839
0.87504241 0.82319757 0.07245259
0.87786213 0.82747998 0.07414305
0.88068511 0.8317746  0.07581677
0.88351144 0.83608149 0.0774748 
0.8863419  0.84040037 0.07912164
0.88917621 0.84473147 0.08075617
0.89201285 0.84907562 0.08237099
0.89485455 0.85343162 0.08398037
0.89769878 0.85780076 0.08557179
0.90054649 0.8621827  0.0871504 
0.90339806 0.86657735 0.08871835
0.9062528  0.87098515 0.09027251
0.90911046 0.87540631 0.09181191
0.9119705  0.87984117 0.09333426
0.9148323  0.88429013 0.09483688
0.91769339 0.88875442 0.0963084 
0.92052909 0.89324548 0.09763257
