0.12792763 0.02229164 0.15670404
0.13158307 0.02446874 0.1617488 
0.1352098  0.02675112 0.16673528
0.13881477 0.02912008 0.17170859
0.14240048 0.03157059 0.17668011
0.14596831 0.03410096 0.18165317
0.14951897 0.03671167 0.18662656
0.15305388 0.03940033 0.19160476
0.15657359 0.04211834 0.19658597
0.160079   0.0447967  0.20157168
0.16357078 0.04744725 0.20656166
0.16705032 0.05006901 0.21156152
0.17051781 0.05266522 0.21656815
0.17397335 0.05523912 0.22157803
0.17741917 0.05778594 0.22660367
0.18085384 0.06031399 0.23163065
0.18427999 0.06281678 0.23667469
0.18769642 0.06530123 0.24172368
0.19110428 0.06776583 0.24678276
0.19450468 0.07020915 0.25185688
0.19789718 0.07263493 0.25693993
0.20128232 0.07504337 0.26203312
0.20466097 0.07743348 0.26714008
0.20803364 0.07980544 0.27226192
0.2114003  0.08216115 0.27739596
0.21476138 0.08450077 0.28254309
0.21811722 0.08682485 0.28770335
0.22146825 0.08913339 0.2928779 
0.22481486 0.09142658 0.29806734
0.22815726 0.09370509 0.3032713 
0.2314959  0.09596877 0.30849103
0.23483108 0.09821791 0.31372682
0.23816306 0.10045279 0.31897892
0.24149217 0.10267357 0.32424779
0.24482684 0.1048771  0.32952055
0.24817204 0.10705456 0.33481193
0.25152875 0.10920556 0.34012238
0.25489786 0.11132982 0.34545191
0.25828032 0.11342706 0.35080049
0.26167705 0.11549692 0.35616814
0.26508903 0.11753901 0.36155481
0.26851736 0.11955252 0.3669612 
0.27196311 0.12153731 0.37238603
0.27542773 0.12349292 0.37782778
0.27891193 0.12541838 0.38328857
0.28241648 0.12731377 0.38876689
0.28594278 0.12917773 0.3942639 
0.28949157 0.1310104  0.39977785
0.29306415 0.13281064 0.40530919
0.29666153 0.13457804 0.41085701
0.3002858  0.13631217 0.41641724
0.30393797 0.13801215 0.42199003
0.30761837 0.13967738 0.42757661
0.31132797 0.14130743 0.4331757 
0.315068   0.14290175 0.43878559
0.31884169 0.14446006 0.44439817
0.32264772 0.1459818  0.45001865
0.32648697 0.14746663 0.45564532
0.33036197 0.14891454 0.46127091
0.33427327 0.1503254  0.46689397
0.33822012 0.15169914 0.47251624
0.34220512 0.15303607 0.47812921
0.34622822 0.15433681 0.48373057
0.35028811 0.15560176 0.48932215
0.12051436 0.30665193 0.09475201
0.12206092 0.30988566 0.09614119
0.12359808 0.31312125 0.09752344
0.12512802 0.31635837 0.09890149
0.12664816 0.31959764 0.10027217
0.12815988 0.32283889 0.10163721
0.12966365 0.32608212 0.10299722
0.13115777 0.32932777 0.10435013
0.1326443  0.33257552 0.10569851
0.13412237 0.33582566 0.10704127
0.13559071 0.33907849 0.10837699
0.13705238 0.34233355 0.10970933
0.13850488 0.34559138 0.11103537
0.13994794 0.34885213 0.11235479
0.14138469 0.3521153  0.11367141
0.14281191 0.35538157 0.1149814 
0.14423018 0.35865091 0.11628547
0.14564173 0.361923   0.11758643
0.14704393 0.3651984  0.11888107
0.14843729 0.36847709 0.1201701 
0.14982385 0.37175878 0.12145605
0.15120114 0.375044   0.12273593
0.15256943 0.37833277 0.12401023
0.15393101 0.38162474 0.1252817 
0.15528315 0.3849205  0.12654714
0.15662625 0.38822003 0.12780708
0.1579629  0.39152294 0.12906464
0.15929009 0.39482984 0.13031636
0.16060798 0.39814077 0.13156244
0.16191947 0.40145528 0.13280645
0.16322163 0.40477396 0.13404497
0.16451432 0.4080969  0.13527792
0.16579982 0.41142375 0.13650808
0.16707681 0.41475483 0.1377339 
0.1683443  0.41809036 0.13895435
0.16960364 0.42143017 0.14017108
0.17085516 0.42477426 0.14138461
0.17209701 0.42812303 0.14259286
0.17332945 0.43147648 0.14379615
0.17455543 0.43483415 0.14499801
0.17577159 0.43819669 0.14619473
0.17697806 0.44156415 0.14738648
0.17817632 0.4449363  0.1485751 
0.17936647 0.4483132  0.14976076
0.18054682 0.4516952  0.15094164
0.18171708 0.4550824  0.15211761
0.18288018 0.45847434 0.15329199
0.184034   0.46187145 0.15446246
0.18517738 0.46527398 0.15562803
0.18631105 0.46868186 0.15678942
0.18743771 0.47209467 0.15794982
0.18855374 0.47551308 0.15910549
0.18965982 0.47893704 0.16025705
0.19075586 0.48236661 0.16140459
0.19184397 0.48580146 0.16255082
0.19292197 0.48924204 0.16369314
0.1939894  0.49268846 0.16483132
0.19504613 0.49614079 0.1659654 
0.19609487 0.49959862 0.16709838
0.19713304 0.50306243 0.16822776
0.19816062 0.50653227 0.16935347
0.19917716 0.51000827 0.1704753 
0.20018381 0.51349027 0.17159456
0.20118103 0.51697824 0.17271208
0.15496737 0.47088572 0.75296522
0.15834873 0.47451362 0.75338813
0.16161836 0.47814199 0.75386602
0.16477791 0.48177146 0.75439928
0.16782722 0.48540272 0.75498875
0.17075511 0.48903679 0.75564109
0.17357492 0.49267393 0.75634975
0.17628675 0.49631477 0.75711499
0.17889051 0.49995988 0.75793727
0.18137346 0.50361026 0.75882373
0.18374272 0.50726622 0.75977065
0.18600147 0.51092824 0.760776  
0.18814881 0.51459676 0.76184056
0.19016475 0.51827306 0.76297479
0.19206564 0.52195705 0.76416913
0.19385029 0.52564909 0.7654246 
0.19550324 0.52935028 0.76674846
0.19702803 0.53306087 0.76813829
0.19842979 0.53678093 0.76959114
0.19969313 0.54051156 0.77111364
0.2008182  0.54425297 0.77270541
0.20181143 0.54800519 0.77436191
0.2026542  0.55176928 0.7760917 
0.20335051 0.55554528 0.77789143
0.20390501 0.55933312 0.7797578 
0.20429096 0.56313426 0.78170227
0.20452449 0.56694799 0.78371556
0.20459773 0.57077474 0.78579993
0.20449161 0.57461554 0.78796222
0.20422185 0.57846953 0.79019344
0.20376555 0.58233784 0.79250176
0.20312412 0.58622028 0.79488413
0.20230048 0.59011656 0.79733685
0.20126192 0.59402814 0.79987117
0.20002889 0.59795375 0.80247527
0.19857893 0.60189422 0.80515523
0.19690245 0.60584966 0.8079113 
0.19500582 0.60981938 0.81073691
0.19285012 0.61380478 0.81364287
0.19044855 0.61780469 0.81661916
0.18779366 0.62181947 0.8196591 
0.18520013 0.62583603 0.82263323
0.18270384 0.62985313 0.82553088
0.18037428 0.6338673  0.82833737
0.17821117 0.63787873 0.83105959
0.17624268 0.64188608 0.83369698
0.17452638 0.64588669 0.83624134
0.1730371  0.64988191 0.83870716
0.17187726 0.65386691 0.84107554
0.17099828 0.65784408 0.84336694
0.17047366 0.66180996 0.8455701 
0.17029631 0.66576484 0.84769404
0.17048239 0.66970782 0.84974108
0.17106901 0.67363697 0.85170788
0.17201    0.67755412 0.85361052
0.17338318 0.68145522 0.85543433
0.17511494 0.68534326 0.85719969
0.17722765 0.68921656 0.85890376
0.17972188 0.69307448 0.86054742
0.18254247 0.69691901 0.86214423
0.18571927 0.70074787 0.8636874 
0.18920956 0.7045625  0.86518578
0.19297492 0.70836404 0.86664807
0.19702786 0.71215113 0.86806942
0.71811417 0.64514735 0.12445851
0.72135153 0.64869632 0.12443198
0.72459408 0.65225378 0.12439346
0.72784186 0.65581979 0.1243428 
0.7310949  0.65939441 0.12427983
0.73435324 0.6629777  0.12420487
0.73761691 0.66656971 0.12411799
0.74088595 0.67017053 0.1240183 
0.7441604  0.6737802  0.1239056 
0.74744031 0.6773988  0.12377981
0.7507257  0.68102639 0.12364074
0.75401661 0.68466303 0.12348815
0.75731309 0.68830878 0.12332197
0.76061518 0.6919637  0.123142  
0.7639229  0.69562787 0.12294806
0.76723629 0.69930134 0.12273993
0.7705554  0.70298418 0.12251739
0.77388026 0.70667645 0.12228022
0.7772109  0.71037823 0.12202824
0.78054737 0.71408958 0.12176127
0.78388969 0.71781055 0.12147906
0.78723792 0.72154123 0.12118138
0.79059207 0.72528168 0.12086795
0.7939522  0.72903196 0.12053853
0.79731833 0.73279215 0.12019285
0.80069051 0.73656231 0.1198307 
0.80406876 0.7403425  0.11945187
0.80745313 0.74413281 0.11905614
0.81084365 0.7479333  0.11864283
0.81424035 0.75174405 0.11821178
0.81764327 0.75556512 0.1177626 
0.82105246 0.75939659 0.11729506
0.82446708 0.76323916 0.11679231
0.82788926 0.76709175 0.11627029
0.83131894 0.7709545  0.11572595
0.83475615 0.7748275  0.11515815
0.83820101 0.77871079 0.11456734
0.84165344 0.78260452 0.11395047
0.84511356 0.78650871 0.11330811
0.84858132 0.79042352 0.1126372 
0.85205683 0.79434897 0.11193801
0.85553998 0.79828527 0.11120631
0.85903151 0.80223197 0.11045538
0.86253108 0.80618943 0.10967659
0.8660384  0.810158   0.10886101
0.86955347 0.81413779 0.10800635
0.8730776  0.81812793 0.10713926
0.87660923 0.8221297  0.10622281
0.88014929 0.82614254 0.1052751 
0.88369776 0.83016656 0.1042933 
0.88725444 0.83420205 0.10326989
0.89081947 0.83824901 0.10220545
0.89439337 0.84230719 0.10110929
0.8979754  0.84637724 0.09996073
0.90156586 0.85045907 0.09876335
0.90516506 0.85455256 0.0975217 
0.90877302 0.85865784 0.09623244
0.91238981 0.86277497 0.09489379
0.91601491 0.86690445 0.09348783
0.91964875 0.8710461  0.09202129
0.923291   0.87520028 0.09047998
0.92694098 0.87936761 0.08883925
0.93059887 0.88354808 0.08709612
0.93425416 0.88774947 0.08492999
