0.1699023  0.00487924 0.00163366
0.17498223 0.0056718  0.00184624
0.1800312  0.00650772 0.00207154
0.18506182 0.00737344 0.00230289
0.19007782 0.00826509 0.00253821
0.19507957 0.00918275 0.00277735
0.20006894 0.01012446 0.00301916
0.20504683 0.01108944 0.00326305
0.2100143  0.01207659 0.00350832
0.21497252 0.01308456 0.00375412
0.21992185 0.01411308 0.00400016
0.22487432 0.01513879 0.00426722
0.22983101 0.01615678 0.004567  
0.23479133 0.01716714 0.00489784
0.23975314 0.01817275 0.00525877
0.24471485 0.01917591 0.00564893
0.24967842 0.02017249 0.00606756
0.2546415  0.0211663  0.00651411
0.2596043  0.02215656 0.00698825
0.26456813 0.02314026 0.00748957
0.2695323  0.02411828 0.00801781
0.27449704 0.02508973 0.00857267
0.27946217 0.02605452 0.00915429
0.28442832 0.02701097 0.00976229
0.28939556 0.02795844 0.01039666
0.29436499 0.028894   0.01105732
0.29933618 0.02981811 0.0117443 
0.30430902 0.03073058 0.01245759
0.30928359 0.03163076 0.01319719
0.3142619  0.03251332 0.01396289
0.31924283 0.03338039 0.01475484
0.32422572 0.03423315 0.01557337
0.32921392 0.03506253 0.0164178 
0.33420399 0.03587679 0.01728896
0.33919946 0.03666611 0.01818619
0.34419774 0.03743681 0.01911006
0.34920168 0.03818049 0.02006022
0.35420872 0.03890365 0.02103706
0.35922258 0.03959511 0.02204009
0.36424032 0.04026261 0.02306986
0.36926351 0.04089187 0.02412636
0.37429274 0.04148195 0.02520937
0.37932678 0.04203952 0.02631924
0.38436764 0.04255876 0.02745572
0.38941485 0.04304114 0.02861891
0.39446618 0.04349589 0.02979294
0.39952446 0.04391754 0.03095537
0.40458961 0.04430676 0.03210227
0.40966234 0.04466102 0.0332338 
0.41474245 0.04498114 0.03434654
0.41982933 0.04526958 0.03543469
0.42492384 0.04552299 0.03649964
0.43002573 0.04574236 0.03753759
0.43513433 0.04593027 0.0385427 
0.44025048 0.04608324 0.03951672
0.44537366 0.04620332 0.04045444
0.45050354 0.04629164 0.04133146
0.45564077 0.04634531 0.04216018
0.4607843  0.04636851 0.04293521
0.46593462 0.04635902 0.0436587 
0.47109178 0.04631625 0.04433072
0.47625462 0.04624502 0.04494563
0.48142416 0.04614049 0.04550851
0.48659926 0.04600739 0.04601392
0.49178021 0.04584421 0.04646305
0.49696697 0.04565072 0.04685593
0.50215846 0.04543165 0.04718747
0.50735575 0.0451817  0.04746238
0.51255714 0.04490861 0.04767321
0.51776355 0.04460769 0.04782433
0.5229741  0.04428296 0.04791157
0.52818861 0.04393515 0.04793419
0.53340725 0.04356318 0.0478928 
0.53862881 0.04317321 0.0477817 
0.54385431 0.04275964 0.04760597
0.54908182 0.04233294 0.04735582
0.55431267 0.04188578 0.04703763
0.5595454  0.04142642 0.04664382
0.56478045 0.0409525  0.04617617
0.57001725 0.04046754 0.0456312 
0.57525538 0.03996806 0.04500583
0.58049515 0.03946215 0.04430087
0.58573524 0.03895908 0.0435079 
0.59097682 0.03845224 0.04263159
0.59621798 0.03795456 0.04165944
0.60145998 0.03745879 0.04059632
0.60670156 0.03697391 0.03942254
0.61194303 0.03649904 0.03816479
0.61718422 0.03603625 0.03682655
0.62242431 0.03559217 0.03540448
0.62766676 0.03514837 0.03389744
0.63290146 0.03476035 0.03233381
0.63814127 0.03436081 0.03067637
0.64337092 0.03403777 0.02894953
0.648597   0.03375965 0.0271235 
0.65381299 0.0335692  0.02519422
0.6590099  0.03352621 0.02315806
0.66417915 0.03369299 0.0209953 
0.66930819 0.03416031 0.01867883
0.67435883 0.03518129 0.01620767
0.67927701 0.03712622 0.01354697
0.6839028  0.04102868 0.0108007 
0.68789847 0.04844773 0.00864669
0.6911277  0.05900363 0.00845098
0.69399462 0.06992176 0.01002911
0.69673374 0.08021231 0.01265246
0.69941801 0.08980225 0.0159521 
0.70206458 0.09880641 0.01978014
0.70468706 0.10730887 0.02404162
0.70728827 0.11539656 0.02869827
0.70986987 0.12313624 0.03372473
0.71243572 0.13057282 0.0390994 
0.71498157 0.13776025 0.04462518
0.71751198 0.14472156 0.05003696
0.72002688 0.15148555 0.05535499
0.72252578 0.15807664 0.06059251
0.72500628 0.16451906 0.06576569
0.7274723  0.17082114 0.07087219
0.72992072 0.17700682 0.07587461
0.73235226 0.18308794 0.08075841
0.73476781 0.18907241 0.08554099
0.73716773 0.19496834 0.09023282
0.73955216 0.20078344 0.09484042
0.7419213  0.20652433 0.099371  
0.7442759  0.21219573 0.1038336 
0.74661624 0.21780278 0.10823372
0.74894239 0.22335064 0.1125736 
0.75125483 0.22884313 0.11685771
0.14982894 0.4651253  0.78897015
0.15244875 0.46886153 0.78958004
0.1550885  0.4725902  0.79020973
0.15776187 0.47630876 0.79086654
0.16045219 0.48002083 0.79154175
0.16315865 0.48372686 0.7922348 
0.16589511 0.48742409 0.79295377
0.1686463  0.49111583 0.79369081
0.17141159 0.49480245 0.79444561
0.17420189 0.49848197 0.7952235 
0.17700641 0.50215671 0.79601945
0.17982324 0.50582727 0.79683249
0.18265985 0.50949229 0.79766658
0.18551228 0.51315278 0.79851969
0.18837544 0.51681004 0.79938881
0.19125166 0.52046375 0.80027528
0.1941471  0.52411278 0.80118251
0.19705248 0.52775927 0.80210549
0.19996766 0.53140342 0.80304407
0.20289871 0.53504416 0.80400138
0.20584322 0.53868216 0.80497606
0.20879695 0.5423185  0.80596573
0.21175988 0.54595337 0.80697024
0.21473865 0.54958554 0.80799303
0.21772894 0.5532161  0.80903161
0.22072818 0.55684578 0.81008444
0.22373644 0.56047474 0.81115139
0.22675772 0.56410231 0.81223432
0.22979221 0.5677286  0.81333322
0.23283579 0.57135467 0.8144457 
0.23588862 0.57498066 0.81557163
0.23895088 0.57860668 0.81671089
0.24202765 0.58223183 0.81786594
0.245116   0.58585689 0.81903493
0.24821416 0.58948241 0.82021669
0.2513224  0.59310849 0.82141112
0.25444091 0.59673529 0.8226178 
0.25756996 0.60036293 0.8238365 
0.26071524 0.60399029 0.8250702 
0.26387158 0.60761863 0.82631591
0.26703933 0.61124806 0.82757343
0.27021858 0.61487882 0.8288417 
0.27341005 0.6185108  0.83012151
0.2766142  0.62214405 0.83141283
0.27983123 0.62577877 0.8327147 
0.28306173 0.62941496 0.83402722
0.2863084  0.63305212 0.83535183
0.28956974 0.63669089 0.83668621
0.29284591 0.64033123 0.83803109
0.29613726 0.64397334 0.83938533
0.29944452 0.64761713 0.84074936
0.30276818 0.65126275 0.84212226
0.30610901 0.6549101  0.84350438
0.30946756 0.65855932 0.84489478
0.31284474 0.66221024 0.84629412
0.31624111 0.66586302 0.84770111
0.31965754 0.66951758 0.84911589
0.3230949  0.67317387 0.85053833
0.326554   0.67683191 0.85196774
0.33003573 0.6804917  0.85340359
0.3335411  0.68415312 0.85484585
0.33707252 0.68781582 0.8562947 
0.34063198 0.69147952 0.85775012
0.34421878 0.69514458 0.85921061
0.34783411 0.69881089 0.86067573
0.35147924 0.70247835 0.86214499
0.35515549 0.70614686 0.86361761
0.3588647  0.70981615 0.86509343
0.36261484 0.71348462 0.86657473
0.36640338 0.71715304 0.86805867
0.37023607 0.72082084 0.86954201
0.374115   0.72448753 0.87102558
0.37804932 0.7281514  0.87251006
0.38203118 0.73181401 0.87399354
0.38606149 0.7354751  0.87547657
0.39015183 0.73913254 0.87695946
0.39429476 0.74278763 0.87844172
0.39849045 0.74644039 0.87992241
0.40275222 0.75008814 0.88140343
0.40706865 0.75373308 0.88288272
0.41144882 0.75737335 0.88436137
0.41589282 0.76100883 0.88583933
0.42039933 0.76463968 0.88731628
0.42497704 0.76826411 0.8887929 
0.4296185  0.77188342 0.8902686 
0.43433561 0.77549506 0.89174478
0.43912001 0.77910057 0.89322065
0.44398179 0.78269768 0.89469766
0.44891645 0.78628709 0.89617565
0.45392736 0.78986787 0.89765547
0.45901872 0.79343888 0.89913808
0.46418414 0.79700116 0.90062352
0.46943529 0.80055192 0.90211411
0.47476469 0.80409239 0.90361009
0.48017189 0.80762234 0.90511226
0.48566688 0.81113917 0.90662342
0.49124084 0.81464437 0.90814404
0.49689334 0.81813763 0.9096756 
0.5026284  0.82161756 0.91122065
0.50844443 0.82508405 0.91278084
0.5143362  0.82853776 0.91435784
0.52030214 0.83197857 0.91595371
0.52634391 0.83540559 0.91757103
0.53245835 0.83881902 0.91921204
0.53863937 0.8422198  0.92087841
0.5448837  0.84560822 0.9225724 
0.55118793 0.84898463 0.92429614
0.55755424 0.85234806 0.92605249
0.56397234 0.85570059 0.92784259
0.57043805 0.8590429  0.92966824
0.57693242 0.86238114 0.9315134 
0.58339401 0.86573007 0.93337732
0.58982307 0.86908995 0.93526083
0.59622372 0.87246042 0.93716192
0.60259689 0.87584163 0.9390808 
0.60894412 0.87923359 0.94101723
0.61526341 0.88263692 0.94297357
0.6215598  0.88605105 0.94494686
0.62783638 0.88947571 0.94693553
0.63408609 0.89291236 0.94894572
0.64031786 0.89635972 0.95097134
0.64653006 0.89981832 0.95301434
0.6527236  0.90328824 0.95507468
0.6589026  0.90676898 0.95714978
0.66506474 0.91026118 0.95924207
0.67121408 0.91376433 0.96134893
0.67735789 0.91727734 0.96346508
0.68354906 0.92079081 0.96554815
