0.1699023  0.00487924 0.00163366
0.17498223 0.0056718  0.00184624
0.1800312  0.00650772 0.00207154
0.18506182 0.00737344 0.00230289
0.19007782 0.00826509 0.00253821
0.19507957 0.00918275 0.00277735
0.20006894 0.01012446 0.00301916
0.20504683 0.01108944 0.00326305
0.2100143  0.01207659 0.00350832
0.21497252 0.01308456 0.00375412
0.21992185 0.01411308 0.00400016
0.22487432 0.01513879 0.00426722
0.22983101 0.01615678 0.004567  
0.23479133 0.01716714 0.00489784
0.23975314 0.01817275 0.00525877
0.24471485 0.01917591 0.00564893
0.24967842 0.02017249 0.00606756
0.2546415  0.0211663  0.00651411
0.2596043  0.02215656 0.00698825
0.26456813 0.02314026 0.00748957
0.2695323  0.02411828 0.00801781
0.27449704 0.02508973 0.00857267
0.27946217 0.02605452 0.00915429
0.28442832 0.02701097 0.00976229
0.28939556 0.02795844 0.01039666
0.29436499 0.028894   0.01105732
0.29933618 0.02981811 0.0117443 
0.30430902 0.03073058 0.01245759
0.30928359 0.03163076 0.01319719
0.3142619  0.03251332 0.01396289
0.31924283 0.03338039 0.01475484
0.32422572 0.03423315 0.01557337
0.32921392 0.03506253 0.0164178 
0.33420399 0.03587679 0.01728896
0.33919946 0.03666611 0.01818619
0.34419774 0.03743681 0.01911006
0.34920168 0.03818049 0.02006022
0.35420872 0.03890365 0.02103706
0.35922258 0.03959511 0.02204009
0.36424032 0.04026261 0.02306986
0.36926351 0.04089187 0.02412636
0.37429274 0.04148195 0.02520937
0.37932678 0.04203952 0.02631924
0.38436764 0.04255876 0.02745572
0.38941485 0.04304114 0.02861891
0.39446618 0.04349589 0.02979294
0.39952446 0.04391754 0.03095537
0.40458961 0.04430676 0.03210227
0.40966234 0.04466102 0.0332338 
0.41474245 0.04498114 0.03434654
0.41982933 0.04526958 0.03543469
0.23046638 0.21904426 0.23890152
0.23320679 0.22190555 0.24170229
0.23594585 0.2247658  0.24450176
0.23868369 0.22762511 0.24730004
0.24142045 0.23048357 0.25009727
0.24415619 0.23334131 0.25289354
0.24689108 0.23619841 0.25568899
0.24962519 0.23905499 0.25848371
0.25235866 0.24191112 0.26127782
0.25509157 0.24476693 0.26407143
0.25782405 0.24762248 0.26686464
0.26055617 0.25047789 0.26965756
0.26328806 0.25333323 0.27245029
0.26601979 0.25618861 0.27524292
0.2687515  0.25904408 0.27803557
0.27148314 0.26189982 0.2808283 
0.27421491 0.26475583 0.28362123
0.27694693 0.26761221 0.28641446
0.27967924 0.27046904 0.28920807
0.28241196 0.27332641 0.29200217
0.28514518 0.27618438 0.29479684
0.28787897 0.27904304 0.29759217
0.2906134  0.28190246 0.30038825
0.29334857 0.28476273 0.30318516
0.29608435 0.287624   0.30598294
0.29882155 0.29048611 0.30878112
0.30155988 0.2933493  0.31157965
0.30429942 0.29621364 0.31437859
0.30704025 0.2990792  0.31717801
0.30978246 0.30194604 0.31997799
0.31252614 0.30481423 0.32277857
0.31527142 0.30768383 0.32557976
0.31801835 0.3105549  0.32838165
0.32076699 0.31342751 0.33118435
0.32351737 0.31630175 0.3339879 
0.3262696  0.31917766 0.33679237
0.32902376 0.32205532 0.33959781
0.3317799  0.32493478 0.34240429
0.33453811 0.3278161  0.34521185
0.33729847 0.33069935 0.34802055
0.34006103 0.33358458 0.35083045
0.34282595 0.33647184 0.35364154
0.34559324 0.33936119 0.35645393
0.34836294 0.34225271 0.35926767
0.35113515 0.34514644 0.36208283
0.3539099  0.34804246 0.36489944
0.35668731 0.3509408  0.36771756
0.35946741 0.35384154 0.37053724
0.36225029 0.35674471 0.37335852
0.365036   0.35965039 0.37618146
0.36782464 0.36255861 0.3790061 
0.37061623 0.36546944 0.38183248
0.37341089 0.36838293 0.38466065
0.37620865 0.37129913 0.38749066
0.3790096  0.37421808 0.39032256
0.38181378 0.37713986 0.39315638
0.38462129 0.3800645  0.39599218
0.38743217 0.38299207 0.39882998
0.3902465  0.38592259 0.40166984
0.39306434 0.38885614 0.4045118 
0.39588576 0.39179275 0.4073559 
0.39871084 0.39473248 0.41020219
0.40153961 0.39767538 0.41305069
0.40437217 0.40062149 0.41590146
0.40720857 0.40357086 0.41875455
0.41004888 0.40652354 0.42160997
0.41289316 0.40947958 0.42446777
0.41574149 0.41243903 0.42732801
0.41859392 0.41540193 0.43019071
0.42145052 0.41836832 0.43305592
0.42431137 0.42133826 0.43592367
0.42717652 0.42431179 0.43879401
0.43004603 0.42728896 0.44166696
0.43291999 0.43026981 0.44454259
0.43579844 0.43325438 0.44742091
0.43868147 0.43624273 0.45030198
0.44156912 0.43923489 0.45318583
0.44446148 0.44223092 0.4560725 
0.4473586  0.44523085 0.45896203
0.45026057 0.44823472 0.46185445
0.45316752 0.45124256 0.46474974
0.45607943 0.45425443 0.467648  
0.45899638 0.45727038 0.47054928
0.46191843 0.46029045 0.47345361
0.46484565 0.46331469 0.47636105
0.46777811 0.46634312 0.47927162
0.47071587 0.46937581 0.48218538
0.47365899 0.47241278 0.48510236
0.47660755 0.47545409 0.4880226 
0.47956161 0.47849977 0.49094615
0.48252137 0.48154983 0.49387294
0.48548676 0.48460434 0.49680311
0.48845785 0.48766336 0.49973673
0.49143471 0.49072691 0.50267383
0.49441741 0.49379504 0.50561445
0.497406   0.4968678  0.50855865
0.50040056 0.49994522 0.51150648
0.50340117 0.50302735 0.51445794
0.50640801 0.50611418 0.51741301
0.50942101 0.5092058  0.52037184
0.51244023 0.51230225 0.52333448
0.51546575 0.51540357 0.52630098
0.51849762 0.5185098  0.5292714 
0.5215359  0.521621   0.53224579
0.5245807  0.52473718 0.53522416
0.52763218 0.52785835 0.53820649
0.53069026 0.53098462 0.54119293
0.533755   0.534116   0.54418356
0.53682648 0.53725256 0.54717842
0.53990474 0.54039432 0.55017757
0.54298985 0.54354134 0.55318108
0.54608198 0.54669361 0.55618888
0.54918113 0.54985121 0.55920109
0.55228731 0.5530142  0.56221782
0.55540057 0.55618261 0.56523913
0.55852097 0.5593565  0.56826509
0.56164856 0.5625359  0.57129574
0.56478342 0.56572086 0.57433114
0.56792573 0.56891138 0.57737123
0.57107541 0.57210756 0.58041621
0.57423249 0.57530943 0.58346614
0.57739702 0.57851706 0.58652108
0.58056908 0.58173048 0.58958111
0.58374869 0.58494974 0.59264628
0.58693599 0.58817487 0.5957166 
0.59013105 0.59140591 0.5987921 
0.59333382 0.59464293 0.60187294
0.59654434 0.59788599 0.60495918
0.59976267 0.60113514 0.6080509 
0.60298886 0.60439043 0.61114816
0.60622294 0.6076519  0.61425102
0.60946497 0.61091961 0.61735954
0.61271514 0.61419356 0.62047367
0.61597333 0.61747385 0.62359361
0.6192396  0.62076054 0.62671943
0.62251399 0.62405368 0.62985118
0.62579653 0.62735332 0.63298894
0.62908727 0.63065951 0.63613278
0.63238626 0.63397231 0.63928275
0.63569353 0.63729177 0.64243892
0.63900916 0.64061794 0.64560134
0.64233324 0.64395085 0.64877002
0.64566573 0.6472906  0.65194511
0.64900665 0.65063723 0.65512668
0.65235605 0.65399081 0.65831479
0.65571397 0.6573514  0.66150947
0.65907968 0.66071932 0.66471101
0.66245245 0.66409489 0.66791999
0.66583232 0.66747816 0.67113644
0.66921933 0.67086921 0.67436041
0.67261352 0.67426807 0.67759195
0.67601496 0.67767481 0.68083123
0.67942367 0.68108949 0.68407814
0.68283969 0.68451218 0.68733275
0.90682183 0.60099418 0.40124986
0.90851559 0.60565711 0.40549274
0.91020256 0.61032328 0.4097681 
0.91188313 0.61499261 0.41407586
0.91355732 0.61966522 0.41841617
0.91522547 0.62434108 0.422789  
0.91688767 0.62902009 0.42719691
0.91854417 0.6337024  0.43163771
0.92019524 0.63838805 0.43611114
0.921841   0.6430771  0.44061728
0.92348179 0.6477695  0.44515608
0.92511776 0.65246533 0.44972759
0.92674917 0.6571645  0.45433297
0.92837626 0.66186699 0.45897269
0.92999927 0.66657293 0.46364513
0.93161849 0.67128232 0.46835022
0.93323414 0.6759952  0.473088  
0.93484652 0.68071154 0.4778584 
0.93645587 0.68543135 0.48266174
0.93806245 0.69015449 0.48750018
0.93966659 0.69488111 0.49237114
0.94126853 0.69961125 0.49727459
0.9428686  0.7043449  0.50221046
0.94446106 0.70908511 0.50718311
0.9460458  0.71383338 0.51217534
0.94763471 0.7185843  0.5171727 
0.94922076 0.7233416  0.52218054
0.95080367 0.72810554 0.52719927
0.95238305 0.73287646 0.53222937
0.95396827 0.73764994 0.53726433
0.95554986 0.74243078 0.54231118
0.95712717 0.74721942 0.54737059
0.95871122 0.75201072 0.55243495
0.96028888 0.75681113 0.55751382
0.96186993 0.76161614 0.5626005 
0.96344647 0.76642965 0.56770081
0.9650284  0.77124715 0.57280802
0.9666063  0.77607321 0.57792899
0.9681839  0.78090622 0.58306135
0.96976508 0.78574456 0.58820265
0.97134433 0.79059091 0.59335697
0.97292321 0.7954447  0.59852349
0.97450203 0.80030592 0.60370226
0.97607885 0.80517558 0.60889487
0.97765899 0.81005146 0.61409792
0.97923505 0.81493697 0.61931677
0.98081326 0.8198295  0.62454743
0.98238459 0.82473313 0.62979633
0.98395424 0.82964568 0.63506019
0.98551043 0.83457236 0.64034729
0.9869815  0.83954382 0.64570635
