0.16445687 0.0082221 0.02497778
0.16974337 0.00888863 0.02575417
0.1750179 0.00956192 0.02651473
0.18027957 0.01024285 0.02726134
0.18553566 0.01092285 0.02798444
0.19078702 0.01160018 0.02868304
0.19603024 0.01227841 0.02936233
0.20127353 0.01294658 0.03001059
0.20651034 0.01361231 0.03063767
0.21175085 0.01426117 0.03122841
0.2169853 0.01490556 0.03179776
0.22221893 0.01553751 0.03233795
0.22745352 0.01615348 0.03284629
0.23269087 0.01674968 0.03331999
0.23792891 0.01732812 0.03376241
0.2431595 0.01790213 0.03417928
0.24838498 0.01847055 0.03454819
0.25360739 0.01903028 0.03486251
0.25882609 0.01958272 0.03511971
0.26404151 0.02012756 0.03531501
0.26924909 0.02067427 0.03544765
0.27444855 0.02122453 0.03551379
0.27964342 0.02177285 0.03550302
0.28482747 0.0223335 0.03541365
0.28999762 0.02291523 0.03524113
0.29515273 0.02352374 0.03497587
0.30028817 0.0241731 0.03460868
0.30539138 0.0248966 0.03413625
0.31045821 0.02571139 0.03354131
0.31547188 0.02666594 0.03281366
0.32041074 0.0278251 0.0319381
0.32522575 0.02932576 0.03091926
0.32986115 0.03133079 0.02976469
0.33420804 0.03414217 0.02856513
0.3375419 0.03958078 0.02851183
0.3400766 0.04661867 0.03065645
0.34250976 0.05330844 0.03362281
0.34486963 0.05970791 0.03711537
0.34719275 0.06581783 0.04097073
0.34947797 0.07169473 0.04496451
0.35171834 0.07739014 0.04904281
0.35392218 0.08291938 0.05317472
0.35608792 0.08830914 0.05734714
0.35821558 0.09357849 0.06155019
0.36031506 0.09872877 0.06577027
0.36234878 0.10382374 0.0700535
0.36436447 0.10880981 0.07433005
0.36635381 0.11370904 0.07860968
0.36827566 0.1185786 0.08294992
0.37018427 0.12336034 0.08727215
0.3720482 0.12809694 0.09162286
0.37388026 0.13277924 0.09598215
0.37568438 0.13740812 0.10034455
0.37743904 0.1420099 0.1047392
0.37917925 0.14655274 0.10911932
0.38086312 0.15108137 0.11354047
0.38253697 0.15555405 0.11794216
0.38415625 0.16001551 0.12238218
0.38576167 0.1644307 0.12680859
0.38732218 0.1688299 0.13126088
0.38885737 0.17319782 0.1357146
0.39036464 0.17753889 0.14017334
0.39183165 0.18186492 0.14465287
0.39329791 0.18614576 0.14910595
0.39469561 0.19043703 0.153613
0.39609568 0.19468435 0.1580903
0.39744544 0.19892974 0.16259977
0.39877126 0.20315419 0.16711076
0.40009237 0.20734518 0.17160315
0.40135381 0.21154343 0.17613847
0.40261512 0.21570764 0.18064957
0.40383441 0.21986818 0.18518332
0.40502524 0.22401631 0.1897255
0.40622229 0.22813007 0.19423932
0.40735554 0.2322565 0.19879917
0.4084762 0.23636274 0.2033502
0.40960199 0.24043875 0.20787599
0.41066118 0.24453011 0.21245059
0.41171772 0.2485978 0.21700702
0.4127679 0.25264516 0.22155076
0.41376445 0.25670081 0.22613011
0.41473666 0.26074807 0.23071146
0.41567692 0.26479184 0.2353016
0.41662378 0.26881051 0.23986751
0.41753039 0.27283155 0.24444986
0.41841871 0.27684288 0.24902996
0.41930224 0.28083772 0.25359686
0.42014413 0.28483665 0.25818156
0.42098493 0.2888182 0.2627506
0.42181451 0.29278854 0.26731284
0.42259223 0.29676911 0.27190133
0.4233945 0.30072092 0.27645468
0.4241654 0.30467322 0.28101818
0.42491046 0.3086234 0.28558741
0.42566396 0.31255499 0.29013583
0.42637099 0.31649522 0.29470639
0.42709658 0.32041307 0.29924909
0.4277972 0.32432991 0.30379774
0.42847917 0.32824298 0.30834763
0.42917044 0.3321398 0.3128781
0.42980775 0.33604965 0.31743652
0.43048924 0.33992847 0.32195046
0.43111782 0.34382025 0.32649174
0.4317729 0.34769013 0.33100262
0.43239369 0.35156516 0.33552745
0.4330282 0.35542491 0.34003202
0.43364035 0.3592852 0.34454236
0.43426257 0.3631327 0.34903586
0.4348649 0.36698028 0.35353381
0.43548421 0.37081313 0.35801095
0.43607526 0.37465003 0.36249876
0.43670239 0.37846548 0.36695364
0.43729107 0.38228957 0.37142651
0.43791925 0.38609191 0.37586521
0.43852672 0.38989648 0.38031047
0.43913543 0.39369501 0.38474791
0.43978569 0.39747268 0.38915159
0.44041133 0.40125493 0.39356522
0.44104312 0.40503042 0.39796897
0.44172175 0.40878467 0.40233729
0.44241503 0.41253009 0.40669147
0.4431171 0.41626919 0.41103564
0.44384457 0.41999641 0.41535982
0.44460854 0.42370834 0.41965767
0.44541227 0.42740441 0.42392788
0.4462506 0.43108699 0.4281743
0.44719927 0.43473061 0.43235148
0.44823071 0.43834573 0.43647748
0.44995399 0.44169562 0.44048769
0.45208186 0.44487317 0.44463261
0.45414402 0.44807171 0.44887459
0.4561551 0.45128736 0.45319318
0.45813611 0.45451465 0.45755938
0.46007422 0.45775678 0.46199045
0.46198874 0.46100881 0.46645991
0.46387531 0.46427182 0.47097354
0.46573416 0.46754569 0.47553086
0.46756648 0.4708301 0.48013013
0.46937313 0.47412481 0.48477002
0.47115475 0.47742961 0.48944954
0.47291511 0.48074358 0.49416351
0.47465536 0.48406643 0.49891033
0.47636667 0.48740025 0.50370159
0.47805168 0.49074436 0.50853359
0.47971367 0.49409797 0.51340189
0.48136378 0.49745843 0.51829174
0.48297848 0.50083126 0.52323389
0.48456923 0.50421372 0.52821314
0.48614903 0.5076028 0.53321247
0.48769248 0.51100434 0.53826476
0.48921311 0.51441518 0.54335227
0.49072375 0.5178324 0.54845835
0.49219098 0.52126354 0.55362587
0.49364897 0.52470088 0.5588108
0.49507227 0.52815007 0.56404554
0.49647428 0.53160812 0.56931284
0.49785383 0.53507525 0.57461405
0.49920043 0.53855372 0.57996222
0.50053283 0.54203944 0.58533358
0.50183784 0.54553724 0.59072682
0.50310444 0.54904796 0.59616861
0.50434427 0.55257106 0.60162649
0.50554359 0.55610744 0.60713431
0.50671335 0.55965665 0.61266163
0.50784332 0.56321938 0.61823267
0.50893861 0.5667955 0.62383212
0.50999626 0.57038533 0.62946525
0.51101198 0.57398941 0.63513901
0.51199167 0.57760763 0.64083576
0.51292481 0.58124054 0.64658062
0.51382314 0.58488769 0.65234205
0.51467504 0.58854986 0.65814581
0.51548329 0.59222707 0.66398229
0.51624656 0.59592014 0.66984709
0.51695802 0.59962908 0.67575768
0.51762896 0.60335352 0.68168429
0.51824858 0.60709421 0.68764916
0.51881109 0.61085224 0.69365696
0.51932919 0.61462674 0.6996788
0.51978947 0.61841847 0.70574284
0.52019278 0.622228 0.71183997
0.52054236 0.62605558 0.71795763
0.52082987 0.62990132 0.7241146
0.52105488 0.63376602 0.73030312
0.52122145 0.63764982 0.73650935
0.52132132 0.64155281 0.74275125
0.52134593 0.64547676 0.74903292
0.5213134 0.64942022 0.75531851
0.52120389 0.653385 0.76163971
0.52101627 0.65737135 0.76799393
0.52075389 0.66137946 0.77436831
0.52041608 0.66540996 0.7807562
0.51999315 0.66946352 0.78717183
0.51948218 0.67354074 0.7936133
0.51888021 0.67764244 0.80007676
0.51819868 0.68176789 0.80653805
0.51741483 0.68591985 0.81302263
0.51653404 0.69009736 0.81952137
0.515551 0.69430148 0.82603278
0.51445771 0.69853377 0.83255667
0.51326 0.70279371 0.83907934
0.51195571 0.70708202 0.84559439
0.51053301 0.71140014 0.85210979
0.50898752 0.71574894 0.85862145
0.50731853 0.7201286 0.86512278
0.505513 0.72454518 0.87158522
0.5035602 0.72900462 0.87797495
0.50145968 0.73350867 0.88427066
0.49921474 0.73805862 0.89044738
0.49683386 0.74265504 0.89647634
0.49432524 0.7472988 0.90232756
0.49171438 0.75198789 0.90796297
0.48908761 0.75671407 0.91328644
0.48644707 0.7614757 0.91830812
0.48386559 0.7662616 0.92298984
0.48144211 0.77105848 0.92727152
0.47927608 0.77585093 0.93111746
0.47740107 0.7806282 0.93457433
0.47589179 0.78537681 0.93764249
0.47482598 0.79008501 0.94030652
0.47417031 0.79475071 0.94265999
0.47392488 0.79937169 0.94473791
0.47408441 0.80394612 0.94657868
0.47462274 0.80847697 0.94821331
0.47551557 0.81296648 0.94967295
0.47673534 0.81741763 0.95098558
0.47825319 0.82183384 0.95217578
0.48004035 0.82621872 0.9532648
0.4820691 0.8305759 0.95427086
0.48431338 0.83490889 0.95520939
0.48675279 0.83921934 0.95610182
0.48936188 0.84351154 0.956955
0.4921198 0.8477887 0.95777716
0.49503772 0.85204897 0.95856532
0.49809932 0.8562973 0.95930435
0.50115995 0.86055622 0.9600474
0.50419225 0.86482894 0.96081498
0.50719423 0.86911669 0.96160111
0.51017244 0.87341572 0.96242876
0.51312111 0.87772961 0.96327802
0.51603829 0.8820595 0.96414353
0.51892438 0.88640518 0.96502755
0.52177998 0.89076643 0.9659324
0.52460473 0.89514354 0.96685725
0.52739827 0.89953681 0.96780128
0.53016025 0.90394654 0.96876368
0.53289032 0.90837302 0.96974359
0.53558387 0.91281846 0.97073031
0.53824185 0.91728245 0.97172684
0.54087568 0.92176016 0.97275797
0.54346678 0.92625978 0.97378311
0.54602821 0.93077583 0.97482998
0.54854683 0.93531389 0.97587196
0.55103002 0.93987098 0.97692404
0.55346296 0.94445302 0.97795884
0.5557921 0.94908047 0.97888337
