0.89117034 0.06835325 0.28501279
0.89164817 0.07236608 0.29647804
0.89218295 0.0759398  0.30751134
0.89274239 0.07916216 0.31842888
0.8933239  0.08206385 0.32927116
0.89392856 0.08466527 0.34004338
0.89455254 0.0869824  0.35080044
0.89520086 0.08902481 0.36150873
0.89587342 0.09080041 0.3721853 
0.89649817 0.09264704 0.3828977 
0.89704799 0.09471738 0.3935994 
0.89754387 0.0969029  0.40428215
0.89798998 0.09915241 0.41499298
0.89841396 0.10137363 0.42565619
0.89880855 0.10356397 0.43634233
0.89918977 0.10567324 0.44701274
0.89956508 0.10767618 0.45766136
0.8999324  0.10956846 0.46832194
0.90029596 0.11133582 0.47899464
0.90066378 0.11295721 0.4896645 
0.90103908 0.11442403 0.50033185
0.9014239  0.11572754 0.51100538
0.90182057 0.11685901 0.52169083
0.90223193 0.11781003 0.53238839
0.90266003 0.11857129 0.5431044 
0.90310774 0.11913396 0.55383749
0.9035766  0.11948693 0.5645971 
0.90406964 0.11962053 0.57537901
0.90458868 0.11952234 0.58618912
0.90513602 0.11917963 0.59702855
0.90571348 0.11857721 0.60790225
0.90632284 0.11769905 0.6188137 
0.90696091 0.11652381 0.62979896
0.90763483 0.11502895 0.64083032
0.90834681 0.11319035 0.6519069 
0.9090985  0.11097712 0.66303408
0.90989187 0.10835495 0.67421226
0.91072237 0.10526334 0.68549825
0.91142738 0.10261888 0.69668201
0.91200326 0.10036733 0.70788222
0.91243812 0.09861493 0.71907585
0.91271892 0.09746838 0.73024722
0.91278148 0.09736616 0.74130129
0.91266572 0.09807223 0.75228593
0.91236141 0.09965249 0.76317442
0.91185694 0.10215813 0.77393934
0.91114175 0.10561291 0.78455053
0.9102063  0.11001156 0.79497743
0.90903506 0.11536137 0.80518013
0.90759801 0.12172718 0.81509392
0.90592168 0.12885359 0.82473222
0.90400322 0.13665925 0.83406481
0.90184134 0.14505873 0.84306501
0.89943725 0.15396522 0.85170792
0.89679431 0.16329413 0.85997212
0.89391758 0.17296575 0.86784048
0.89081497 0.18290421 0.87529868
0.88748599 0.19307209 0.88232553
0.88391627 0.20348318 0.88887694
0.88014881 0.21396992 0.89499923
0.87619693 0.22448314 0.90069463
0.87207377 0.23498111 0.90597005
0.86779307 0.24542741 0.91083556
0.86336998 0.25578899 0.91530349
0.85877833 0.26613195 0.91933177
0.85404421 0.27639664 0.92295041
0.849204   0.28650676 0.9262171 
0.84427676 0.29643971 0.92915022
0.83927129 0.30618943 0.93177188
0.83412501 0.31588759 0.93398953
0.8289202  0.32538829 0.93591787
0.82366796 0.33468099 0.93759317
0.81837968 0.34376584 0.93902427
0.81297963 0.35277786 0.94010655
0.80756768 0.36156205 0.94099368
0.80215175 0.37012107 0.94170587
0.7966581  0.37857822 0.94213414
0.7912066  0.38674985 0.94252249
0.78576763 0.39468138 0.9428813 
0.78033244 0.40240636 0.94317726
0.77490744 0.40992544 0.94343502
0.7694972  0.4172426  0.94367239
0.76409369 0.42438483 0.94385859
0.75870174 0.43135297 0.94401356
0.75332602 0.43814786 0.94415742
0.747959   0.44479197 0.94426107
0.74260431 0.45128616 0.94434139
0.73726646 0.45762953 0.94441996
0.73193806 0.46384145 0.94446844
0.72662202 0.46992245 0.9445024 
0.72132227 0.4758708  0.94454399
0.71603133 0.48170389 0.94456468
0.7107518  0.48742142 0.94458053
0.70548666 0.49302157 0.94461337
0.70022808 0.49852049 0.94463337
0.69497861 0.50391666 0.94465908
0.68974006 0.50920868 0.94471095
0.68450394 0.51441207 0.94475682
0.67927305 0.51952369 0.94481973
0.6740477  0.52454295 0.9449177 
0.66881861 0.52948518 0.9450151 
0.66358879 0.53434538 0.94514151
0.65835701 0.53912395 0.94531146
0.6531131  0.54383637 0.94548471
0.64785989 0.54847573 0.94569946
0.64259484 0.55304339 0.94596564
0.63730669 0.55755533 0.94623723
0.63199807 0.56200241 0.94656323
0.62666385 0.56638861 0.9469429 
0.62129419 0.5707267  0.94733783
0.61588916 0.57500877 0.94779552
0.61044121 0.579241   0.94830515
0.60494244 0.58343149 0.94884378
0.59938972 0.58757489 0.94945063
0.59377362 0.59167899 0.95010549
0.58808666 0.59574773 0.95080308
0.582323   0.59977803 0.95157317
0.57647177 0.60377915 0.95238502
0.57052514 0.60775091 0.95325329
0.56447381 0.61169273 0.95419707
0.55830547 0.61561534 0.95517392
0.55201177 0.61951417 0.95622076
0.54557951 0.6233921  0.95733926
0.53899542 0.62725834 0.95849091
0.53224706 0.63110755 0.95972034
0.52530171 0.63495103 0.96100831
0.51825098 0.63878189 0.96220848
0.51097674 0.64262114 0.96340051
0.50356354 0.64645497 0.96449597
0.4959858  0.65028796 0.96549946
0.48816717 0.65413078 0.96646034
0.48018426 0.65797057 0.96730568
0.47203423 0.66180907 0.96801374
0.46364122 0.66565423 0.96864004
0.45499607 0.66950675 0.9691688 
0.44625843 0.67334419 0.96947291
0.4372748  0.67718601 0.96964908
0.42805218 0.68102877 0.96968312
0.41859383 0.68487047 0.96955785
0.4090362  0.6886934  0.96917758
0.39929083 0.69250656 0.96859363
0.38935638 0.69630755 0.96780513
0.3792506  0.70009282 0.96679517
0.36900347 0.70385685 0.9655488 
0.3586913  0.70758983 0.96403191
0.34840814 0.71128105 0.96221064
0.33811476 0.71493319 0.96012074
0.32786766 0.71854001 0.9577527 
0.31773898 0.72209376 0.95510149
0.30780361 0.72558787 0.95216282
0.29815135 0.72901469 0.94893773
0.28887516 0.73236775 0.94542862
0.28007787 0.7356403  0.94164277
0.27186376 0.73882669 0.93758953
0.26442784 0.74191497 0.93325811
0.25782665 0.74490473 0.92867999
0.25212353 0.74779515 0.92388175
0.24740072 0.75058375 0.91888369
0.24372014 0.75326941 0.91370667
0.24112129 0.75585187 0.90837356
0.23961607 0.75833234 0.90290554
0.23919097 0.7607126  0.89732586
0.23980621 0.76299558 0.89165552
0.24142041 0.76518339 0.88591129
0.24417099 0.76726592 0.88005449
0.24678871 0.76934003 0.87429859
0.24925692 0.77141044 0.86862394
0.25157465 0.77347857 0.8630252 
0.25374116 0.77554585 0.85749644
0.25575585 0.77761355 0.85203221
0.2576312  0.77968173 0.84662568
0.25937263 0.78175096 0.84127094
0.26096145 0.78382409 0.83596324
0.26239806 0.7859021  0.83069671
0.26368313 0.78798588 0.8254654 
0.26481758 0.79007626 0.82026322
0.26580269 0.79217397 0.81508425
0.26665214 0.79427847 0.80992162
0.26737312 0.79638977 0.80476929
0.26795031 0.79851008 0.79962183
0.26838645 0.80063972 0.79447337
0.26868458 0.80277901 0.78931762
0.26884824 0.80492812 0.78414863
0.26888133 0.80708715 0.77896026
0.2687899  0.80925595 0.77374649
0.2686043  0.81143193 0.76850057
0.26830283 0.8136176  0.76321754
0.2678914  0.81581267 0.75789164
0.26737641 0.81801684 0.75251701
0.26676486 0.82022965 0.74708815
0.26606418 0.82245064 0.74159932
0.26528252 0.82467919 0.73604526
0.26443828 0.82691376 0.73042034
0.26354971 0.82915277 0.72471947
0.2626079  0.83139725 0.71893772
0.26162327 0.83364635 0.71307026
0.2606067  0.8358992  0.70711216
0.25956969 0.83815486 0.70105879
0.25852427 0.84041235 0.69490556
0.25748298 0.84267066 0.68864801
0.25646729 0.84492795 0.6822819 
0.25550047 0.8471828  0.67579668
0.25438148 0.84945228 0.66920051
0.25310849 0.85173665 0.66248463
0.25169103 0.85403468 0.65564527
0.25013736 0.85634549 0.64867603
0.2484572  0.85866775 0.64157431
0.24665868 0.86100052 0.63433411
0.24475112 0.86334256 0.6269525 
0.24274243 0.86569295 0.61942356
0.24064137 0.86805057 0.6117435 
0.23845544 0.8704142  0.60391132
0.23619435 0.8727829  0.59592011
0.23386564 0.87515584 0.58776344
0.2314775  0.87753205 0.5794366 
0.2290382  0.87991057 0.57093495
0.22655636 0.88229036 0.56225456
0.22403862 0.88467085 0.55338695
0.2214948  0.88705081 0.5443303 
0.21893087 0.88942984 0.53507404
0.21635659 0.8918068  0.52561552
0.21377829 0.89418124 0.51594392
0.21120521 0.89655221 0.50605435
0.20864377 0.8989193  0.49593469
0.20610319 0.9012816  0.48557846
0.20358977 0.90363879 0.47497118
0.20111214 0.90599014 0.46410276
0.19867808 0.90833506 0.45295973
0.19629376 0.91067334 0.44152248
0.1939667  0.91300411 0.42978133
0.19170325 0.91532711 0.41771274
0.18951186 0.91764196 0.4052911 
0.18739859 0.91994843 0.39248569
0.18536853 0.92224648 0.3792578 
0.18385687 0.92451452 0.3655033 
0.18348579 0.92671725 0.35122099
0.18442637 0.92884551 0.33636485
0.18696343 0.93087944 0.32096057
0.19104918 0.93282267 0.30479716
0.19690011 0.93465444 0.28783643
0.20470924 0.93635156 0.27000623
0.21457428 0.93789363 0.25111713
0.22663533 0.93924991 0.23098251
0.24118061 0.94036841 0.20946716
0.25850413 0.94118209 0.18646283
0.27891913 0.94160378 0.16191154
0.30270361 0.94151901 0.13635602
0.32978331 0.94080846 0.11219172
0.35881588 0.93947734 0.09473657
0.38730611 0.93774883 0.08955174
0.41387271 0.93585681 0.09501725
0.4385347  0.93395126 0.10098786
0.46157579 0.93205131 0.10646199
0.48322814 0.93016174 0.11149282
0.50377227 0.92826849 0.11613591
0.52384647 0.92627812 0.12048086
