0.1699023  0.00487924 0.00163366
0.17498223 0.0056718  0.00184624
0.1800312  0.00650772 0.00207154
0.18506182 0.00737344 0.00230289
0.19007782 0.00826509 0.00253821
0.19507957 0.00918275 0.00277735
0.20006894 0.01012446 0.00301916
0.20504683 0.01108944 0.00326305
0.2100143  0.01207659 0.00350832
0.21497252 0.01308456 0.00375412
0.21992185 0.01411308 0.00400016
0.22487432 0.01513879 0.00426722
0.22983101 0.01615678 0.004567  
0.23479133 0.01716714 0.00489784
0.23975314 0.01817275 0.00525877
0.24471485 0.01917591 0.00564893
0.24967842 0.02017249 0.00606756
0.2546415  0.0211663  0.00651411
0.2596043  0.02215656 0.00698825
0.26456813 0.02314026 0.00748957
0.2695323  0.02411828 0.00801781
0.27449704 0.02508973 0.00857267
0.27946217 0.02605452 0.00915429
0.28442832 0.02701097 0.00976229
0.28939556 0.02795844 0.01039666
0.29436499 0.028894   0.01105732
0.29933618 0.02981811 0.0117443 
0.30430902 0.03073058 0.01245759
0.30928359 0.03163076 0.01319719
0.3142619  0.03251332 0.01396289
0.31924283 0.03338039 0.01475484
0.32422572 0.03423315 0.01557337
0.32921392 0.03506253 0.0164178 
0.33420399 0.03587679 0.01728896
0.33919946 0.03666611 0.01818619
0.34419774 0.03743681 0.01911006
0.34920168 0.03818049 0.02006022
0.35420872 0.03890365 0.02103706
0.35922258 0.03959511 0.02204009
0.36424032 0.04026261 0.02306986
0.36926351 0.04089187 0.02412636
0.37429274 0.04148195 0.02520937
0.37932678 0.04203952 0.02631924
0.38436764 0.04255876 0.02745572
0.38941485 0.04304114 0.02861891
0.39446618 0.04349589 0.02979294
0.39952446 0.04391754 0.03095537
0.40458961 0.04430676 0.03210227
0.40966234 0.04466102 0.0332338 
0.41474245 0.04498114 0.03434654
0.41982933 0.04526958 0.03543469
0.42492384 0.04552299 0.03649964
0.43002573 0.04574236 0.03753759
0.43513433 0.04593027 0.0385427 
0.44025048 0.04608324 0.03951672
0.44537366 0.04620332 0.04045444
0.45050354 0.04629164 0.04133146
0.45564077 0.04634531 0.04216018
0.4607843  0.04636851 0.04293521
0.46593462 0.04635902 0.0436587 
0.47109178 0.04631625 0.04433072
0.47625462 0.04624502 0.04494563
0.48142416 0.04614049 0.04550851
0.48659926 0.04600739 0.04601392
0.49178021 0.04584421 0.04646305
0.49696697 0.04565072 0.04685593
0.50215846 0.04543165 0.04718747
0.50735575 0.0451817  0.04746238
0.51255714 0.04490861 0.04767321
0.51776355 0.04460769 0.04782433
0.5229741  0.04428296 0.04791157
0.52818861 0.04393515 0.04793419
0.53340725 0.04356318 0.0478928 
0.53862881 0.04317321 0.0477817 
0.54385431 0.04275964 0.04760597
0.54908182 0.04233294 0.04735582
0.55431267 0.04188578 0.04703763
0.5595454  0.04142642 0.04664382
0.56478045 0.0409525  0.04617617
0.57001725 0.04046754 0.0456312 
0.57525538 0.03996806 0.04500583
0.58049515 0.03946215 0.04430087
0.58573524 0.03895908 0.0435079 
0.59097682 0.03845224 0.04263159
0.59621798 0.03795456 0.04165944
0.60145998 0.03745879 0.04059632
0.60670156 0.03697391 0.03942254
0.61194303 0.03649904 0.03816479
0.61718422 0.03603625 0.03682655
0.62242431 0.03559217 0.03540448
0.62766676 0.03514837 0.03389744
0.63290146 0.03476035 0.03233381
0.63814127 0.03436081 0.03067637
0.64337092 0.03403777 0.02894953
0.648597   0.03375965 0.0271235 
0.65381299 0.0335692  0.02519422
0.6590099  0.03352621 0.02315806
0.66417915 0.03369299 0.0209953 
0.66930819 0.03416031 0.01867883
0.67435883 0.03518129 0.01620767
0.67927701 0.03712622 0.01354697
0.6839028  0.04102868 0.0108007 
0.68789847 0.04844773 0.00864669
0.6911277  0.05900363 0.00845098
0.69399462 0.06992176 0.01002911
0.69673374 0.08021231 0.01265246
0.69941801 0.08980225 0.0159521 
0.70206458 0.09880641 0.01978014
0.70468706 0.10730887 0.02404162
0.70728827 0.11539656 0.02869827
0.70986987 0.12313624 0.03372473
0.71243572 0.13057282 0.0390994 
0.71498157 0.13776025 0.04462518
0.71751198 0.14472156 0.05003696
0.72002688 0.15148555 0.05535499
0.72252578 0.15807664 0.06059251
0.72500628 0.16451906 0.06576569
0.7274723  0.17082114 0.07087219
0.72992072 0.17700682 0.07587461
0.73235226 0.18308794 0.08075841
0.73476781 0.18907241 0.08554099
0.73716773 0.19496834 0.09023282
0.73955216 0.20078344 0.09484042
0.7419213  0.20652433 0.099371  
0.7442759  0.21219573 0.1038336 
0.74661624 0.21780278 0.10823372
0.74894239 0.22335064 0.1125736 
0.75125483 0.22884313 0.11685771
0.63408824 0.27776755 0.69517325
0.63784776 0.281222   0.69590578
0.64156047 0.28473258 0.69659719
0.64522474 0.28829917 0.69725033
0.64883921 0.29192142 0.69786804
0.65240092 0.29560059 0.69845298
0.65590431 0.29934109 0.69900607
0.65935497 0.30313396 0.69953495
0.66275256 0.3069775  0.70004373
0.66609702 0.31086971 0.70053667
0.66938855 0.31480841 0.70101799
0.6726276  0.31879127 0.70149176
0.67580857 0.32282271 0.70195897
0.67893812 0.32689377 0.70242624
0.68201845 0.33100047 0.70289845
0.68505088 0.3351403  0.70337852
0.688037   0.33931039 0.70387025
0.69097832 0.34350837 0.70437591
0.69387673 0.34773134 0.70489912
0.69673386 0.35197721 0.70544133
0.69955157 0.35624357 0.70600491
0.70233181 0.360528   0.70659213
0.70507602 0.36482901 0.7072038 
0.70778565 0.369145   0.70784113
0.71046391 0.37347279 0.70850598
0.71311264 0.37781065 0.70919942
0.71573364 0.382157   0.70992232
0.71832678 0.3865122  0.71067431
0.7208948  0.39087395 0.71145619
0.72343928 0.39524107 0.7122683 
0.72596187 0.39961237 0.71311106
0.7284641  0.40398684 0.71398466
0.73094738 0.40836363 0.71488904
0.73341315 0.41274186 0.71582431
0.7358626  0.41712104 0.71678998
0.73829725 0.42150018 0.71778651
0.74071842 0.42587863 0.71881384
0.74312264 0.43025995 0.71986932
0.7455116  0.43464298 0.72095358
0.74788981 0.43902443 0.72206741
0.7502585  0.44340373 0.72321086
0.75261902 0.44778019 0.72438424
0.75496994 0.45215565 0.72558542
0.7573053  0.45653529 0.72681203
0.75963481 0.46091162 0.72806735
0.76195904 0.46528476 0.72935049
0.7642796  0.46965377 0.73066241
0.76658527 0.4740281  0.73199729
0.7688865  0.47839988 0.73335878
0.77118621 0.48276715 0.73474821
0.77348258 0.4871319  0.73616372
0.77576584 0.49150207 0.73760077
0.77804928 0.49586776 0.73906455
0.78033388 0.50022866 0.74055513
0.78260772 0.50459422 0.74206696
0.78487995 0.50895787 0.74360341
0.78715458 0.5133171  0.74516521
0.78942199 0.51767932 0.74674868
0.79168686 0.52204143 0.74835508
0.7939559  0.52639898 0.74998635
0.79621804 0.53076021 0.75163849
0.79847953 0.53512104 0.75331288
0.80074726 0.53947687 0.75501223
0.80300487 0.54383961 0.75672985
0.80526718 0.54819912 0.75847105
0.80753307 0.55255659 0.76023489
0.80979117 0.5569201  0.76201718
0.81205759 0.56127894 0.76382328
0.81432043 0.56564152 0.76564861
0.81658473 0.57000466 0.76749492
0.81885619 0.57436494 0.76936352
0.82111937 0.57873282 0.77124928
0.82339259 0.58309651 0.77315771
0.82565591 0.5874701  0.77507708
0.82792715 0.5918427  0.77700919
0.83020422 0.59621618 0.77895162
0.83249566 0.60058434 0.78091391
0.83478991 0.60495624 0.78288297
0.83709789 0.60932389 0.78487101
0.83941314 0.61369244 0.7868707 
0.84173356 0.61806367 0.78887966
0.84407037 0.6224296  0.79091028
0.84641152 0.62679932 0.79294913
0.84876147 0.63116983 0.79500106
0.85112481 0.63553803 0.79707111
0.85349366 0.6399099  0.79915049
0.85587226 0.6442826  0.80124381
0.8582642  0.64865383 0.80335495
0.86066222 0.65302898 0.80547589
0.863069   0.65740637 0.8076095 
0.86549124 0.66178155 0.80976301
0.86791947 0.66616137 0.81192604
0.87035545 0.67054482 0.81410046
0.87280617 0.67492728 0.81629379
0.87526681 0.67931232 0.8185007 
0.87773563 0.68370133 0.8207193 
0.88021361 0.68809386 0.82295057
0.88270422 0.69248776 0.82519818
0.88520732 0.69688335 0.82746191
0.88771929 0.70128329 0.8297378 
0.89024131 0.70568698 0.83202708
0.89277256 0.71009517 0.8343288 
0.89531531 0.71450654 0.83664534
0.89787295 0.71891909 0.83898019
0.90044006 0.72333658 0.84132756
0.9030181  0.72775826 0.84368893
0.90560728 0.73218419 0.84606446
0.90820774 0.73661445 0.84845424
0.9108196  0.74104919 0.85085833
0.91344309 0.74548845 0.85327689
0.9160783  0.74993235 0.85570997
0.91872448 0.75438158 0.85815671
0.9213825  0.75883575 0.86061796
0.92405167 0.76329551 0.86309292
0.92673231 0.76776082 0.86558188
0.92942921 0.7722289  0.86808971
0.93213675 0.77670345 0.87061051
0.93485347 0.78118554 0.87314274
0.93758445 0.78567222 0.87569153
0.94032773 0.79016487 0.87825481
0.94308254 0.79466416 0.8808317 
0.94584567 0.79917222 0.88341883
0.94862634 0.80368361 0.88602558
0.95141515 0.80820424 0.88864223
0.95421565 0.8127321  0.89127233
0.95702325 0.81727014 0.89391113
0.95983892 0.82181792 0.89655952
0.96260464 0.82641019 0.89915842
