0.1699023  0.00487924 0.00163366
0.17498223 0.0056718  0.00184624
0.1800312  0.00650772 0.00207154
0.18506182 0.00737344 0.00230289
0.19007782 0.00826509 0.00253821
0.19507957 0.00918275 0.00277735
0.20006894 0.01012446 0.00301916
0.20504683 0.01108944 0.00326305
0.2100143  0.01207659 0.00350832
0.21497252 0.01308456 0.00375412
0.21992185 0.01411308 0.00400016
0.22487432 0.01513879 0.00426722
0.22983101 0.01615678 0.004567  
0.23479133 0.01716714 0.00489784
0.23975314 0.01817275 0.00525877
0.24471485 0.01917591 0.00564893
0.24967842 0.02017249 0.00606756
0.2546415  0.0211663  0.00651411
0.2596043  0.02215656 0.00698825
0.26456813 0.02314026 0.00748957
0.2695323  0.02411828 0.00801781
0.27449704 0.02508973 0.00857267
0.27946217 0.02605452 0.00915429
0.28442832 0.02701097 0.00976229
0.28939556 0.02795844 0.01039666
0.29436499 0.028894   0.01105732
0.29933618 0.02981811 0.0117443 
0.30430902 0.03073058 0.01245759
0.30928359 0.03163076 0.01319719
0.3142619  0.03251332 0.01396289
0.31924283 0.03338039 0.01475484
0.32422572 0.03423315 0.01557337
0.32921392 0.03506253 0.0164178 
0.33420399 0.03587679 0.01728896
0.33919946 0.03666611 0.01818619
0.34419774 0.03743681 0.01911006
0.34920168 0.03818049 0.02006022
0.35420872 0.03890365 0.02103706
0.35922258 0.03959511 0.02204009
0.36424032 0.04026261 0.02306986
0.36926351 0.04089187 0.02412636
0.37429274 0.04148195 0.02520937
0.37932678 0.04203952 0.02631924
0.38436764 0.04255876 0.02745572
0.38941485 0.04304114 0.02861891
0.39446618 0.04349589 0.02979294
0.39952446 0.04391754 0.03095537
0.40458961 0.04430676 0.03210227
0.40966234 0.04466102 0.0332338 
0.41474245 0.04498114 0.03434654
0.41982933 0.04526958 0.03543469
0.42492384 0.04552299 0.03649964
0.43002573 0.04574236 0.03753759
0.43513433 0.04593027 0.0385427 
0.44025048 0.04608324 0.03951672
0.44537366 0.04620332 0.04045444
0.45050354 0.04629164 0.04133146
0.45564077 0.04634531 0.04216018
0.4607843  0.04636851 0.04293521
0.46593462 0.04635902 0.0436587 
0.47109178 0.04631625 0.04433072
0.47625462 0.04624502 0.04494563
0.48142416 0.04614049 0.04550851
0.48659926 0.04600739 0.04601392
0.49178021 0.04584421 0.04646305
0.49696697 0.04565072 0.04685593
0.50215846 0.04543165 0.04718747
0.50735575 0.0451817  0.04746238
0.51255714 0.04490861 0.04767321
0.51776355 0.04460769 0.04782433
0.5229741  0.04428296 0.04791157
0.52818861 0.04393515 0.04793419
0.53340725 0.04356318 0.0478928 
0.53862881 0.04317321 0.0477817 
0.54385431 0.04275964 0.04760597
0.54908182 0.04233294 0.04735582
0.55431267 0.04188578 0.04703763
0.5595454  0.04142642 0.04664382
0.56478045 0.0409525  0.04617617
0.57001725 0.04046754 0.0456312 
0.57525538 0.03996806 0.04500583
0.58049515 0.03946215 0.04430087
0.58573524 0.03895908 0.0435079 
0.59097682 0.03845224 0.04263159
0.59621798 0.03795456 0.04165944
0.60145998 0.03745879 0.04059632
0.60670156 0.03697391 0.03942254
0.61194303 0.03649904 0.03816479
0.61718422 0.03603625 0.03682655
0.62242431 0.03559217 0.03540448
0.62766676 0.03514837 0.03389744
0.63290146 0.03476035 0.03233381
0.63814127 0.03436081 0.03067637
0.64337092 0.03403777 0.02894953
0.648597   0.03375965 0.0271235 
0.65381299 0.0335692  0.02519422
0.6590099  0.03352621 0.02315806
0.66417915 0.03369299 0.0209953 
0.66930819 0.03416031 0.01867883
0.67435883 0.03518129 0.01620767
0.67927701 0.03712622 0.01354697
0.6839028  0.04102868 0.0108007 
0.68789847 0.04844773 0.00864669
0.6911277  0.05900363 0.00845098
0.69399462 0.06992176 0.01002911
0.69673374 0.08021231 0.01265246
0.69941801 0.08980225 0.0159521 
0.70206458 0.09880641 0.01978014
0.70468706 0.10730887 0.02404162
0.70728827 0.11539656 0.02869827
0.70986987 0.12313624 0.03372473
0.71243572 0.13057282 0.0390994 
0.71498157 0.13776025 0.04462518
0.71751198 0.14472156 0.05003696
0.72002688 0.15148555 0.05535499
0.72252578 0.15807664 0.06059251
0.72500628 0.16451906 0.06576569
0.7274723  0.17082114 0.07087219
0.72992072 0.17700682 0.07587461
0.73235226 0.18308794 0.08075841
0.73476781 0.18907241 0.08554099
0.73716773 0.19496834 0.09023282
0.73955216 0.20078344 0.09484042
0.7419213  0.20652433 0.099371  
0.7442759  0.21219573 0.1038336 
0.74661624 0.21780278 0.10823372
0.74894239 0.22335064 0.1125736 
0.75125483 0.22884313 0.11685771
0.20015356 0.50402331 0.44797525
0.2013535  0.50742451 0.45055835
0.20255095 0.5108311  0.45314221
0.20374558 0.51424324 0.45572651
0.20493627 0.51766119 0.45831043
0.20612533 0.52108455 0.46089579
0.20730954 0.52451401 0.4634802 
0.20849205 0.52794903 0.4660659 
0.20966909 0.53139027 0.46865155
0.21084856 0.53483674 0.47123735
0.21201965 0.53828993 0.47382311
0.21319913 0.54174773 0.47640857
0.21437069 0.5452123  0.47899411
0.21554337 0.54868255 0.4815794 
0.21671603 0.55215868 0.4841646 
0.21788204 0.55564158 0.48674983
0.21905652 0.5591294  0.48933469
0.22022415 0.56262414 0.49191961
0.22139296 0.56612485 0.49450435
0.22256365 0.56963149 0.49708891
0.22372809 0.57314516 0.49967351
0.22490075 0.57666409 0.50225773
0.22606966 0.58018983 0.50484195
0.22723633 0.58372228 0.507426  
0.2284105  0.58726027 0.51000981
0.2295792  0.59080547 0.51259351
0.23075155 0.59435682 0.51517699
0.2319269  0.59791446 0.51776022
0.23309788 0.60147935 0.52034335
0.2342768  0.60505005 0.52292612
0.23545606 0.60862754 0.52550871
0.23663144 0.61221242 0.52809108
0.23781858 0.61580281 0.5306731 
0.23900368 0.61940049 0.5332548 
0.24018642 0.62300555 0.53583634
0.24138245 0.62661613 0.53841734
0.24257654 0.63023417 0.54099807
0.24376917 0.63385966 0.54357855
0.24497557 0.63749082 0.54615839
0.24618133 0.64112947 0.54873791
0.24738657 0.64477565 0.55131708
0.24860491 0.64842777 0.55389557
0.24982513 0.65208727 0.55647361
0.25104603 0.65575435 0.55905121
0.25227768 0.65942786 0.56162808
0.2535156  0.6631084  0.56420437
0.25475539 0.66679659 0.5667801 
0.25600231 0.67049183 0.56935517
0.25726135 0.67419362 0.57192941
0.25852352 0.67790309 0.57450295
0.25978935 0.68162025 0.57707578
0.26107092 0.68534371 0.5796477 
0.26235951 0.68907459 0.58221878
0.26365311 0.6928132  0.58478899
0.26495389 0.69655936 0.58735822
0.26627255 0.70031184 0.58992638
0.26759782 0.70407207 0.59249353
0.26893018 0.70784006 0.5950596 
0.27027283 0.7116155  0.59762453
0.27163413 0.71539747 0.6001882 
0.27300432 0.71918719 0.60275066
0.27438405 0.72298466 0.60531185
0.27577399 0.72678988 0.6078717 
0.27718613 0.73060148 0.61043007
0.27861027 0.73442076 0.612987  
0.28004655 0.73824777 0.61554243
0.28149568 0.7420825  0.6180963 
0.28296151 0.74592457 0.62064853
0.28444929 0.74977342 0.62319898
0.28595192 0.75362997 0.62574767
0.28747024 0.7574942  0.62829453
0.28900509 0.76136608 0.63083951
0.29055737 0.76524558 0.63338255
0.29213709 0.76913158 0.63592351
0.29373566 0.77302518 0.63846235
0.29535405 0.77692633 0.64099907
0.29699319 0.78083499 0.64353361
0.29865358 0.78475119 0.64606578
0.30033653 0.78867484 0.64859562
0.30204766 0.79260534 0.65112308
0.30378567 0.79654293 0.65364793
0.305549   0.80048785 0.65617031
0.30733827 0.80444011 0.65869002
0.30915463 0.80839964 0.66120702
0.31099909 0.81236639 0.66372126
0.31287277 0.8163403  0.66623269
0.31477667 0.82032132 0.66874123
0.31671206 0.82430936 0.67124687
0.31868247 0.82830407 0.67374945
0.32068822 0.83230547 0.67624906
0.32272818 0.83631377 0.67874552
0.32480365 0.84032887 0.68123886
0.32691587 0.84435068 0.68372907
0.32906581 0.84837914 0.68621603
0.33125388 0.8524143  0.68869936
0.33345645 0.85645881 0.69118229
0.33566134 0.8605139  0.69366876
0.33786859 0.86457964 0.6961588 
0.34007824 0.86865612 0.69865243
0.3422903  0.87274339 0.70114966
0.34450481 0.87684155 0.7036505 
0.34672178 0.88095066 0.70615497
0.34894122 0.88507081 0.70866307
0.3511626  0.88920217 0.71117455
0.35338892 0.89334433 0.71369086
0.35561944 0.8974975  0.71621165
0.35785219 0.90166207 0.71873597
0.36008618 0.90583828 0.72126336
0.3623212  0.91002626 0.7237937 
0.36456357 0.91422507 0.72633007
0.36680916 0.91843545 0.72887048
0.36905363 0.9226582  0.73141281
0.37130586 0.92689196 0.7339614 
0.3735589  0.93113795 0.73651286
0.37581548 0.93539581 0.73906854
0.3780746  0.93966578 0.74162794
0.38033945 0.94394743 0.74419265
0.38260345 0.94824193 0.74675943
0.38487133 0.9525486  0.7493306 
0.38714515 0.95686717 0.75190722
0.38941945 0.96119864 0.75448656
0.39169495 0.96554298 0.75706898
0.39397778 0.96989928 0.75965756
0.39625412 0.97426988 0.76224538
0.39853438 0.97865319 0.76483764
0.40081563 0.98304976 0.76743288
0.40307991 0.98746266 0.770022  
0.40526413 0.99190242 0.77257291
