0.12245496 0.01558896 0.23037804
0.12995037 0.01957015 0.23997835
0.13738784 0.02385779 0.24949324
0.1448117  0.02836583 0.25901796
0.15222318 0.03309074 0.26855213
0.159631   0.03801104 0.27811234
0.16703447 0.04303219 0.28769433
0.1744323  0.04789371 0.29729268
0.18183767 0.05258649 0.30693458
0.18923817 0.05715956 0.31658997
0.19664782 0.06159728 0.32628826
0.20405897 0.06593089 0.33601031
0.21147539 0.07016367 0.34576277
0.21890712 0.074284   0.35556651
0.22634599 0.07831869 0.36540152
0.23377028 0.0823019  0.37526089
0.2411728  0.08622239 0.38519957
0.24855476 0.09007466 0.39523931
0.25588785 0.09389944 0.40537   
0.26318314 0.09767305 0.41562739
0.27040544 0.10144219 0.42600222
0.27754474 0.10520138 0.43653925
0.28452767 0.10904931 0.44720219
0.29128461 0.11306115 0.45799432
0.29766309 0.11744465 0.46881116
0.30346848 0.12249356 0.47942586
0.30848224 0.12862752 0.48930694
0.31272704 0.13592681 0.49801871
0.31645768 0.14401664 0.5056236 
0.31988236 0.15252285 0.51239168
0.32313444 0.16119241 0.51858102
0.32627583 0.16989876 0.52436611
0.32930602 0.17876858 0.5293702 
0.33228139 0.18775127 0.53357065
0.3352931  0.19673746 0.53707513
0.33840719 0.2056609  0.53995782
0.34166417 0.21443344 0.54246164
0.34507899 0.22304694 0.5446424 
0.34865226 0.23147419 0.54666407
0.35238213 0.23972111 0.54857941
0.35625299 0.24781442 0.55038616
0.36025834 0.25575098 0.55216981
0.3643816  0.26355361 0.55393047
0.36862287 0.27122383 0.55570939
0.37296776 0.27878138 0.55750039
0.37741067 0.28623458 0.55931885
0.38194472 0.29359511 0.56116379
0.38656807 0.3008723  0.5630271 
0.39126994 0.30807442 0.56492513
0.39604775 0.31520522 0.56687237
0.40089856 0.32226872 0.56888122
0.40581813 0.32927793 0.57091863
0.41080452 0.33623771 0.57298389
0.41585163 0.34314806 0.57511209
0.42095647 0.35001539 0.57729473
0.42612196 0.35685016 0.57948178
0.43134104 0.36364577 0.58174456
0.43661221 0.37040999 0.58405801
0.4419367  0.37715103 0.58638401
0.44730818 0.3838624  0.58879124
0.45273041 0.3905544  0.59121983
0.45819809 0.39722614 0.59370142
0.46370961 0.40388029 0.5962353 
0.46926787 0.41052222 0.59878974
0.47486531 0.41714703 0.60142789
0.48050917 0.42376816 0.60405174
0.48618363 0.43038189 0.60674078
0.49188271 0.43699271 0.60949247
0.49760678 0.44360665 0.61227397
0.50335542 0.45022157 0.61510841
0.50912899 0.45683983 0.61798667
0.51492744 0.46346255 0.62090851
0.5207501  0.47008974 0.62388342
0.52659779 0.47672547 0.62688746
0.53246904 0.48336629 0.62995663
0.53836552 0.49001727 0.63305667
0.54428608 0.49667671 0.63621016
0.55023095 0.5033471  0.63940504
0.55620062 0.51002976 0.64263667
0.56219403 0.51672289 0.64592837
0.56821273 0.52343028 0.64925331
0.5742553  0.53015115 0.65262856
0.58032236 0.53688683 0.65604833
0.58641484 0.54363893 0.65950343
0.59253097 0.5504054  0.66302209
0.59867223 0.55719017 0.66657509
0.60483864 0.56399324 0.67016844
0.61102913 0.57081334 0.67382219
0.61724529 0.57765341 0.67751387
0.62348659 0.58451398 0.68124711
0.62975218 0.59139405 0.68503923
0.63604376 0.59829585 0.68887254
0.64236119 0.60522028 0.69274635
0.6487027  0.61216617 0.69668259
0.6550704  0.61913572 0.70066226
0.66146423 0.62612966 0.70468549
0.66788289 0.63314869 0.70875743
0.67432698 0.64019249 0.71288493
0.68079759 0.64726225 0.71706046
0.68729447 0.65435896 0.72128286
0.69381683 0.66148314 0.72555687
0.70036455 0.66863495 0.7298881 
0.70693877 0.67581541 0.73427007
0.71353942 0.68302521 0.73870358
0.7201659  0.69026568 0.74318588
0.72681884 0.6975366  0.74772316
0.73349714 0.70483813 0.75232481
0.74020114 0.71217233 0.7569781 
0.7469317  0.71953876 0.76169056
0.75368761 0.7269393  0.76645681
0.76047    0.73437326 0.77128584
0.7672772  0.74184289 0.77617044
0.77411698 0.74934512 0.78111683
0.78099774 0.75687813 0.78611734
0.78792102 0.76444143 0.79117837
0.79488778 0.77203506 0.79630341
0.80189648 0.77966164 0.80148185
0.80894959 0.78731973 0.8067253 
0.81604766 0.79500984 0.81203476
0.82319281 0.80273096 0.81741981
0.83038285 0.81048634 0.82286622
0.83762049 0.81827439 0.82838688
0.84490629 0.82609566 0.8339827 
0.85224245 0.83394909 0.83966369
0.85962987 0.84183493 0.84543272
0.86706967 0.84975322 0.85129375
0.87456826 0.85769878 0.85728053
0.8820866  0.86562534 0.86337408
0.87517233 0.85774965 0.85446192
0.86961677 0.84933249 0.84547377
0.86425267 0.84090362 0.83643299
0.85902435 0.83248062 0.82737166
0.8539089  0.82407    0.81830212
0.84887408 0.81568172 0.80924269
0.84393426 0.8073096  0.80018307
0.83904726 0.79896728 0.79114806
0.8342412  0.79064379 0.78211885
0.82949903 0.78234404 0.77310473
0.82481501 0.77406902 0.76410804
0.82017307 0.7658235  0.75513775
0.81559016 0.75760033 0.7461819 
0.81105105 0.74940405 0.73724898
0.80655497 0.74123395 0.72833834
0.80210332 0.73308852 0.71944792
0.79768714 0.72497015 0.71058239
0.7933039  0.71687883 0.70174232
0.78897783 0.70880439 0.69291065
0.78467765 0.70075772 0.68410679
0.78040143 0.69273867 0.67533102
0.77615443 0.68474375 0.66658429
0.77193366 0.67677155 0.65788346
0.76774735 0.66881767 0.64922423
0.76358366 0.66088645 0.64060753
0.75944234 0.65297713 0.63203207
0.75532706 0.64508689 0.62349815
0.75123927 0.6372141  0.61500448
0.74716946 0.62936229 0.60655083
0.74311382 0.62153221 0.59813827
0.73908271 0.61371769 0.58976716
0.73506696 0.60592244 0.58143512
0.73106166 0.59814784 0.57314261
0.7270727  0.5903899  0.5648898 
0.72309979 0.58264781 0.55667535
0.71913363 0.57492531 0.54849901
0.7151766  0.56722008 0.54036166
0.7112334  0.55952868 0.53226233
0.70729308 0.55185591 0.5241999 
0.70335863 0.54419914 0.5161748 
0.699432   0.53655606 0.50818841
0.69550401 0.5289309  0.50023805
0.69158047 0.52131941 0.49232369
0.6876614  0.51372039 0.48444572
0.68373529 0.50613926 0.47660399
0.67981349 0.49856859 0.46879739
0.67588988 0.49101076 0.46102563
0.67195591 0.48346961 0.4532889 
0.66802625 0.47593536 0.44558756
0.66408615 0.4684157  0.43791997
0.66013823 0.46090794 0.43028611
0.65618752 0.45340774 0.42268644
0.65221986 0.44592264 0.41512071
0.64824891 0.438443   0.40758793
0.64426477 0.43097377 0.40008777
0.64026487 0.42351532 0.39262055
0.63625705 0.41606121 0.3851866 
0.63222694 0.4086196  0.37778496
0.62818847 0.40117993 0.37041519
0.62412914 0.39374911 0.36307742
0.62005036 0.38632477 0.35577188
0.61595634 0.37890254 0.34849761
0.61183534 0.37148921 0.34125418
0.60770319 0.36407179 0.33404177
0.60353993 0.35666302 0.32686057
0.59935813 0.34925203 0.31971019
0.5951493  0.34184337 0.3125899 
0.59091497 0.33443405 0.30549963
0.58665558 0.32702167 0.29843965
0.58236074 0.31961229 0.29141129
0.57804356 0.31219352 0.28441252
0.57371167 0.30475815 0.27742624
0.5693074  0.29735024 0.27046927
0.56489681 0.28991531 0.26350993
0.56043866 0.28248394 0.25656514
0.55594617 0.27504275 0.24962847
0.55142871 0.26758061 0.24269392
0.54685076 0.26012549 0.23577513
0.54225317 0.25263812 0.22885221
0.53760743 0.24514016 0.22193737
0.53290785 0.23763368 0.21503099
0.52817936 0.23009095 0.20811835
0.52340306 0.22252521 0.20120688
0.51855871 0.21495239 0.19430494
0.51367779 0.20733577 0.18739127
0.50875634 0.19967271 0.18046358
0.50377693 0.19197471 0.17353112
0.49871969 0.18425805 0.16659868
0.49362088 0.17647467 0.15963443
0.48845004 0.16865017 0.15265915
0.48322564 0.16075361 0.14564386
0.47792721 0.15279882 0.13859728
0.47255897 0.14476904 0.13149957
0.46712252 0.13664825 0.12432851
0.46158295 0.1284719  0.11708462
0.45595247 0.12020952 0.10971744
0.45021394 0.11187379 0.10218035
0.44432287 0.10353165 0.09440612
0.43817899 0.09537777 0.08628482
0.43154998 0.08791455 0.07775567
0.42398056 0.082136   0.06941243
0.4156865  0.07768171 0.06184594
0.40698733 0.07393935 0.0550893 
0.39796753 0.07073859 0.04931356
0.38876304 0.06780658 0.04442566
0.37948052 0.06493795 0.04018459
0.3701604  0.06206008 0.03649115
0.36084086 0.05910313 0.03328901
0.35152756 0.05605876 0.03045169
0.34222531 0.05291702 0.02788874
0.33292436 0.04969469 0.025564  
0.32363799 0.04636015 0.02340427
0.31435352 0.04293261 0.02140087
0.30507394 0.03938795 0.01951832
0.29578931 0.03584744 0.01775872
0.28650197 0.03239712 0.0160946 
0.27720032 0.02906124 0.01452691
0.26787628 0.02585738 0.01303068
0.25853119 0.02278046 0.01159394
0.24915741 0.01984062 0.01022269
0.23975382 0.01703531 0.00891652
0.23031448 0.01437009 0.0076791 
0.22083369 0.01184899 0.00651335
0.21130073 0.00948246 0.0054251 
0.20171335 0.0072669  0.00441355
0.19206388 0.00520606 0.0034814 
0.18233853 0.00331011 0.002634  
0.17252563 0.00158386 0.0018741 
