0.12990959 0.01335345 0.21841892
0.13743833 0.01706216 0.22816807
0.14490054 0.02107631 0.23782792
0.15233623 0.02531537 0.24749589
0.1597462  0.0297806  0.25716757
0.16714505 0.0344374  0.2668754 
0.17452548 0.03930567 0.27659489
0.18189425 0.04419961 0.2863389 
0.18925168 0.04893938 0.29610378
0.19660903 0.05352793 0.30591514
0.20395639 0.05801004 0.31574305
0.21130431 0.06237441 0.32561181
0.21866964 0.06664251 0.33545899
0.22608339 0.07078839 0.34528167
0.2335521  0.07481291 0.35508136
0.24108128 0.07872324 0.36484584
0.24867575 0.0825311  0.37455203
0.2563392  0.08623826 0.38419895
0.26407598 0.08985612 0.39376102
0.27188806 0.09340063 0.40320681
0.27977596 0.09687966 0.41252497
0.28773821 0.10031059 0.42168707
0.2957715  0.10371247 0.43066463
0.30387051 0.10710584 0.43943007
0.31202766 0.11051274 0.44795777
0.32023345 0.1139554  0.45622588
0.32847743 0.11745434 0.4642182 
0.33674892 0.12102912 0.47192052
0.34503747 0.12469283 0.4793319 
0.35334148 0.12844378 0.48646052
0.36155418 0.13260072 0.49284994
0.36919605 0.13823798 0.49722664
0.37533516 0.14649391 0.49912406
0.3804264  0.15587493 0.50046704
0.38507693 0.16540799 0.50186371
0.38955704 0.174776   0.50343871
0.39393241 0.18395441 0.50516265
0.39825629 0.19292561 0.50702855
0.40254398 0.20171093 0.50901356
0.40679487 0.2103466  0.51107482
0.41104033 0.21881464 0.51325391
0.41527136 0.22715291 0.51550636
0.41949603 0.23536995 0.51783224
0.42373422 0.24345712 0.52026032
0.42794081 0.25147996 0.52270893
0.43215672 0.25940509 0.5252294 
0.43639205 0.26723267 0.52783279
0.44061428 0.27500511 0.53046913
0.44484391 0.28270981 0.53316145
0.44910233 0.29033398 0.53593533
0.45333348 0.29793715 0.53871117
0.4576005  0.3054658  0.54157357
0.46186791 0.31295868 0.54446936
0.46614284 0.32041406 0.54740551
0.47043905 0.32782432 0.55039916
0.47473101 0.33521547 0.55341421
0.47905691 0.34255901 0.5564999 
0.48337791 0.34989058 0.55960482
0.48773521 0.35718026 0.56277879
0.49208138 0.36446938 0.56595772
0.49646416 0.37172257 0.56920372
0.50084697 0.37897115 0.5724685 
0.50524356 0.38620788 0.57576162
0.50967766 0.3934194  0.5790994 
0.51413824 0.40061644 0.58246692
0.51862513 0.40780159 0.58586138
0.52313966 0.41497611 0.58928242
0.52768132 0.42214181 0.59273209
0.53225929 0.42929441 0.59621899
0.53686331 0.43644262 0.59973216
0.54150102 0.44358364 0.60327486
0.54616362 0.45072449 0.60684017
0.55086593 0.45785702 0.61044336
0.55559718 0.46498966 0.61407342
0.56036745 0.47211758 0.61773938
0.56516783 0.47924805 0.62143024
0.57000207 0.4863802  0.62514825
0.57487433 0.49351245 0.62889964
0.57978012 0.50064885 0.63267956
0.5847301  0.50778439 0.63649687
0.58970681 0.5149308  0.64033389
0.59473666 0.52207355 0.64421574
0.59979199 0.52923009 0.64811618
0.60490246 0.53638423 0.65206265
0.61004241 0.54355244 0.65602754
0.61522643 0.55072709 0.66002593
0.62045695 0.55790783 0.6640605 
0.62572043 0.5651034  0.66811806
0.63104478 0.57229933 0.67222246
0.63640316 0.57951175 0.67634849
0.64180932 0.58673386 0.68050928
0.64726945 0.59396326 0.68471009
0.6527678  0.60120989 0.68893401
0.65832214 0.60846494 0.69319725
0.66392838 0.61573155 0.69749646
0.6695788  0.62301496 0.70182336
0.67528608 0.63030967 0.70618581
0.68104961 0.63761671 0.71058508
0.68686324 0.64494026 0.71501576
0.69273119 0.65227918 0.71947966
0.69866728 0.65962722 0.7239878 
0.70465917 0.66699172 0.72852995
0.71070698 0.67437404 0.73310137
0.71681395 0.68177336 0.73770475
0.72299637 0.68918183 0.74235679
0.7292439  0.69660598 0.74704638
0.73555542 0.70404813 0.75176451
0.74193779 0.71150486 0.75652423
0.74839227 0.71897697 0.7613214 
0.75492142 0.72646444 0.76615471
0.76153008 0.73396539 0.7710309 
0.76822071 0.74148005 0.77594696
0.77499596 0.74900803 0.78090452
0.78181475 0.75656459 0.785926  
0.78867486 0.76415279 0.79099935
0.7955794  0.77177076 0.79613758
0.80252793 0.77941994 0.80133689
0.80952101 0.78710083 0.80659825
0.8165587  0.79481442 0.81192022
0.82364298 0.80255991 0.8173104 
0.83077561 0.81033679 0.82277534
0.8379552  0.81814737 0.82830666
0.84518524 0.82598957 0.83391906
0.85246584 0.83386437 0.83961129
0.85979912 0.84177096 0.84539149
0.86718742 0.84970835 0.85126894
0.8746353  0.85767355 0.85726356
0.88210719 0.86561756 0.86336928
0.87517472 0.85774884 0.85446047
0.86962495 0.84932969 0.84546879
0.86426636 0.84089893 0.83642464
0.85904442 0.83247369 0.82735935
0.85393576 0.82406068 0.81828558
0.84890905 0.81566952 0.80922107
0.8439741  0.80729561 0.80015832
0.83909342 0.79895097 0.79111925
0.83429603 0.79062429 0.78208447
0.82956034 0.7823221  0.77306611
0.82488455 0.77404397 0.76406402
0.82024884 0.76579601 0.75508955
0.81567234 0.75757032 0.74612936
0.81114145 0.7493708  0.73719089
0.80665182 0.74119807 0.72827578
0.80220877 0.73304917 0.71937944
0.79779868 0.72492821 0.71050957
0.79342216 0.71683402 0.70166469
0.7891028  0.70875668 0.69282815
0.78480854 0.70070735 0.68401989
0.78054112 0.69268448 0.67523775
0.77630148 0.6846861  0.66648688
0.7720866  0.67671109 0.65778157
0.76790723 0.66875379 0.64911853
0.76375118 0.66081879 0.6404976 
0.75961757 0.65290558 0.6319179 
0.755508   0.64501236 0.62337956
0.75142804 0.63713548 0.61488162
0.747366   0.62927951 0.60642376
0.74331664 0.62144582 0.59800798
0.7392909  0.61362819 0.58963261
0.73528278 0.60582859 0.58129649
0.73128498 0.59804961 0.57300001
0.72730109 0.59028845 0.56474303
0.72333576 0.58254176 0.55652456
0.71937709 0.5748146  0.54834428
0.71542463 0.56710613 0.54020299
0.71148886 0.55940989 0.53209974
0.70755548 0.55173242 0.52403371
0.7036241  0.54407285 0.51600554
0.69970453 0.53642481 0.50801545
0.6957837  0.5287945  0.50006133
0.69186417 0.5211795  0.49214319
0.68795189 0.51357529 0.48426167
0.68403273 0.50598877 0.47641627
0.68011468 0.49841442 0.46860595
0.67619774 0.49085107 0.46083066
0.67227027 0.48330437 0.45309052
0.66834398 0.47576629 0.44538557
0.6644104  0.46824079 0.4377145 
0.6604655  0.46072917 0.43007719
0.65652089 0.45322307 0.42247424
0.65255947 0.44573182 0.41490512
0.64859126 0.43824808 0.40736894
0.64461303 0.43077257 0.39986556
0.64061538 0.42331004 0.39239517
0.63661336 0.41584937 0.38495799
0.63258977 0.40840059 0.37755264
0.62855435 0.40095588 0.37017905
0.62450077 0.39351794 0.36283799
0.62042355 0.38608914 0.35552949
0.61633479 0.37865969 0.34825218
0.61221836 0.37123938 0.34100574
0.60808803 0.36381674 0.33379046
0.60392943 0.35640044 0.32660649
0.59974872 0.34898435 0.31945323
0.59554452 0.34156768 0.31233011
0.59131084 0.33415312 0.30523717
0.58705558 0.32673253 0.2981746 
0.58276296 0.31931628 0.29114251
0.57845042 0.31188829 0.28414063
0.57411125 0.30445301 0.27715355
0.5697179  0.29703068 0.27018659
0.56530471 0.2895918  0.26322281
0.56085716 0.28214522 0.25626781
0.55636068 0.27470061 0.24932715
0.55184846 0.2672268  0.24238409
0.54727306 0.25976189 0.23545768
0.54267039 0.25227112 0.22853062
0.53803562 0.24475454 0.22160399
0.53333105 0.23724378 0.21469269
0.52859724 0.22969678 0.20777493
0.52382537 0.22211659 0.20085373
0.51898751 0.21452661 0.19393818
0.51410543 0.20689988 0.18701405
0.50917578 0.19923336 0.18008132
0.50418858 0.19153106 0.17314325
0.49915572 0.18377302 0.16618172
0.49404844 0.17598403 0.15921065
0.48887767 0.16814331 0.1522181 
0.48364744 0.16023635 0.1451898 
0.47835159 0.15225945 0.13811886
0.47298346 0.14420883 0.13099644
0.46752368 0.13609924 0.12381051
0.46198023 0.12790618 0.11652981
0.45635511 0.11961073 0.10911233
0.45058603 0.11130041 0.10152675
0.44466074 0.1029962  0.09367421
0.43846808 0.09491793 0.08543461
0.43166601 0.08778872 0.07684795
0.42387187 0.08245646 0.06867531
0.41548348 0.07818935 0.06127147
0.40669685 0.07461571 0.05474526
0.39762034 0.07151724 0.04920208
0.38839137 0.06862259 0.04449284
0.37909108 0.06577956 0.04041073
0.36977319 0.06289118 0.03678682
0.36045465 0.05992881 0.03363552
0.3511414  0.05688331 0.03083569
0.34183926 0.05374248 0.02829942
0.33255181 0.05049626 0.02596349
0.32326219 0.0471739  0.02381947
0.31398913 0.04373037 0.02179973
0.30470891 0.0402023  0.01992304
0.29543247 0.03661348 0.01814652
0.2861527  0.03311794 0.01646539
0.27684687 0.02976179 0.0148923 
0.26752836 0.02652005 0.01337252
0.2581845  0.02341419 0.0119168 
0.24881715 0.02043672 0.01052212
0.23941762 0.017599   0.00919516
0.22998196 0.01490278 0.00793767
0.2205032  0.01235399 0.00675345
0.21097927 0.00995008 0.00564223
0.20139768 0.00770315 0.00461069
0.19175018 0.00561697 0.00366137
0.18203205 0.00368962 0.00279431
0.17222502 0.00193476 0.00201619
