0.14910598 0.50679064 0.4613768 
0.15306732 0.50836031 0.46301007
0.15690484 0.50993658 0.46464597
0.16067448 0.51151461 0.46628331
0.16438169 0.51309429 0.46792205
0.16803151 0.51467549 0.46956219
0.1716326  0.51625767 0.47120358
0.17518323 0.51784133 0.47284636
0.1786892  0.51942614 0.47449045
0.18215317 0.5210121  0.47613586
0.18557731 0.52259922 0.4777826 
0.18896284 0.52418761 0.4794307 
0.19231068 0.52577739 0.4810802 
0.19562815 0.52736794 0.48273094
0.19891044 0.52896001 0.48438313
0.20216358 0.53055308 0.48603664
0.20538497 0.53214766 0.48769159
0.20858144 0.53374307 0.48934784
0.21174857 0.53534004 0.49100557
0.21489102 0.53693812 0.49266466
0.21801027 0.53853729 0.49432513
0.22110492 0.54013786 0.49598706
0.22417641 0.5417398  0.49765043
0.22722715 0.5433429  0.49931522
0.2302583  0.54494714 0.50098142
0.23326934 0.5465527  0.50264907
0.23626095 0.54815962 0.50431821
0.23923418 0.54976785 0.50598881
0.24218984 0.55137739 0.50766089
0.24512863 0.55298826 0.50933446
0.24805115 0.55460045 0.51100952
0.25095808 0.55621396 0.51268608
0.25385002 0.55782881 0.51436414
0.25672736 0.55944502 0.51604373
0.25959074 0.56106259 0.51772484
0.26244069 0.56268151 0.51940749
0.26527766 0.5643018  0.52109167
0.268102   0.56592349 0.52277741
0.27091405 0.5675466  0.52446471
0.27371442 0.56917111 0.52615358
0.2765031  0.57079708 0.52784405
0.27928083 0.57242448 0.52953609
0.28204753 0.57405339 0.53122975
0.28480397 0.57568375 0.53292502
0.28755185 0.57731533 0.53462184
0.29028984 0.57894843 0.53632029
0.2930183  0.58058304 0.53802038
0.29573737 0.5822192  0.53972212
0.29844724 0.58385695 0.54142553
0.30114832 0.58549625 0.54313062
0.30384319 0.58713673 0.54483728
0.30652966 0.58877882 0.54654564
0.30920792 0.59042254 0.5482557 
0.31187815 0.5920679  0.54996747
0.31454138 0.59371479 0.55168094
0.317199   0.59536299 0.55339605
0.31984915 0.59701289 0.55511291
0.322492   0.5986645  0.55683153
0.32512823 0.60031776 0.55855189
0.32776009 0.60197229 0.56027391
0.33038515 0.60362858 0.56199772
0.33300356 0.60528665 0.56372333
0.335617   0.60694623 0.56545068
0.3382259  0.60860729 0.56717976
0.34082845 0.61027019 0.56891068
0.34342491 0.61193494 0.57064344
0.34601895 0.61360088 0.57237788
0.34860715 0.61526869 0.57411418
0.35118946 0.61693843 0.57585236
0.35376893 0.61860955 0.57759229
0.35634387 0.6202824  0.57933406
0.35891321 0.62195723 0.58107775
0.3614798  0.62363353 0.58282322
0.36404241 0.62531156 0.58457056
0.36659984 0.6269916  0.58631984
0.36915505 0.6286731  0.58807092
0.37170631 0.63035643 0.58982392
0.37425287 0.63204178 0.59157886
0.37679787 0.63372855 0.59333563
0.37933891 0.63541725 0.59509435
0.38187557 0.637108   0.59685505
0.38441152 0.63880009 0.59861758
0.38694287 0.64049433 0.60038212
0.38947164 0.64219036 0.60214861
0.39199842 0.64388806 0.60391701
0.39452104 0.64558793 0.60568746
0.39704279 0.6472893  0.60745981
0.39956125 0.64899272 0.60923418
0.40207679 0.65069813 0.61101058
0.40459145 0.65240513 0.61278891
0.4071022  0.65411439 0.61456934
0.40961236 0.65582522 0.61635171
0.41211971 0.65753814 0.61813615
0.41462466 0.65925308 0.61992266
0.41712898 0.66096969 0.62171115
0.41962969 0.66268863 0.62350179
0.42213068 0.6644091  0.6252944 
0.42462862 0.66613182 0.62708915
0.42712554 0.6678564  0.62888596
0.42962101 0.66958295 0.63068486
0.43211408 0.67131171 0.63248592
0.43460726 0.67304214 0.63428901
0.43709723 0.674775   0.63609432
0.43958816 0.6765094  0.63790164
0.44207617 0.67824621 0.6397112 
0.44456407 0.67998485 0.64152285
0.44705032 0.68172566 0.64333669
0.44953562 0.68346853 0.64515269
0.45202032 0.6852134  0.64697086
0.45450328 0.68696054 0.64879125
0.45698664 0.68870949 0.65061378
0.45946757 0.69046093 0.6524386 
0.4619497  0.69221404 0.65426552
0.46442908 0.69396975 0.65609479
0.46690999 0.6957271  0.65792617
0.46938846 0.69748703 0.65975989
0.47186799 0.69924875 0.66159578
0.4743457  0.70101295 0.66343401
0.4768241  0.70277906 0.66527444
0.47930121 0.70454757 0.66711721
0.48177872 0.70631811 0.66896222
0.48425538 0.70809099 0.67080957
0.48673224 0.70986599 0.67265919
0.4892086  0.71164329 0.67451116
0.49168502 0.71342277 0.67636544
0.49416122 0.71520454 0.67822206
0.49663744 0.71698854 0.68008103
0.49911362 0.71877482 0.68194236
0.50159041 0.72056323 0.68380601
0.50406671 0.72235408 0.68567208
0.50654316 0.72414721 0.68754053
0.50901971 0.72594266 0.68941138
0.51149659 0.7277404  0.69128462
0.51397352 0.72954052 0.69316029
0.51645104 0.73134289 0.69503836
0.51892846 0.73314772 0.69691889
0.5214068  0.73495477 0.69880183
0.52388485 0.73676436 0.70068727
0.5263642  0.73857611 0.70257512
0.52884298 0.74039052 0.7044655 
0.53132353 0.742207   0.70635829
0.53380315 0.74402627 0.70825366
0.53628508 0.74584753 0.71015142
0.53876565 0.74767171 0.71205182
0.54124875 0.74949786 0.71395463
0.5437308  0.7513269  0.71586008
0.54621503 0.75315804 0.71776797
0.54869892 0.75499192 0.71967849
0.55118433 0.7568281  0.72159153
0.55367024 0.75866686 0.72350715
0.55615695 0.76050814 0.72542536
0.55864503 0.76235181 0.72734614
0.56113314 0.76419823 0.72926957
0.56362367 0.76604681 0.73119553
0.56611327 0.76789843 0.73312422
0.56860549 0.7697522  0.73505545
0.57109746 0.77160886 0.73698941
0.57359129 0.77346791 0.73892596
0.57608616 0.77532956 0.74086519
0.57858167 0.77719394 0.74280712
0.58107947 0.77906063 0.74475167
0.58357679 0.78093039 0.74669902
0.58607678 0.7828024  0.74864898
0.588577   0.78467733 0.75060173
0.59107883 0.78655482 0.75255718
0.59358256 0.78843482 0.75451533
0.59608639 0.79031783 0.75647631
0.5985929  0.79220317 0.75843996
0.60109969 0.79409152 0.76040645
0.6036083  0.79598246 0.7623757 
0.60611897 0.79787597 0.7643477 
0.6086298  0.79977256 0.76632259
0.61114327 0.80167158 0.76830021
0.61365766 0.80357353 0.7702807 
0.61617339 0.8054783  0.77226403
0.61869191 0.80738552 0.77425013
0.62121029 0.809296   0.7762392 
0.62373119 0.81120904 0.77823108
0.62625423 0.81312476 0.78022581
0.62877762 0.81504367 0.78222351
0.63130359 0.81696518 0.78422406
0.63383151 0.81888947 0.7862275 
0.6363601  0.82081692 0.78823393
0.63889141 0.82274698 0.79024324
0.6414245  0.82467993 0.7922555 
0.64395848 0.82661603 0.79427077
0.64649524 0.82855478 0.79628894
0.64903397 0.83049642 0.79831009
0.65157345 0.83244131 0.80033431
0.65411567 0.83438891 0.80236147
0.65666052 0.83633927 0.8043916 
0.65920565 0.83829308 0.80642487
0.66175341 0.84024968 0.80846113
0.66430388 0.84220907 0.81050039
0.66685578 0.84417164 0.81254276
0.66940932 0.84613733 0.81458822
0.67196549 0.8481059  0.81663672
0.67452427 0.85007736 0.81868829
0.67708405 0.8520522  0.82074304
0.67964613 0.85403005 0.82280089
0.68221084 0.85601085 0.82486185
0.68477816 0.85799461 0.82692592
0.68734685 0.85998172 0.82899319
0.68991765 0.86197197 0.83106365
0.69249106 0.86396525 0.83313725
0.69506706 0.86596157 0.83521403
0.69764563 0.86796096 0.83729398
0.70022537 0.86996386 0.83937723
0.70280766 0.87196987 0.8414637 
0.70539259 0.87397898 0.84355338
0.70798011 0.87599123 0.8456463 
0.71057017 0.87800667 0.84774247
0.7131628  0.88002528 0.8498419 
0.71575711 0.88204736 0.85194468
0.7183539  0.88407269 0.85405076
0.7209534  0.88610122 0.85616013
0.72355541 0.88813302 0.85827283
0.72616012 0.89016807 0.86038885
0.72876735 0.89220644 0.86250823
0.73137721 0.8942481  0.86463097
0.7339897  0.89629308 0.86675708
0.73660476 0.89834142 0.86888658
0.73922242 0.90039313 0.87101948
0.74184272 0.90244821 0.8731558 
0.74446574 0.90450666 0.87529554
0.74709143 0.90656852 0.87743873
0.74971981 0.90863379 0.87958536
0.75235097 0.91070248 0.88173547
0.7549849  0.9127746  0.88388905
0.75762165 0.91485016 0.88604612
0.76026128 0.91692915 0.88820668
0.76290396 0.91901156 0.89037075
0.76554965 0.9210974  0.89253834
0.7681978  0.92318687 0.8947095 
0.77084856 0.92527994 0.89688424
0.7735026  0.92737643 0.89906253
0.77616013 0.9294763  0.90124436
0.77882014 0.93157986 0.90342982
0.78148282 0.93368709 0.90561891
0.78414962 0.93579755 0.90781155
0.78681826 0.93791198 0.91000791
0.78949096 0.9400297  0.91220785
0.79216616 0.94215122 0.9144115 
0.79484559 0.94427602 0.91661874
0.79752684 0.94640488 0.91882976
0.80021202 0.94853715 0.92104444
0.80290075 0.95067297 0.92326281
0.80559274 0.95281246 0.9254849 
0.808288   0.95495563 0.92771074
0.81098661 0.95710248 0.92994033
0.81368965 0.9592527  0.93217361
0.81639556 0.96140678 0.9344107 
0.81910616 0.96356418 0.9366515 
0.82182187 0.9657248  0.93889598
0.82454307 0.96788853 0.94114413
0.82728503 0.97005061 0.94339482
