0.56956394 0.34464355 0.64049425
0.57088875 0.34685114 0.64134339
0.5722323  0.34903565 0.64223003
0.57357967 0.35121443 0.64312408
0.57493049 0.35338804 0.64402476
0.57628435 0.35555705 0.64493126
0.57763954 0.35772349 0.64584009
0.57899756 0.35988578 0.64675428
0.58035741 0.36204513 0.64767178
0.58171902 0.36420172 0.64859244
0.58308243 0.36635558 0.64951629
0.58444792 0.3685065  0.65044392
0.58581587 0.37065414 0.65137605
0.58718432 0.37280073 0.65230874
0.58855557 0.37494384 0.65324658
0.58992801 0.3770853  0.65418632
0.59130313 0.37922359 0.65513092
0.59267888 0.38136095 0.6560763 
0.59405741 0.3834952  0.65702669
0.5954374  0.38562779 0.65797946
0.5968187  0.38775896 0.6589343 
0.59820226 0.38988776 0.65989309
0.59958792 0.39201446 0.66085546
0.60097508 0.39413973 0.66182025
0.60236364 0.39626374 0.66278721
0.60375413 0.39838601 0.66375738
0.6051466  0.40050655 0.66473086
0.60654093 0.40262554 0.66570739
0.60793708 0.4047431  0.66668686
0.60933504 0.40685928 0.66766926
0.61073484 0.40897414 0.6686546 
0.61213643 0.41108775 0.6696428 
0.61353982 0.41320018 0.67063383
0.61494507 0.41531142 0.67162782
0.61635213 0.41742157 0.67262466
0.61776101 0.41953069 0.67362433
0.61917171 0.42163883 0.67462681
0.62058428 0.42374598 0.67563223
0.62199878 0.42585215 0.67664064
0.62341511 0.42795747 0.67765187
0.62483348 0.43006181 0.67866628
0.62625373 0.43216536 0.67968356
0.62767606 0.43426798 0.6807041 
0.6291003  0.43636989 0.68172752
0.63052579 0.43847175 0.68275256
0.63195334 0.44057286 0.68378075
0.63338292 0.44267328 0.68481202
0.63481461 0.44477298 0.68584654
0.63624848 0.44687193 0.68688441
0.63768447 0.44897026 0.68792549
0.63912145 0.45106905 0.68896759
0.64056063 0.45316723 0.69001303
0.64200205 0.45526479 0.69106188
0.64344574 0.45736175 0.69211419
0.64489132 0.45945851 0.69316921
0.64633821 0.46155564 0.69422579
0.64778745 0.46365223 0.69528594
0.64923909 0.46574828 0.69634973
0.65069287 0.46784405 0.69741667
0.65214777 0.46994052 0.69848476
0.65360513 0.47203652 0.69955656
0.65506498 0.47413206 0.70063212
0.65652655 0.47622786 0.70170997
0.65798971 0.47832409 0.70278981
0.6594555  0.48041984 0.70387365
0.66092388 0.48251519 0.70496141
0.66239302 0.48461183 0.70604951
0.66386479 0.4867081  0.7071416 
0.66533932 0.48880393 0.70823787
0.66681508 0.49090074 0.70933535
0.66829304 0.49299767 0.71043594
0.66977385 0.4950942  0.71154086
0.67125608 0.49719162 0.71264734
0.67274046 0.49928934 0.71375675
0.67422771 0.50138673 0.71487051
0.6757163  0.50348519 0.71598564
0.67720725 0.50558386 0.71710407
0.67870104 0.50768234 0.71822673
0.68019603 0.50978211 0.71935046
0.68169358 0.51188201 0.72047785
0.68319402 0.51398179 0.72160953
0.68469536 0.5160832  0.72274167
0.68619985 0.51818434 0.72387854
0.68770641 0.52028615 0.72501812
0.68921478 0.52238892 0.72615984
0.69072625 0.52449156 0.72730615
0.69223901 0.52659563 0.72845364
0.69375449 0.52869996 0.729605  
0.69527255 0.5308047  0.73075993
0.69679209 0.53291082 0.73191634
0.69831489 0.53501683 0.73307759
0.6998391  0.53712433 0.73424017
0.70136605 0.53923223 0.73540658
0.70289557 0.5413407  0.7365765 
0.70442668 0.54345059 0.73774805
0.70596117 0.54556044 0.73892461
0.70749683 0.54767211 0.74010198
0.70903564 0.549784   0.7412839 
0.71057648 0.55189705 0.74246823
0.71211964 0.55401106 0.74365553
0.71366574 0.55612555 0.74484693
0.71521334 0.55824172 0.74603972
0.71676445 0.56035796 0.74723767
0.71831666 0.56247626 0.74843622
0.7198723  0.56459476 0.74963976
0.72142976 0.5667148  0.75084524
0.72299    0.56883561 0.75205446
0.72455265 0.57095753 0.7532667 
0.72611753 0.57308073 0.75448164
0.72768538 0.57520464 0.75570063
0.72925496 0.57733028 0.75692133
0.73082802 0.57945629 0.75814702
0.7324024  0.58158441 0.75937364
0.73398054 0.58371273 0.76060575
0.73555988 0.5858433  0.76183853
0.73714289 0.5879742  0.76307661
0.73872746 0.59010712 0.76431601
0.74031539 0.59224066 0.76556013
0.74190519 0.59437603 0.76680612
0.74349812 0.59651226 0.76805635
0.74509316 0.59865017 0.76930891
0.74669115 0.60078915 0.77056532
0.74829145 0.6029297  0.77182442
0.74989455 0.60507148 0.77308709
0.75150013 0.60721477 0.77435272
0.75310842 0.6093594  0.77562171
0.75471928 0.61150551 0.77689384
0.75633281 0.61365305 0.77816923
0.75794862 0.61580234 0.77944716
0.75956744 0.61795285 0.78072902
0.76118892 0.62010488 0.78201407
0.76281311 0.6222584  0.78330244
0.7644399  0.62441354 0.78459392
0.76606951 0.62657013 0.78588889
0.76770164 0.62872845 0.78718677
0.76933674 0.63088817 0.7884884 
0.77097421 0.63304976 0.78979268
0.77261486 0.63521266 0.79110105
0.77425771 0.63737761 0.7924117 
0.77590397 0.63954373 0.79372688
0.7775522  0.64171213 0.79504389
0.77920414 0.64388152 0.79636596
0.78085777 0.64605345 0.79768932
0.78251545 0.64822617 0.79901835
0.78417474 0.65040153 0.80034849
0.78583796 0.65257782 0.80168405
0.78750307 0.65475659 0.80302122
0.78917172 0.65693664 0.80436306
0.79084274 0.65911885 0.8057074 
0.79251683 0.66130273 0.8070555 
0.79419383 0.66348843 0.80840707
0.79587339 0.66567623 0.80976144
0.79755641 0.66786548 0.81112027
0.79924138 0.67005732 0.81248077
0.80093049 0.67225017 0.81384695
0.80262149 0.6744457  0.81521466
0.80431626 0.67664256 0.81658734
0.80601345 0.67884176 0.81796252
0.80771365 0.68104289 0.81934125
0.80941712 0.68324579 0.82072401
0.81112284 0.68545122 0.82210891
0.81283263 0.68765788 0.82349927
0.81454447 0.68986727 0.82489139
0.81625999 0.69207823 0.82628823
0.8179783  0.69429141 0.82768816
0.81969926 0.69650695 0.82909091
0.82142407 0.69872402 0.83049866
0.82315106 0.70094382 0.83190835
0.82488184 0.70316523 0.83332292
0.82661543 0.70538897 0.83474057
0.82835171 0.70761517 0.83616102
0.83009194 0.70984292 0.83758662
0.83183453 0.71207341 0.83901443
0.83358063 0.71430582 0.84044655
0.83533    0.71654035 0.84188251
0.83708171 0.7187777  0.84332061
0.83883773 0.72101647 0.84476444
0.84059632 0.72325794 0.84621081
0.84235778 0.72550192 0.84766024
0.84412329 0.72774758 0.84911491
0.84589143 0.72999596 0.85057218
0.84766263 0.73224677 0.85203285
0.84943777 0.73449943 0.8534985 
0.85121553 0.73675488 0.85496669
0.85299654 0.7390127  0.85643861
0.85478144 0.74127247 0.85791536
0.856569   0.74353508 0.85939472
0.85835977 0.74580016 0.86087768
0.86015461 0.74806714 0.86236576
0.8619522  0.75033695 0.86385659
0.86375266 0.75260954 0.86535037
0.86555758 0.75488383 0.86684996
0.86736543 0.75716091 0.86835255
0.86917617 0.75944082 0.8698581 
0.87099068 0.76172298 0.87136818
0.87280885 0.76400749 0.87288258
0.87463006 0.7662948  0.87440015
0.87645434 0.76858491 0.87592094
0.8782828  0.77087709 0.87744696
0.88011459 0.77317194 0.87897664
0.88194952 0.77546961 0.88050964
0.88378764 0.7777701  0.88204603
0.8856298  0.78007285 0.88358733
0.88747553 0.7823782  0.8851327 
0.88932453 0.78468639 0.88668155
0.89117683 0.7869974  0.88823397
0.89303247 0.78931124 0.88979   
0.89489244 0.79162727 0.89135139
0.89675583 0.79394612 0.89291651
0.8986226  0.79626785 0.89448526
0.90049281 0.79859243 0.89605776
0.90236654 0.80091985 0.89763412
0.90424377 0.80325013 0.89921432
0.90612515 0.80558286 0.90079948
0.90801016 0.80791842 0.90238869
0.90989868 0.81025691 0.90398168
0.91179086 0.81259825 0.90557875
0.91368661 0.81494254 0.90717969
0.91558608 0.81728968 0.90878478
0.91748922 0.81963976 0.9103939 
0.91939606 0.82199275 0.91200711
0.92130666 0.82434865 0.91362451
0.92322104 0.82670748 0.9152461 
0.9251392  0.82906925 0.91687187
0.92706111 0.83143401 0.91850177
0.92898683 0.83380174 0.9201359 
0.93091638 0.83617246 0.92177425
0.93284973 0.83854621 0.92341678
0.9347869  0.840923   0.92506351
0.93672791 0.84330285 0.92671445
0.93867273 0.8456858  0.92836955
0.94062128 0.84807192 0.93002863
0.94257361 0.85046121 0.93169179
0.94453013 0.85285343 0.93335974
0.94649076 0.85524865 0.93503233
0.94845507 0.85764717 0.93670879
0.95042296 0.86004909 0.93838891
0.95239515 0.86245397 0.94007394
0.95437152 0.86486191 0.94176368
0.95635112 0.86727354 0.94345644
0.95833553 0.86968787 0.945155  
0.96032328 0.87210589 0.94685672
0.96231546 0.8745269  0.94856352
0.9643109  0.87695169 0.95027335
0.9663113  0.8793792  0.95198917
0.96831524 0.88181035 0.95370846
0.970323   0.88424499 0.95543173
0.97233482 0.88668301 0.95715935
0.97435072 0.88912439 0.95889137
0.97637068 0.8915692  0.96062771
0.97839399 0.89401791 0.96236713
0.98042173 0.89646985 0.96411154
0.98245272 0.8989258  0.96585879
0.9844867  0.90138597 0.96760843
0.98652342 0.90385051 0.96936002
0.98855256 0.90632609 0.97109529
