0.64448651 0.35115657 0.12756334
0.64585145 0.35324003 0.12972041
0.64723786 0.35530627 0.13184771
0.64862534 0.35737093 0.13396782
0.65001343 0.35943442 0.13608157
0.65140159 0.36149717 0.13818979
0.65278745 0.36356102 0.14029525
0.65417316 0.3656244  0.14239595
0.65555731 0.36768838 0.14449356
0.65693982 0.36975307 0.1465884 
0.65832074 0.37181846 0.1486806 
0.65970051 0.37388426 0.1507699 
0.66107969 0.3759501  0.15285595
0.66245545 0.37801805 0.15494175
0.66383113 0.38008575 0.15702412
0.66520441 0.38215487 0.15910555
0.66657746 0.38422391 0.16118403
0.66794733 0.38629501 0.16326266
0.66931713 0.38836595 0.16533846
0.67068496 0.39043815 0.16741348
0.6720506  0.39251176 0.16948806
0.67341546 0.39458583 0.17156094
0.67477931 0.39666055 0.17363248
0.67614128 0.39873655 0.17570364
0.67750122 0.40081397 0.17777468
0.67885991 0.40289228 0.17984496
0.68021747 0.40497143 0.18191448
0.68157371 0.40705159 0.18398352
0.68292856 0.40913282 0.18605224
0.68428205 0.41121514 0.18812074
0.68563419 0.41329855 0.19018907
0.68698495 0.41538311 0.19225739
0.68833431 0.41746885 0.19432577
0.68968241 0.41955571 0.1963942 
0.69102916 0.42164377 0.19846282
0.69237457 0.42373304 0.20053173
0.69371865 0.42582355 0.20260097
0.6950615  0.42791525 0.20467055
0.69640319 0.43000812 0.20674048
0.69774361 0.43210226 0.20881092
0.69908306 0.4341975  0.21088169
0.70042131 0.436294   0.21295307
0.70175869 0.43839159 0.21502481
0.70309492 0.44049046 0.21709726
0.70442896 0.44259131 0.21917138
0.70576208 0.44469334 0.22124611
0.70709426 0.44679658 0.22332154
0.70842565 0.44890098 0.22539761
0.70975635 0.45100647 0.22747427
0.71108627 0.45311315 0.22955167
0.71241357 0.45522221 0.23163147
0.71374022 0.45733241 0.23371201
0.7150663  0.45944374 0.23579328
0.71639187 0.46155617 0.23787527
0.71771631 0.46367012 0.23995859
0.71903864 0.46578622 0.24204412
0.7203606  0.4679034  0.24413041
0.72168227 0.47002165 0.24621745
0.72300326 0.47214122 0.24830563
0.72432181 0.47426322 0.25039649
0.72564019 0.47638628 0.25248814
0.72695846 0.47851038 0.25458059
0.72827533 0.48063633 0.25667497
0.72959056 0.48276429 0.25877152
0.73090593 0.48489321 0.2608688 
0.7322214  0.48702315 0.26296688
0.73353378 0.48915602 0.26506847
0.73484634 0.49128989 0.26717089
0.73615929 0.49342466 0.269274  
0.73746995 0.49556195 0.27138006
0.73878004 0.49770075 0.27348769
0.74009071 0.49984041 0.275596  
0.74139942 0.50198244 0.27770709
0.74270745 0.50412611 0.27981997
0.74401613 0.50627066 0.28193358
0.7453227  0.50841772 0.28405021
0.74662897 0.51056627 0.28616842
0.74793584 0.5127158  0.28828754
0.74924032 0.51486804 0.29040999
0.75054489 0.5170216  0.29253382
0.75185015 0.51917617 0.2946586 
0.75315248 0.5213338  0.29678725
0.75445596 0.52349222 0.29891654
0.75575866 0.52565253 0.30104805
0.75706005 0.52781505 0.30318223
0.75836252 0.52997846 0.30531722
0.75966275 0.53214463 0.30745568
0.76096339 0.5343121  0.30959556
0.76226415 0.53648107 0.31173711
0.76356298 0.53865267 0.31388197
0.76486322 0.54082508 0.31602756
0.76616141 0.54300024 0.31817662
0.76746003 0.5451768  0.32032724
0.76875877 0.54735493 0.3224797 
0.77005578 0.54953569 0.32463546
0.77135445 0.55171723 0.32679193
0.77265056 0.55390188 0.3289524 
0.77394789 0.55608758 0.33111398
0.7752443  0.55827553 0.33327835
0.77654036 0.56046545 0.33544511
0.77783724 0.5626567  0.33761337
0.77913216 0.56485081 0.33978532
0.78042903 0.56704571 0.34195797
0.78172313 0.56924392 0.34413497
0.78301903 0.57144304 0.34631286
0.78431357 0.57364476 0.34849407
0.78560863 0.5758481  0.35067721
0.78690347 0.57805348 0.35286287
0.78819775 0.58026109 0.35505131
0.78949293 0.58247019 0.35724149
0.79078653 0.58468208 0.35943528
0.79208203 0.58689498 0.3616301 
0.79337514 0.58911113 0.36382921
0.79467073 0.59132803 0.36602898
0.79596364 0.59354836 0.36823329
0.79725885 0.59576957 0.37043845
0.79855209 0.59799388 0.37264767
0.79984703 0.60021942 0.37485826
0.80114062 0.60244777 0.3770725 
0.80243541 0.60467765 0.37928853
0.80372934 0.60691013 0.38150789
0.80502409 0.60914436 0.38372938
0.80631839 0.61138102 0.38595397
0.8076132  0.61361963 0.38818095
0.80890788 0.61586054 0.39041085
0.81020288 0.61810354 0.39264335
0.81149794 0.62034877 0.39487866
0.81279323 0.62259617 0.39711669
0.81408794 0.62484617 0.39935806
0.81538362 0.62709799 0.40160167
0.81667948 0.62935208 0.40384811
0.81797566 0.63160835 0.40609731
0.81927191 0.63386696 0.40834948
0.82056871 0.6361277  0.41060429
0.82186537 0.63839091 0.41286227
0.82316289 0.64065613 0.41512273
0.82445998 0.64292401 0.41738662
0.82575835 0.64519373 0.41965274
0.82705587 0.64746633 0.42192263
0.82835519 0.64974056 0.42419442
0.82965316 0.65201796 0.42647042
0.83095356 0.65429673 0.42874791
0.83225198 0.65657899 0.4310301 
0.83355359 0.6588623  0.43331331
0.83485299 0.66114924 0.43560141
0.83615533 0.66343739 0.43789077
0.83745605 0.66572893 0.44018465
0.83875884 0.66802212 0.44248047
0.84006109 0.67031823 0.4447801 
0.84136433 0.67261655 0.44708247
0.8426682  0.67491725 0.44938787
0.84397191 0.67722074 0.45169688
0.8452775  0.67952609 0.4540081 
0.84658154 0.68183489 0.45632395
0.84788896 0.68414488 0.458641  
0.84919468 0.68645844 0.46096284
0.85050293 0.68877362 0.46328654
0.85181068 0.69109185 0.46561424
0.85311922 0.69341254 0.46794506
0.85442917 0.69573544 0.47027859
0.85573817 0.69806163 0.47261652
0.85705039 0.70038924 0.47495595
0.85836117 0.7027204  0.47730015
0.85967427 0.70505343 0.47964655
0.86098764 0.70738927 0.48199658
0.86230092 0.7097281  0.48435053
0.86361689 0.71206869 0.48670648
0.86493168 0.7144128  0.48906716
0.86624904 0.71675876 0.49142999
0.86756665 0.71910763 0.49379659
0.86888419 0.72145957 0.49616722
0.87020468 0.72381326 0.49853982
0.87152432 0.7261704  0.50091703
0.87284585 0.72852979 0.50329699
0.87416867 0.73089172 0.50568015
0.87549056 0.7332572  0.50806804
0.87681621 0.73562416 0.51045748
0.87814146 0.73799446 0.51285136
0.87946699 0.74036781 0.51524921
0.88079569 0.74274299 0.51764911
0.88212408 0.74512151 0.52005345
0.8834532  0.74750295 0.52246154
0.88478518 0.7498864  0.52487196
0.88611679 0.75227329 0.52728695
0.88744958 0.75466294 0.52970545
0.88878507 0.75705474 0.53212648
0.89012026 0.75944999 0.53455209
0.8914565  0.76184814 0.5369814 
0.89279586 0.7642483  0.53941302
0.89413512 0.76665188 0.54184917
0.89547454 0.76905879 0.54428969
0.89681807 0.77146737 0.54673195
0.89816186 0.77387926 0.54917856
0.89950583 0.77629453 0.55162961
0.90085217 0.77871226 0.55408364
0.9022006  0.7811326  0.55654087
0.90354953 0.78355623 0.55900241
0.90489903 0.78598314 0.56146823
0.9062519  0.78841218 0.56393646
0.90760598 0.79084427 0.56640859
0.90896077 0.79327964 0.56888498
0.91031638 0.79571827 0.57136558
0.91167498 0.79815926 0.57384897
0.91303535 0.80060315 0.57633599
0.91439671 0.80305029 0.57882718
0.91575914 0.80550065 0.58132252
0.91712274 0.80795421 0.58382198
0.91849    0.81040997 0.5863239 
0.9198586  0.81286891 0.58882987
0.92122841 0.8153311  0.59133999
0.92259958 0.81779649 0.5938542 
0.92397229 0.82026504 0.59637241
0.92534652 0.82273676 0.59889465
0.92672389 0.82521103 0.60141986
0.92810309 0.82768839 0.60394895
0.92948374 0.83016903 0.6064822 
0.93086628 0.83265277 0.60901933
0.93225041 0.83513977 0.61156058
0.93363653 0.83762988 0.61410571
0.93502448 0.84012319 0.61665484
0.93641435 0.84261968 0.61920794
0.93780629 0.84511931 0.62176494
0.93920031 0.84762211 0.62432586
0.94059642 0.85012808 0.62689072
0.94199452 0.85263729 0.62945961
0.94339477 0.8551497  0.63203245
0.94479717 0.85766532 0.63460926
0.94620167 0.8601842  0.63719011
0.9476083  0.86270635 0.639775  
0.94901707 0.86523178 0.64236394
0.95042791 0.86776055 0.64495702
0.95184056 0.87029277 0.64755442
0.95325516 0.87282841 0.65015608
0.95467282 0.87536707 0.6527613 
0.95609331 0.87790885 0.65537025
0.95751544 0.88045424 0.65798374
0.95893889 0.88300338 0.660602  
0.96036561 0.88555554 0.66322378
0.96179529 0.88811086 0.6658493 
0.96322529 0.89067038 0.66848033
0.96465996 0.89323246 0.67111403
0.96609518 0.89579868 0.67375313
0.96753397 0.89836793 0.67639568
0.96897307 0.90094146 0.67904383
0.97041718 0.9035175  0.68169454
0.97186233 0.9060976  0.68435042
0.97330928 0.90868148 0.687011  
0.97475867 0.91126891 0.68967589
0.97621055 0.91385991 0.69234507
0.97766481 0.91645454 0.69501865
0.97911944 0.91905357 0.69769795
0.9805775  0.92165588 0.70038101
0.98203555 0.92426277 0.70307009
0.98349282 0.92687455 0.70576572
0.98494859 0.9294915  0.70846837
0.98637306 0.93212466 0.71119749
