0.34341144 0.45134374 0.63480837
0.34546007 0.45303076 0.63581393
0.34749414 0.45471835 0.63685018
0.34952625 0.45640662 0.6378925 
0.35155673 0.45809559 0.63894028
0.35358597 0.45978529 0.63999283
0.35561544 0.46147573 0.64104732
0.3576439  0.46316694 0.64210622
0.35967223 0.46485892 0.64316787
0.36170051 0.46655169 0.64423214
0.36372877 0.46824528 0.64529906
0.36575677 0.46993969 0.6463691 
0.36778424 0.47163495 0.64744288
0.36981285 0.47333106 0.64851716
0.3718407  0.47502804 0.6495957 
0.37386917 0.47672591 0.65067585
0.37589706 0.47842469 0.65176003
0.37792607 0.48012438 0.65284489
0.37995449 0.48182501 0.65393392
0.3819834  0.48352659 0.65502497
0.38401298 0.48522912 0.65611776
0.38604246 0.48693263 0.65721385
0.38807201 0.48863713 0.65831295
0.39010214 0.49034264 0.65941409
0.39213297 0.49204916 0.66051707
0.39416409 0.49375672 0.66162275
0.39619548 0.49546532 0.66273123
0.39822726 0.49717499 0.66384228
0.40025951 0.49888572 0.66495582
0.40229225 0.50059755 0.66607184
0.4043255  0.50231048 0.66719035
0.40635929 0.50402452 0.66831129
0.40839368 0.50573969 0.66943463
0.41042861 0.507456   0.67056049
0.41246417 0.50917347 0.67168878
0.41450037 0.5108921  0.67281947
0.41653724 0.51261191 0.67395257
0.41857475 0.51433292 0.67508817
0.42061289 0.51605514 0.67622632
0.42265176 0.51777857 0.67736689
0.42469123 0.51950324 0.67851016
0.42673143 0.52122915 0.6796559 
0.42877223 0.52295633 0.68080442
0.43081381 0.52468478 0.68195541
0.43285669 0.5264145  0.68310783
0.43490028 0.52814551 0.68426293
0.4369446  0.52987784 0.68542069
0.43898963 0.53161149 0.68658123
0.44103532 0.53334648 0.68774464
0.44308175 0.53508282 0.68891081
0.44512984 0.53682049 0.69007792
0.44717866 0.53855954 0.6912479 
0.4492282  0.54029998 0.6924208 
0.45127845 0.54204182 0.69359668
0.45332974 0.54378506 0.69477491
0.45538254 0.5455297  0.69595453
0.45743607 0.54727578 0.69713722
0.45949031 0.54902332 0.69832305
0.46154546 0.55077232 0.69951161
0.46360238 0.55252275 0.70070121
0.46566003 0.55427467 0.70189402
0.4677184  0.5560281  0.70309007
0.46977812 0.55778302 0.70428813
0.47183931 0.55953943 0.70548796
0.47390119 0.56129739 0.70669124
0.4759638  0.56305691 0.7078979 
0.4780286  0.56481792 0.70910495
0.48009414 0.56658051 0.71031544
0.48216035 0.5683447  0.71152955
0.48422846 0.57011044 0.71274478
0.4862977  0.57187778 0.71396272
0.48836761 0.57364675 0.7151844 
0.49043932 0.57541731 0.7164075 
0.49251229 0.5771895  0.71763317
0.49458596 0.57896336 0.7188626 
0.49666156 0.58073884 0.7200933 
0.49873831 0.58251598 0.72132688
0.50081587 0.58429483 0.72256414
0.50289552 0.58607533 0.72380241
0.50497623 0.58785753 0.72504388
0.50705777 0.58964147 0.72628906
0.50914169 0.59142708 0.72753476
0.51122629 0.59321445 0.72878456
0.5133124  0.59500357 0.73003676
0.51540027 0.59679441 0.73129088
0.51748891 0.59858706 0.73254901
0.51957973 0.60038143 0.73380823
0.52167165 0.60217762 0.73507086
0.52376482 0.60397562 0.73633662
0.52586009 0.60577539 0.73760374
0.52795611 0.60757702 0.73887509
0.53005433 0.60938044 0.74014768
0.53215374 0.61118573 0.74142364
0.5342545  0.61299288 0.74270269
0.53635737 0.61480185 0.74398326
0.53846101 0.61661276 0.74526819
0.54056713 0.61842549 0.74655393
0.54267424 0.62024016 0.74784366
0.54478321 0.62205672 0.74913556
0.54689384 0.6238752  0.75043011
0.54900567 0.62569563 0.75172827
0.55111983 0.62751796 0.75302774
0.55323481 0.6293423  0.75433173
0.55535246 0.63116854 0.75563635
0.55747102 0.6329968  0.75694535
0.55959174 0.63482701 0.75825614
0.56171392 0.63665924 0.75957024
0.56383785 0.63849347 0.76088704
0.56596369 0.64032971 0.76220627
0.5680909  0.64216801 0.76352909
0.57022044 0.6440083  0.76485351
0.572351   0.6458507  0.76618231
0.57448424 0.6476951  0.76751204
0.57661833 0.64954164 0.7688466 
0.57875524 0.65139019 0.77018187
0.58089311 0.6532409  0.77152179
0.58303355 0.65509365 0.77286299
0.58517523 0.65694858 0.77420835
0.58731929 0.65880559 0.77555547
0.5894648  0.66066477 0.77690634
0.59161255 0.66252607 0.77825935
0.59376194 0.66438956 0.77961579
0.59591344 0.6662552  0.78097469
0.59806673 0.66812303 0.78233677
0.60022207 0.66999306 0.78370154
0.6023793  0.67186528 0.78506934
0.60453853 0.67373973 0.78643996
0.60669973 0.6756164  0.78781354
0.60886321 0.67749528 0.78918944
0.61102841 0.67937643 0.79056885
0.61319566 0.68125985 0.79195115
0.61536492 0.68314553 0.79333646
0.61753628 0.68503349 0.79472457
0.61970961 0.68692375 0.79611584
0.62188517 0.6888163  0.79750977
0.62406261 0.69071118 0.79890707
0.62624241 0.69260837 0.80030679
0.628424   0.69450792 0.80171019
0.63060813 0.69640978 0.8031157 
0.6327939  0.69831404 0.80452527
0.63498242 0.70022062 0.80593656
0.6371724  0.70212965 0.80735237
0.63936538 0.70404099 0.80876944
0.64155961 0.70595482 0.81019156
0.64375693 0.70787098 0.81161479
0.64595564 0.70978964 0.81304285
0.64815728 0.71171068 0.81447246
0.65036063 0.71363421 0.81590626
0.65256659 0.71556016 0.81734237
0.65477466 0.71748861 0.81878189
0.65698497 0.71941953 0.82022457
0.65919782 0.72135293 0.82166982
0.66141254 0.72328887 0.8231191 
0.66363029 0.72522726 0.82456997
0.66584945 0.72716826 0.82602594
0.66807172 0.72911173 0.82748337
0.67029572 0.7310578  0.82894528
0.67252248 0.7330064  0.83040951
0.67475158 0.73495758 0.83187698
0.67698284 0.73691136 0.83334811
0.67921704 0.73886768 0.83482124
0.68145287 0.74082669 0.8362993 
0.68369182 0.74278824 0.83777903
0.68593272 0.74475248 0.83926303
0.68817625 0.74671934 0.84074988
0.69042253 0.74868882 0.84223934
0.6926707  0.75066102 0.84373331
0.694922   0.75263584 0.84522913
0.69717527 0.7546134  0.84672937
0.69943126 0.75659364 0.84823244
0.70169008 0.75857655 0.84973812
0.70395082 0.76056226 0.85124845
0.70621467 0.76255064 0.85276087
0.7084808  0.7645418  0.85427722
0.71074941 0.76653572 0.85579708
0.71302122 0.76853235 0.85731898
0.71529479 0.77053185 0.85884604
0.71757142 0.7725341  0.86037548
0.71985092 0.77453913 0.86190776
0.72213243 0.77654704 0.86344479
0.72441702 0.77855773 0.86498426
0.72670441 0.78057125 0.86652686
0.72899395 0.78258768 0.86807399
0.73128666 0.78460693 0.86962352
0.73358208 0.78662905 0.87117646
0.73587976 0.78865411 0.87273382
0.73818064 0.79068202 0.87429362
0.74048433 0.79271284 0.87585675
0.74279022 0.79474665 0.87742454
0.74509929 0.79678334 0.87899491
0.7474115  0.79882295 0.88056801
0.74972568 0.80086561 0.88214641
0.75204299 0.80291121 0.88372761
0.75436348 0.80495976 0.88531156
0.75668652 0.80701134 0.88689967
0.75901222 0.80906595 0.88849175
0.76134105 0.81112356 0.89008678
0.76367303 0.81318417 0.89168481
0.76600734 0.81524789 0.89328761
0.76834464 0.81731467 0.89489382
0.7706851  0.81938449 0.8965031 
0.7730287  0.82145737 0.89811554
0.77537483 0.8235334  0.89973249
0.77772387 0.82561255 0.90135318
0.78007606 0.8276948  0.90297713
0.7824314  0.82978017 0.90460437
0.78478987 0.83186867 0.90623498
0.78715079 0.8339604  0.9078705 
0.78951485 0.83605529 0.90950948
0.79188209 0.83815336 0.91115184
0.79425249 0.84025461 0.91279768
0.79662602 0.84235907 0.9144471 
0.79900271 0.84446675 0.91610008
0.80138213 0.84657771 0.91775762
0.80376466 0.84869192 0.91941892
0.80615042 0.85080939 0.92108374
0.80853932 0.85293013 0.92275234
0.81093146 0.85505416 0.92442454
0.81332676 0.85718149 0.92610059
0.81572526 0.85931214 0.92778038
0.81812698 0.86144612 0.92946396
0.82053188 0.86358345 0.93115144
0.82293999 0.86572413 0.93284279
0.82535132 0.86786819 0.93453805
0.82776593 0.87001564 0.93623712
0.83018379 0.87216648 0.93794013
0.83260492 0.87432074 0.93964706
0.83502936 0.87647842 0.94135788
0.83745712 0.87863954 0.9430726 
0.83988821 0.88080411 0.94479124
0.84232269 0.88297215 0.94651374
0.84476063 0.88514365 0.94823996
0.84720201 0.88731863 0.94996998
0.84964658 0.88949715 0.95170444
0.85209441 0.89167921 0.95344321
0.85454583 0.89386478 0.95518559
0.85700096 0.89605387 0.95693139
0.85945929 0.89824655 0.95868176
0.86192094 0.90044282 0.9604365 
0.86438661 0.90264262 0.96219409
0.86685519 0.9048461  0.96395704
0.86932778 0.90705314 0.96572297
0.87180361 0.90926384 0.96749362
0.87428355 0.91147812 0.96926712
0.87676639 0.91369615 0.97104617
0.87925321 0.9159178  0.97282848
0.88174381 0.91814312 0.97461451
0.88423805 0.92037214 0.9764046 
0.88673594 0.92260487 0.9781988 
0.88923753 0.92484133 0.97999703
0.89174337 0.92708146 0.98179817
0.89425267 0.92932539 0.98360394
0.89676636 0.93157299 0.98541241
0.89928464 0.93382428 0.98722316
0.90180771 0.93607922 0.98903579
0.90434322 0.93833683 0.99083366
