0.73075549 0.25430196 0.21894296
0.73191422 0.25721467 0.22119633
0.73310624 0.26006845 0.22342073
0.73429901 0.26290586 0.22564308
0.73549175 0.26572839 0.22786407
0.73668366 0.26853757 0.23008445
0.73787093 0.27133846 0.23230733
0.73905698 0.27412727 0.23453   
0.74023957 0.27690706 0.23675428
0.74141857 0.27967831 0.23898034
0.74259406 0.28244123 0.24120812
0.74376673 0.2851953  0.24343711
0.74493749 0.28793981 0.24566663
0.74610183 0.29068019 0.24790029
0.74726506 0.29341062 0.2501339 
0.74842349 0.29613556 0.25237041
0.74958058 0.29885138 0.25460714
0.7507316  0.30156356 0.25684781
0.75188156 0.30426682 0.25908853
0.75302739 0.30696473 0.26133173
0.75416876 0.30965787 0.2635777 
0.7553079  0.312344   0.2658247 
0.75644447 0.31502376 0.26807307
0.75757707 0.3176988  0.27032388
0.75870544 0.32036956 0.27257737
0.75983085 0.32303488 0.27483258
0.76095349 0.32569478 0.2770894 
0.76207305 0.32834975 0.27934809
0.76318944 0.33100004 0.28160873
0.76430266 0.33364581 0.28387135
0.76541278 0.33628716 0.28613594
0.76651971 0.33892433 0.28840256
0.76762346 0.34155746 0.29067126
0.76872422 0.3441865  0.29294189
0.76982186 0.34681173 0.29521457
0.7709164  0.34943326 0.29748933
0.77200786 0.35205121 0.29976617
0.7730964  0.35466556 0.30204498
0.77418213 0.35727634 0.30432571
0.77526487 0.35988383 0.30660852
0.7763451  0.36248772 0.30889307
0.77742245 0.36508847 0.31117966
0.77849747 0.36768571 0.31346791
0.77956969 0.37027997 0.31575818
0.78063747 0.37287285 0.31805168
0.78170283 0.37546261 0.32034697
0.78276575 0.3780494  0.32264408
0.78382644 0.38063313 0.32494289
0.7848851  0.38321376 0.32724327
0.78594157 0.38579151 0.32954537
0.78699291 0.38836903 0.33185129
0.78804228 0.39094368 0.3341588 
0.78908979 0.39351547 0.33646786
0.79013557 0.39608439 0.33877838
0.7911786  0.39865139 0.34109112
0.79221732 0.40121787 0.34340718
0.79325453 0.40378156 0.34572462
0.79429035 0.40634247 0.34804338
0.79532415 0.40890121 0.35036392
0.79635314 0.41146015 0.3526882 
0.79738093 0.4140164  0.35501373
0.79840763 0.41656997 0.35734046
0.79943117 0.41912262 0.35966983
0.80045118 0.42167471 0.36200213
0.80147051 0.42422403 0.3643354 
0.80248907 0.42677076 0.36666974
0.80350181 0.42931895 0.36900862
0.80451393 0.43186457 0.37134851
0.80552575 0.43440744 0.37368919
0.80653304 0.43695096 0.3760336 
0.80753852 0.43949304 0.37837987
0.80854402 0.44203239 0.3807268 
0.80954551 0.44457214 0.38307713
0.81054502 0.44711079 0.38542951
0.81154466 0.44964685 0.38778255
0.81254008 0.45218363 0.39013918
0.81353413 0.45471907 0.3924975 
0.81452824 0.45725219 0.39485661
0.81551768 0.45978651 0.39721963
0.8165064  0.46231921 0.39958399
0.81749532 0.46484968 0.4019491 
0.81847873 0.46738212 0.40431873
0.81946309 0.46991192 0.40668866
0.82044534 0.47244135 0.40906092
0.82142467 0.47497103 0.41143606
0.82240484 0.47749836 0.41381164
0.82338061 0.48002709 0.41619108
0.82435617 0.48255433 0.41857169
0.82533106 0.48508045 0.42095379
0.82630207 0.48760775 0.42333947
0.82727445 0.49013265 0.42572537
0.82824276 0.49265895 0.428115  
0.8292109  0.495184   0.43050587
0.8301784  0.49770821 0.43289833
0.83114234 0.5002336  0.43529423
0.83210805 0.50275662 0.43769021
0.83306892 0.50528177 0.44009049
0.83403089 0.5078051  0.44249132
0.83499059 0.51032893 0.44489485
0.83594892 0.5128527  0.44730054
0.83690773 0.51537524 0.44970724
0.83786266 0.51789947 0.4521177 
0.83881984 0.52042142 0.45452812
0.83977188 0.52294595 0.45694311
0.84072594 0.52546845 0.45935824
0.84167708 0.52799218 0.4617766 
0.84262823 0.53051528 0.46419639
0.84357826 0.53303854 0.46661834
0.84452664 0.53556233 0.46904278
0.84547564 0.53808525 0.47146835
0.8464214  0.54060979 0.47389742
0.84736937 0.54313257 0.47632669
0.84831282 0.54565784 0.47876028
0.84925938 0.54818089 0.48119356
0.85020102 0.55070674 0.48363144
0.85114548 0.55323066 0.48606924
0.85208613 0.55575677 0.48851099
0.85302867 0.5582816  0.49095326
0.85396837 0.5608081  0.49339894
0.85490919 0.56333389 0.49584566
0.85584796 0.56586095 0.49829533
0.85678726 0.56838774 0.50074645
0.85772514 0.57091549 0.50320018
0.85866309 0.57344333 0.50565566
0.85960012 0.57597191 0.5081135 
0.86053692 0.57850085 0.51057332
0.86147313 0.58103041 0.51303534
0.86240898 0.58356048 0.51549945
0.86334323 0.58609183 0.5179664 
0.86427828 0.58862309 0.52043478
0.86521292 0.59115502 0.52290536
0.86614737 0.59368752 0.525378  
0.86708125 0.59622085 0.52785296
0.86801528 0.59875463 0.53032983
0.86894843 0.60128948 0.53280922
0.86988224 0.60382459 0.53529029
0.87081471 0.6063611  0.53777418
0.87174848 0.60889757 0.54025941
0.87268029 0.61143585 0.54274787
0.87361422 0.61397373 0.54523723
0.87454541 0.61651392 0.54773031
0.8754797  0.61905323 0.55022379
0.87641029 0.62159545 0.55272156
0.87734514 0.62413624 0.55521911
0.87827598 0.62668017 0.55772116
0.87921067 0.62922297 0.56022329
0.88014228 0.63176846 0.56272942
0.88107641 0.63431363 0.56523642
0.8820091  0.63686067 0.56774655
0.88294267 0.63940833 0.5702585 
0.88387661 0.64195696 0.5727726 
0.8848097  0.64450722 0.57528955
0.88574502 0.64705751 0.57780764
0.8866774  0.64961061 0.58032979
0.88761433 0.65216259 0.58285184
0.88854807 0.65471757 0.58537811
0.88948506 0.6572722  0.58790506
0.8904207  0.65982891 0.59043525
0.89135695 0.66238672 0.59296762
0.89229476 0.66494517 0.59550168
0.89323055 0.66750614 0.5980394 
0.89417063 0.67006642 0.60057735
0.89510797 0.67262965 0.60311939
0.89604824 0.67519296 0.60566246
0.89698835 0.67775796 0.60820826
0.89792775 0.68032495 0.61075711
0.89887065 0.68289185 0.61330675
0.89981121 0.68546164 0.61586035
0.90075506 0.6880315  0.61841491
0.90169875 0.69060321 0.6209723 
0.90264177 0.69317704 0.62353282
0.90358866 0.69575079 0.62609405
0.90453373 0.69832728 0.62865907
0.90548108 0.70090454 0.63122571
0.90642981 0.70348304 0.63379446
0.90737659 0.70606444 0.63636712
0.90832846 0.70864533 0.63893998
0.90927918 0.7112288  0.64151637
0.91022977 0.71381436 0.64409576
0.91118453 0.71639997 0.64667592
0.91213828 0.71898816 0.64925959
0.91309259 0.72157822 0.65184597
0.9140506  0.72416866 0.65443345
0.91500749 0.72676181 0.65702455
0.9159656  0.7293566  0.65961809
0.91692718 0.73195199 0.66221292
0.91788774 0.73455013 0.66481139
0.91884931 0.7371501  0.66741248
0.91981495 0.73975048 0.67001462
0.92077988 0.74235356 0.67262032
0.92174448 0.74495917 0.67522939
0.92271459 0.74756464 0.67783885
0.92368451 0.75017264 0.68045167
0.92465414 0.75278325 0.68306792
0.92562668 0.75539501 0.68568598
0.92660172 0.75800815 0.68830608
0.92757691 0.76062379 0.69092947
0.92855233 0.7632419  0.69355611
0.92953213 0.76586062 0.69618392
0.93051311 0.76848146 0.69881457
0.93149452 0.77110476 0.70144844
0.9324765  0.7737305  0.70408551
0.93346225 0.77635726 0.70672417
0.93444997 0.77898589 0.70936538
0.93543849 0.78161694 0.71200974
0.93642793 0.78425038 0.71465722
0.93741841 0.78688618 0.7173078 
0.93841359 0.78952276 0.71995967
0.93941004 0.79216167 0.72261457
0.94040757 0.794803   0.72527264
0.94140638 0.79744671 0.72793381
0.94240672 0.80009271 0.73059798
0.94340853 0.80274105 0.7332652 
0.94441419 0.80539073 0.73593436
0.94542176 0.80804262 0.73860643
0.94643067 0.810697   0.74128174
0.94744154 0.81335362 0.74396001
0.94845392 0.81601271 0.74664151
0.94946837 0.81867405 0.74932599
0.95048464 0.82133777 0.75201363
0.95150285 0.82400386 0.75470439
0.95252319 0.82667225 0.75739825
0.95354566 0.82934299 0.76009523
0.95457024 0.83201609 0.76279539
0.95559677 0.83469165 0.76549886
0.95662547 0.83736962 0.76820558
0.95765632 0.84005002 0.77091561
0.95868919 0.84273293 0.77362907
0.95972414 0.84541836 0.77634598
0.96076114 0.84810633 0.7790664 
0.96180007 0.85079693 0.78179047
0.96284054 0.85349034 0.78451844
0.96388271 0.85618652 0.78725027
0.96492817 0.85888484 0.78998528
0.96597655 0.86158547 0.79272372
0.96702612 0.86428915 0.79546649
0.96807639 0.86699609 0.79821389
0.96913015 0.86970519 0.80096468
0.97018695 0.87241665 0.80371915
0.97124293 0.87513205 0.80647923
0.97230435 0.87784889 0.80924202
0.97336526 0.88056958 0.81201047
0.97442997 0.88329242 0.8147826 
0.97549381 0.88601928 0.81756077
0.9765635  0.88874752 0.82034185
0.9776333  0.89147942 0.8231287 
0.97870435 0.89421456 0.82592093
0.9797775  0.89695261 0.82871821
0.98085288 0.89969355 0.83152064
0.98193029 0.90243746 0.83432844
0.98300686 0.90518547 0.83714314
0.984087   0.90793589 0.83996275
0.9851658  0.91069062 0.84278982
0.98624217 0.9134501  0.84562504
0.98731512 0.9162147  0.84846909
0.98834198 0.91900078 0.85134305
