0.27134709 0.505655   0.22677329
0.2735389  0.50727505 0.22887542
0.2757087  0.50890055 0.23095542
0.27787427 0.51052734 0.23303266
0.28003616 0.51215532 0.23510769
0.28219492 0.5137844  0.23718108
0.28435266 0.51541411 0.23925509
0.28650766 0.51704487 0.24132784
0.2886612  0.51867642 0.24340068
0.29081342 0.52030875 0.24547374
0.29296436 0.52194187 0.24754704
0.29511375 0.52357589 0.24962024
0.29726121 0.52521092 0.25169291
0.2994091  0.52684639 0.25376763
0.3015548  0.528483   0.25584148
0.30370025 0.53012028 0.25791656
0.30584379 0.53175868 0.25999102
0.30798784 0.5333976  0.26206753
0.31012999 0.53503769 0.26414337
0.31227181 0.53667857 0.26622027
0.31441353 0.5383202  0.26829848
0.31655412 0.53996287 0.27037681
0.31869382 0.54160655 0.2724555 
0.32083337 0.54325106 0.27453537
0.32297293 0.54489639 0.27661658
0.32511196 0.5465427  0.2786985 
0.32725044 0.54819003 0.28078108
0.32938857 0.54983833 0.28286453
0.33152644 0.55148761 0.28494893
0.3336641  0.55313787 0.28703432
0.3358016  0.55478914 0.28912072
0.337939   0.5564414  0.2912082 
0.34007636 0.55809467 0.29329682
0.34221365 0.55974897 0.29538649
0.34435098 0.56140431 0.29747734
0.34648837 0.56306068 0.29956938
0.34862589 0.5647181  0.30166265
0.35076349 0.5663766  0.3037571 
0.35290118 0.56803619 0.30585271
0.35503909 0.56969687 0.3079496 
0.35717704 0.57135869 0.31004758
0.35931525 0.57302163 0.31214686
0.36145353 0.57468576 0.31424721
0.36359212 0.57635102 0.31634889
0.36573178 0.57801722 0.31845276
0.36787166 0.57968461 0.32055784
0.37001183 0.58135321 0.32266418
0.37215224 0.58302305 0.3247717 
0.37429284 0.58469416 0.32688033
0.37643375 0.58636652 0.3289902 
0.37857624 0.58803978 0.33110279
0.38071903 0.58971434 0.33321656
0.3828621  0.59139022 0.33533149
0.38500545 0.59306744 0.33744756
0.38714953 0.59474589 0.33956529
0.38929504 0.59642537 0.34168548
0.39144084 0.59810624 0.34380679
0.39358693 0.59978853 0.34592918
0.3957336  0.60147217 0.34805301
0.39788204 0.6031568  0.35017965
0.4000308  0.6048429  0.35230738
0.40217988 0.60653048 0.35443619
0.40433015 0.60821929 0.35656708
0.40648179 0.6099093  0.35870028
0.4086337  0.61160085 0.36083444
0.41078593 0.61329396 0.36296963
0.41294056 0.614988   0.3651083 
0.41509553 0.61668362 0.367248  
0.41725075 0.61838087 0.36938858
0.41940794 0.62007924 0.37153211
0.42156604 0.62177906 0.37367731
0.42372437 0.62348057 0.37582334
0.42588455 0.62518329 0.37797214
0.42804581 0.62688746 0.38012277
0.43020737 0.62859336 0.38227427
0.43237095 0.63030045 0.38442871
0.43453546 0.6320091  0.38658477
0.4367004  0.63371949 0.38874183
0.4388676  0.63543104 0.39090209
0.44103559 0.63714425 0.39306377
0.44320406 0.63885924 0.39522646
0.44537518 0.64057531 0.3973928 
0.44754656 0.64229327 0.39955988
0.44971937 0.64401274 0.4017291 
0.45189395 0.64573363 0.40390087
0.45406893 0.64745641 0.40607349
0.45624627 0.64918046 0.40824938
0.45842446 0.65090628 0.41042666
0.4606037  0.65263383 0.41260555
0.46278519 0.65436272 0.41478755
0.46496703 0.65609361 0.4169703 
0.46715126 0.65782583 0.41915627
0.46933646 0.65955987 0.42134374
0.47152284 0.66129567 0.42353295
0.47371149 0.6630329  0.42572522
0.47590049 0.66477221 0.42791819
0.47809229 0.66651279 0.43011485
0.48028474 0.66825538 0.43231256
0.48247909 0.66999959 0.43451286
0.48467506 0.67174551 0.43671536
0.48687199 0.67349339 0.43891927
0.48907149 0.67524271 0.44112653
0.49127138 0.67699421 0.44333449
0.49347432 0.67874701 0.44554639
0.4956778  0.68050198 0.44775913
0.49788359 0.68225853 0.44997489
0.50009068 0.68401702 0.45219241
0.5022995  0.68577733 0.45441222
0.50451027 0.68753939 0.45663456
0.5067222  0.6893035  0.45885848
0.50893667 0.69106918 0.46108566
0.51115182 0.69283711 0.46331377
0.51337    0.69460648 0.46554576
0.5155886  0.69637823 0.46777833
0.51781041 0.69815137 0.47001499
0.5200328  0.69992687 0.47225241
0.52225807 0.70170392 0.47449348
0.52448428 0.70348323 0.47673576
0.52671308 0.70526423 0.47898132
0.52894315 0.7070474  0.48122846
0.53117558 0.70883237 0.48347859
0.53340953 0.71061946 0.48573061
0.53564568 0.71240843 0.48798538
0.53788355 0.71419949 0.49024228
0.5401235  0.71599252 0.49250177
0.54236533 0.7177876  0.49476357
0.54460917 0.7195847  0.49702785
0.54685497 0.72138386 0.49929455
0.54910318 0.72318493 0.5015642 
0.55135301 0.72498822 0.50383582
0.5536049  0.72679358 0.50610994
0.55585878 0.72860104 0.50838649
0.55811483 0.73041058 0.51066565
0.56037281 0.73222228 0.51294714
0.56263309 0.73403604 0.51523142
0.56489519 0.73585203 0.51751786
0.56715979 0.73767003 0.51980732
0.56942605 0.73949036 0.52209873
0.57169505 0.74131265 0.52439346
0.57396549 0.74313738 0.52668983
0.57623898 0.74496398 0.5289899 
0.57851364 0.74679317 0.53129126
0.5807917  0.74862413 0.53359674
0.5830706  0.75045783 0.53590308
0.58535305 0.75229327 0.53821371
0.58763652 0.75413142 0.54052543
0.58992328 0.75597145 0.54284109
0.59221154 0.75781404 0.54515843
0.59450261 0.75965872 0.54747909
0.59679575 0.76150577 0.54980213
0.59909116 0.76335516 0.5521278 
0.60138925 0.76520673 0.55445661
0.60368905 0.76706086 0.55678733
0.60599224 0.76891695 0.55912209
0.60829647 0.7707759  0.56145785
0.6106042  0.77263678 0.5637978 
0.61291343 0.77450039 0.56613933
0.61522562 0.77636617 0.56848433
0.61754018 0.77823437 0.57083204
0.61985685 0.78010511 0.57318208
0.62217675 0.78197797 0.57553594
0.62449794 0.78385372 0.57789108
0.62682265 0.78573152 0.58025036
0.62914911 0.78761206 0.58261151
0.63147833 0.78949498 0.58497581
0.63381048 0.79138021 0.5873435 
0.63614429 0.79326828 0.5897129 
0.63848159 0.79515849 0.59208639
0.64082065 0.79705153 0.59446173
0.64316258 0.79894698 0.59684032
0.64550754 0.8008448  0.59922239
0.64785416 0.80274555 0.60160614
0.65020421 0.80464854 0.60399387
0.65255646 0.80655427 0.60638397
0.65491121 0.80846266 0.60877681
0.65726948 0.8103733  0.61117375
0.65962917 0.81228705 0.613572  
0.66199218 0.81420317 0.61597408
0.66435824 0.8161218  0.61837958
0.66672606 0.81804345 0.62078684
0.66909722 0.81996752 0.62319792
0.67147129 0.82189419 0.62561223
0.67384732 0.82382387 0.62802854
0.6762268  0.82575598 0.63044878
0.67860905 0.8276908  0.63287205
0.6809934  0.82962862 0.63529748
0.68338123 0.83156891 0.63772687
0.68577196 0.83351192 0.64015943
0.68816468 0.83545803 0.64259399
0.69056084 0.83740667 0.64503244
0.69296036 0.83935789 0.64747466
0.69536152 0.84131243 0.64991838
0.69776603 0.84326958 0.65236584
0.70017394 0.84522935 0.65481712
0.70258433 0.84719215 0.65727098
0.70499734 0.84915792 0.6597276 
0.70741368 0.85112639 0.66218793
0.70983336 0.85309758 0.66465194
0.71225516 0.85507201 0.66711805
0.71468006 0.8570493  0.66958752
0.71710829 0.85902936 0.67206067
0.71953984 0.86101223 0.67453745
0.72197378 0.8629983  0.67701665
0.72441066 0.86498736 0.67949899
0.72685085 0.86697929 0.68198494
0.72929433 0.8689741  0.68447447
0.73174108 0.87097182 0.68696756
0.73419007 0.87297292 0.68946281
0.7366423  0.87497697 0.69196157
0.73909786 0.87698398 0.69446393
0.74155671 0.87899396 0.69696983
0.74401878 0.88100698 0.6994792 
0.74648413 0.88302302 0.70199207
0.74895207 0.8850424  0.70450756
0.7514232  0.88706488 0.70702642
0.75389769 0.88909041 0.7095489 
0.75637539 0.89111907 0.71207477
0.75885645 0.89315082 0.71460423
0.76134071 0.89518575 0.71713708
0.76382828 0.89722382 0.71967344
0.76631913 0.89926508 0.72221327
0.76881324 0.90130955 0.72475652
0.77131061 0.90335724 0.72730321
0.77381128 0.90540818 0.72985337
0.77631531 0.90746233 0.73240707
0.77882265 0.90951976 0.73496425
0.78133333 0.91158046 0.73752494
0.78384741 0.91364444 0.7400892 
0.78636488 0.91571171 0.74265702
0.78888576 0.91778229 0.74522843
0.79141013 0.91985616 0.7478035 
0.79393809 0.9219333  0.75038239
0.79646963 0.92401374 0.75296506
0.79900431 0.92609768 0.75555093
0.80154226 0.9281851  0.75814014
0.80408398 0.93027579 0.76073338
0.80662963 0.93236971 0.76333084
0.80917844 0.93446721 0.76593149
0.81173056 0.93656825 0.76853552
0.81428708 0.93867237 0.77114441
0.81684629 0.94078034 0.77375581
0.81940986 0.94289146 0.77637198
0.8219766  0.94500626 0.77899132
0.82454784 0.94712418 0.78161562
0.82712173 0.94924606 0.78424236
0.82969989 0.95137121 0.78687371
0.83228202 0.95349977 0.7895093 
0.83486792 0.95563187 0.79214881
0.83745757 0.95776752 0.79479222
0.84005105 0.95990672 0.79743964
0.84264918 0.96204913 0.80009218
0.84525078 0.96419528 0.8027482 
0.84785723 0.96634459 0.80540959
0.85046885 0.96849693 0.80807678
0.85308596 0.97065218 0.81075019
0.85572032 0.9728051  0.81344575
