0.49834396 0.44022905 0.12832739
0.5000515  0.44193518 0.12951063
0.50176115 0.44364175 0.13070711
0.50347205 0.44534955 0.13190514
0.5051842  0.44705862 0.13310445
0.50689759 0.44876898 0.13430475
0.50861211 0.45048074 0.13550472
0.51032788 0.45219382 0.13670556
0.51204483 0.45390829 0.13790651
0.51376299 0.45562416 0.13910753
0.51548234 0.45734143 0.14030868
0.51720293 0.45906011 0.14151021
0.51892479 0.46078017 0.14271244
0.5206478  0.46250175 0.14391382
0.52237212 0.4642247  0.14511622
0.52409765 0.46594915 0.14631836
0.5258245  0.46767501 0.14752145
0.52755254 0.4694024  0.14872389
0.52928193 0.47113122 0.14992739
0.53101259 0.47286154 0.15113092
0.53274451 0.47459339 0.15233439
0.53447778 0.47632672 0.15353857
0.53621237 0.47806155 0.15474334
0.53794827 0.47979792 0.15594824
0.53968549 0.48153584 0.15715321
0.54142405 0.48327531 0.15835868
0.54316398 0.48501631 0.15956472
0.54490527 0.48675887 0.16077124
0.54664793 0.488503   0.16197821
0.54839198 0.49024871 0.16318566
0.55013741 0.491996   0.1643936 
0.55188424 0.4937449  0.16560202
0.55363248 0.49549539 0.16681093
0.55538213 0.4972475  0.16802041
0.55713321 0.49900124 0.16923041
0.55888572 0.5007566  0.17044096
0.56063967 0.50251361 0.17165207
0.56239508 0.50427227 0.17286379
0.56415195 0.50603258 0.17407618
0.56591029 0.50779456 0.17528917
0.56767013 0.5095582  0.17650294
0.56943145 0.51132352 0.17771737
0.57119428 0.51309053 0.17893264
0.57295863 0.51485923 0.18014861
0.57472445 0.51662969 0.18136476
0.5764918  0.51840185 0.18258175
0.5782607  0.52017574 0.18379957
0.58003115 0.52195135 0.1850183 
0.58180318 0.52372868 0.18623799
0.58357678 0.52550776 0.18745862
0.58535189 0.52728866 0.18867926
0.5871286  0.52907132 0.18990091
0.58890691 0.53085573 0.1911236 
0.59068685 0.53264192 0.19234739
0.59246839 0.53442991 0.19357196
0.5942515  0.53621974 0.19479683
0.59603627 0.53801137 0.19602287
0.5978227  0.5398048  0.19725014
0.59961078 0.54160004 0.19847843
0.60140046 0.54339719 0.19970688
0.60319183 0.54519615 0.20093662
0.60498491 0.54699695 0.2021677 
0.60677965 0.54879963 0.20339946
0.60857604 0.55060422 0.2046318 
0.61037418 0.55241065 0.20586562
0.61217407 0.55421894 0.20710087
0.61397558 0.55602922 0.20833601
0.61577886 0.55784137 0.20957264
0.61758393 0.5596554  0.21081087
0.61939068 0.56147141 0.2120494 
0.62119919 0.56328936 0.21328907
0.62300952 0.5651092  0.21453043
0.62482158 0.56693104 0.21577228
0.62663542 0.56875484 0.21701522
0.62845111 0.57058057 0.21825989
0.63026854 0.57240833 0.21950499
0.6320878  0.57423807 0.22075139
0.63390893 0.57606976 0.2219995 
0.63573182 0.57790353 0.22324792
0.63755658 0.57973928 0.22449783
0.63938323 0.58157701 0.22574951
0.64121165 0.58341687 0.22700126
0.64304201 0.58525871 0.228255  
0.64487423 0.5871026  0.22950984
0.64670831 0.58894859 0.23076552
0.64854435 0.59079659 0.23202317
0.65038222 0.59264673 0.23328124
0.65222204 0.59449893 0.23454097
0.65406381 0.59635321 0.23580223
0.65590745 0.59820964 0.23706406
0.65775311 0.60006812 0.23832804
0.65960066 0.60192879 0.23959254
0.6614502  0.60379156 0.24085873
0.66330173 0.60565645 0.24212646
0.66515519 0.60752355 0.24339488
0.66701071 0.60939273 0.24466557
0.66886815 0.61126417 0.24593657
0.67072766 0.61313773 0.24720964
0.67258916 0.61501349 0.24848378
0.67445268 0.61689146 0.24975927
0.67631829 0.61877159 0.25103665
0.67818587 0.62065401 0.25231464
0.6800556  0.62253856 0.25359504
0.68192729 0.62442545 0.25487569
0.68380114 0.6263145  0.25615869
0.68567703 0.62820585 0.25744259
0.68755504 0.63009944 0.25872825
0.68943515 0.6319953  0.26001534
0.69131736 0.63389345 0.26130371
0.69320173 0.63579386 0.26259403
0.69508817 0.63769662 0.26388516
0.69697685 0.63960162 0.26517871
0.69886757 0.64150902 0.2664727 
0.70076057 0.64341865 0.26776937
0.70265563 0.64533072 0.26906637
0.70455296 0.64724504 0.27036597
0.70645241 0.6491618  0.27166623
0.70835413 0.65108086 0.27296882
0.71025801 0.65300234 0.27427235
0.71216415 0.65492617 0.27557799
0.71407249 0.65685242 0.27688481
0.71598309 0.65878105 0.27819357
0.71789593 0.66071211 0.27950369
0.71981104 0.66264558 0.28081562
0.72172842 0.66458149 0.28212906
0.72364808 0.66651984 0.28344422
0.72557003 0.66846064 0.28476099
0.72749428 0.6704039  0.28607945
0.72942081 0.67234966 0.28739923
0.7313497  0.67429787 0.28872104
0.73328091 0.67624858 0.29004451
0.73521447 0.67820178 0.29136972
0.73715037 0.6801575  0.29269657
0.73908864 0.68211573 0.29402524
0.74102926 0.68407651 0.29535547
0.74297229 0.6860398  0.29668767
0.74491768 0.68800567 0.29802129
0.74686551 0.68997407 0.29935709
0.74881571 0.69194508 0.30069412
0.75076838 0.69391862 0.30203356
0.75272341 0.69589482 0.30337401
0.75468097 0.69787353 0.30471717
0.75664089 0.69985495 0.30606105
0.75860338 0.70183889 0.30740798
0.76056823 0.70382555 0.30875556
0.76253567 0.70581476 0.31010605
0.76450552 0.70780671 0.31145747
0.76647793 0.70980125 0.31281143
0.76845282 0.71179851 0.31416678
0.77043025 0.71379843 0.3155242 
0.77241023 0.71580104 0.31688354
0.77439271 0.71780638 0.31824445
0.77637781 0.71981439 0.31960782
0.77836539 0.7218252  0.32097216
0.78035566 0.72383864 0.32233964
0.78234842 0.72585491 0.32370802
0.78434386 0.72787386 0.32507915
0.78634186 0.72989563 0.32645172
0.78834248 0.73192017 0.32782629
0.79034577 0.73394746 0.32920314
0.79235163 0.73597762 0.33058122
0.79436024 0.73801049 0.33196238
0.79637143 0.74004626 0.33334458
0.79838535 0.74208481 0.33472945
0.80040194 0.74412621 0.33611611
0.80242119 0.7461705  0.33750439
0.80444323 0.74821758 0.33889553
0.8064679  0.75026761 0.34028782
0.80849536 0.75232046 0.3416829 
0.81052555 0.75437623 0.34307978
0.81255844 0.75643493 0.3444783 
0.81459418 0.75849648 0.34587978
0.81663262 0.76056103 0.34728258
0.81867389 0.76262847 0.34868789
0.82071796 0.76469885 0.35009544
0.82276476 0.76677227 0.35150427
0.82481449 0.76884856 0.35291644
0.826867   0.77092788 0.35433012
0.82892231 0.77301023 0.35574561
0.83098056 0.7750955  0.35716417
0.83304162 0.77718384 0.35858429
0.83510554 0.77927522 0.36000643
0.83717242 0.78136958 0.36143151
0.83924213 0.78346705 0.36285813
0.84131475 0.78556758 0.36428696
0.84339036 0.78767112 0.36571867
0.84546884 0.78977781 0.36715195
0.84755025 0.7918876  0.36858739
0.8496347  0.79400043 0.3700259 
0.85172206 0.79611643 0.37146607
0.85381236 0.79823561 0.37290802
0.85590576 0.80035782 0.37435346
0.85800212 0.80248323 0.37580073
0.86010144 0.80461185 0.37724979
0.86220384 0.80674362 0.37870159
0.8643093  0.80887854 0.38015601
0.86641778 0.81101671 0.38161236
0.86852929 0.81315812 0.38307069
0.87064395 0.81530268 0.38453219
0.87276168 0.8174505  0.38599593
0.87488248 0.8196016  0.38746171
0.87700637 0.82175598 0.38892956
0.87913344 0.82391359 0.39040043
0.88126365 0.82607447 0.39187379
0.88339699 0.82823868 0.3933493 
0.88553347 0.83040622 0.39482701
0.88767309 0.83257711 0.39630694
0.88981599 0.83475125 0.39779019
0.89196208 0.83692876 0.39927575
0.89411135 0.83910964 0.40076356
0.89626383 0.84129391 0.40225369
0.89841954 0.84348158 0.40374621
0.90057849 0.84567266 0.40524113
0.90274075 0.8478671  0.40673913
0.90490629 0.85006496 0.40823966
0.9070751  0.85226627 0.40974256
0.90924721 0.85447104 0.411248  
0.91142261 0.85667927 0.41275586
0.91360135 0.85889099 0.41426632
0.91578342 0.86110619 0.41577931
0.91796884 0.8633249  0.41729487
0.92015763 0.86554712 0.41881306
0.9223498  0.86777286 0.42033388
0.92454536 0.87000214 0.42185735
0.92674433 0.87223498 0.42338341
0.92894671 0.87447139 0.42491215
0.93115252 0.87671137 0.42644355
0.93336178 0.87895495 0.4279776 
0.93557449 0.88120214 0.42951431
0.93779067 0.88345295 0.43105369
0.94001033 0.8857074  0.4325957 
0.94223347 0.88796551 0.43414024
0.9444601  0.8902273  0.43568736
0.9466903  0.89249273 0.43723754
0.94892405 0.89476184 0.43879069
0.95116133 0.89703467 0.44034629
0.95340212 0.89931126 0.44190421
0.95564654 0.90159154 0.44346527
0.95789457 0.90387555 0.44502937
0.96014611 0.9061634  0.44659534
0.96240138 0.90845493 0.44816508
0.96466019 0.91075033 0.4497368 
0.9669227  0.91304949 0.4513118 
0.96918878 0.91535255 0.45288868
0.97145864 0.91765934 0.45446948
0.97373212 0.91997003 0.45605246
0.97600928 0.92228462 0.45763797
0.97829014 0.92460309 0.45922627
0.98057474 0.92692545 0.4608174 
0.98286306 0.92925173 0.4624113 
0.98515505 0.93158202 0.46400709
0.98745085 0.93391621 0.46560612
0.98975032 0.93625446 0.46720688
0.99205344 0.93859682 0.46880902
0.99436019 0.94094333 0.47041225
0.99666928 0.94329522 0.47200352
