0.08453791 0.06776498 0.0900679 
0.08764044 0.07095264 0.09322126
0.09072835 0.07412193 0.09635837
0.09379945 0.07727524 0.09947914
0.09685436 0.08041347 0.10258426
0.0998938  0.08353737 0.10567444
0.10291827 0.08664774 0.10875029
0.10592852 0.08974519 0.11181246
0.10892502 0.09283041 0.11486151
0.11190864 0.09590384 0.11789807
0.11487972 0.09896613 0.12092264
0.11783899 0.10201769 0.12393577
0.12078679 0.10505909 0.12693789
0.12372361 0.10809078 0.12992948
0.12664999 0.11111317 0.13291098
0.12956637 0.11412664 0.13588283
0.13247318 0.1171316  0.13884543
0.13537068 0.12012849 0.1417991 
0.13825937 0.1231176  0.14474427
0.14113971 0.12609922 0.1476813 
0.144012   0.12907371 0.15061051
0.14687636 0.13204147 0.15353216
0.14973345 0.13500265 0.15644666
0.15258334 0.13795764 0.15935424
0.15542644 0.14090665 0.16225522
0.15826301 0.14384997 0.16514985
0.16109333 0.14678784 0.16803842
0.16391763 0.14972052 0.17092115
0.16673635 0.15264817 0.17379837
0.16954936 0.15557116 0.17667018
0.17235731 0.15848954 0.17953694
0.17516022 0.16140361 0.18239881
0.17795826 0.1643136  0.185256  
0.18075183 0.16721961 0.18810876
0.18354112 0.17012184 0.19095729
0.18632605 0.1730206  0.19380171
0.18910709 0.17591594 0.19664227
0.19188446 0.17880803 0.19947919
0.19465828 0.18169704 0.20231261
0.19742858 0.18458323 0.20514267
0.20019564 0.18746668 0.20796957
0.20295969 0.19034753 0.21079348
0.20572087 0.19322593 0.21361458
0.20847934 0.19610203 0.216433  
0.21123525 0.19897597 0.2192489 
0.21398874 0.20184788 0.22206244
0.21673985 0.20471795 0.22487371
0.21948886 0.20758624 0.2276829 
0.22223589 0.2104529  0.23049014
0.22498106 0.21331804 0.23329557
0.22772451 0.21618179 0.23609932
0.23046638 0.21904426 0.23890152
0.23320679 0.22190555 0.24170229
0.23594585 0.2247658  0.24450176
0.23868369 0.22762511 0.24730004
0.24142045 0.23048357 0.25009727
0.24415619 0.23334131 0.25289354
0.24689108 0.23619841 0.25568899
0.24962519 0.23905499 0.25848371
0.25235866 0.24191112 0.26127782
0.25509157 0.24476693 0.26407143
0.25782405 0.24762248 0.26686464
0.26055617 0.25047789 0.26965756
0.26328806 0.25333323 0.27245029
0.26601979 0.25618861 0.27524292
0.2687515  0.25904408 0.27803557
0.27148314 0.26189982 0.2808283 
0.27421491 0.26475583 0.28362123
0.27694693 0.26761221 0.28641446
0.27967924 0.27046904 0.28920807
0.28241196 0.27332641 0.29200217
0.28514518 0.27618438 0.29479684
0.28787897 0.27904304 0.29759217
0.2906134  0.28190246 0.30038825
0.29334857 0.28476273 0.30318516
0.29608435 0.287624   0.30598294
0.29882155 0.29048611 0.30878112
0.30155988 0.2933493  0.31157965
0.30429942 0.29621364 0.31437859
0.30704025 0.2990792  0.31717801
0.30978246 0.30194604 0.31997799
0.31252614 0.30481423 0.32277857
0.31527142 0.30768383 0.32557976
0.31801835 0.3105549  0.32838165
0.32076699 0.31342751 0.33118435
0.32351737 0.31630175 0.3339879 
0.3262696  0.31917766 0.33679237
0.32902376 0.32205532 0.33959781
0.3317799  0.32493478 0.34240429
0.33453811 0.3278161  0.34521185
0.33729847 0.33069935 0.34802055
0.34006103 0.33358458 0.35083045
0.34282595 0.33647184 0.35364154
0.34559324 0.33936119 0.35645393
0.34836294 0.34225271 0.35926767
0.35113515 0.34514644 0.36208283
0.3539099  0.34804246 0.36489944
0.35668731 0.3509408  0.36771756
0.35946741 0.35384154 0.37053724
0.36225029 0.35674471 0.37335852
0.365036   0.35965039 0.37618146
0.36782464 0.36255861 0.3790061 
0.37061623 0.36546944 0.38183248
0.37341089 0.36838293 0.38466065
0.37620865 0.37129913 0.38749066
0.3790096  0.37421808 0.39032256
0.38181378 0.37713986 0.39315638
0.38462129 0.3800645  0.39599218
0.38743217 0.38299207 0.39882998
0.3902465  0.38592259 0.40166984
0.39306434 0.38885614 0.4045118 
0.39588576 0.39179275 0.4073559 
0.39871084 0.39473248 0.41020219
0.40153961 0.39767538 0.41305069
0.40437217 0.40062149 0.41590146
0.40720857 0.40357086 0.41875455
0.41004888 0.40652354 0.42160997
0.41289316 0.40947958 0.42446777
0.41574149 0.41243903 0.42732801
0.41859392 0.41540193 0.43019071
0.42145052 0.41836832 0.43305592
0.42431137 0.42133826 0.43592367
0.42717652 0.42431179 0.43879401
0.43004603 0.42728896 0.44166696
0.43291999 0.43026981 0.44454259
0.43579844 0.43325438 0.44742091
0.43868147 0.43624273 0.45030198
0.44156912 0.43923489 0.45318583
0.44446148 0.44223092 0.4560725 
0.4473586  0.44523085 0.45896203
0.45026057 0.44823472 0.46185445
0.45316752 0.45124256 0.46474974
0.45607943 0.45425443 0.467648  
0.45899638 0.45727038 0.47054928
0.46191843 0.46029045 0.47345361
0.46484565 0.46331469 0.47636105
0.46777811 0.46634312 0.47927162
0.47071587 0.46937581 0.48218538
0.47365899 0.47241278 0.48510236
0.47660755 0.47545409 0.4880226 
0.47956161 0.47849977 0.49094615
0.48252137 0.48154983 0.49387294
0.48548676 0.48460434 0.49680311
0.48845785 0.48766336 0.49973673
0.49143471 0.49072691 0.50267383
0.49441741 0.49379504 0.50561445
0.497406   0.4968678  0.50855865
0.50040056 0.49994522 0.51150648
0.50340117 0.50302735 0.51445794
0.50640801 0.50611418 0.51741301
0.50942101 0.5092058  0.52037184
0.51244023 0.51230225 0.52333448
0.51546575 0.51540357 0.52630098
0.51849762 0.5185098  0.5292714 
0.5215359  0.521621   0.53224579
0.5245807  0.52473718 0.53522416
0.52763218 0.52785835 0.53820649
0.53069026 0.53098462 0.54119293
0.533755   0.534116   0.54418356
0.53682648 0.53725256 0.54717842
0.53990474 0.54039432 0.55017757
0.54298985 0.54354134 0.55318108
0.54608198 0.54669361 0.55618888
0.54918113 0.54985121 0.55920109
0.55228731 0.5530142  0.56221782
0.55540057 0.55618261 0.56523913
0.55852097 0.5593565  0.56826509
0.56164856 0.5625359  0.57129574
0.56478342 0.56572086 0.57433114
0.56792573 0.56891138 0.57737123
0.57107541 0.57210756 0.58041621
0.57423249 0.57530943 0.58346614
0.57739702 0.57851706 0.58652108
0.58056908 0.58173048 0.58958111
0.58374869 0.58494974 0.59264628
0.58693599 0.58817487 0.5957166 
0.59013105 0.59140591 0.5987921 
0.59333382 0.59464293 0.60187294
0.59654434 0.59788599 0.60495918
0.59976267 0.60113514 0.6080509 
0.60298886 0.60439043 0.61114816
0.60622294 0.6076519  0.61425102
0.60946497 0.61091961 0.61735954
0.61271514 0.61419356 0.62047367
0.61597333 0.61747385 0.62359361
0.6192396  0.62076054 0.62671943
0.62251399 0.62405368 0.62985118
0.62579653 0.62735332 0.63298894
0.62908727 0.63065951 0.63613278
0.63238626 0.63397231 0.63928275
0.63569353 0.63729177 0.64243892
0.63900916 0.64061794 0.64560134
0.64233324 0.64395085 0.64877002
0.64566573 0.6472906  0.65194511
0.64900665 0.65063723 0.65512668
0.65235605 0.65399081 0.65831479
0.65571397 0.6573514  0.66150947
0.65907968 0.66071932 0.66471101
0.66245245 0.66409489 0.66791999
0.66583232 0.66747816 0.67113644
0.66921933 0.67086921 0.67436041
0.67261352 0.67426807 0.67759195
0.67601496 0.67767481 0.68083123
0.67942367 0.68108949 0.68407814
0.68283969 0.68451218 0.68733275
0.68626305 0.68794294 0.69059508
0.68969381 0.69138184 0.69386518
0.693132   0.69482894 0.69714307
0.6965777  0.69828427 0.70042896
0.70003093 0.70174792 0.70372274
0.70349173 0.70521996 0.70702443
0.70696013 0.70870045 0.71033406
0.71043622 0.71218943 0.7136518 
0.71392003 0.71568697 0.71697763
0.71741158 0.71919316 0.7203115 
0.72091093 0.72270806 0.72365346
0.72441818 0.72623169 0.72700377
0.72793332 0.72976416 0.73036221
0.73145639 0.73330554 0.7337288 
0.73498752 0.73685583 0.73710389
0.73852667 0.74041517 0.74048716
0.74207395 0.74398358 0.74387883
0.74562941 0.74756114 0.74727893
0.74919306 0.75114793 0.75068738
0.75276503 0.75474398 0.75410443
0.75634529 0.7583494  0.75752983
0.75993399 0.76196419 0.76096392
0.7635311  0.76558849 0.76440647
0.76713673 0.76922233 0.76785768
0.77075094 0.77286576 0.77131755
0.77437374 0.7765189  0.77478596
0.7780053  0.78018174 0.7782633 
0.78164558 0.7838544  0.78174929
0.78529468 0.78753695 0.78524403
0.78895264 0.79122945 0.78874754
0.7926196  0.79493192 0.79226005
0.79629557 0.79864448 0.79578141
0.79998062 0.80236719 0.79931168
0.80367482 0.8061001  0.80285091
0.80737826 0.8098433  0.80639914
0.81109097 0.81359685 0.80995636
0.81481305 0.81736082 0.81352264
0.81854461 0.82113524 0.81709815
0.82228568 0.82492022 0.82068278
0.82603627 0.82871586 0.82427642
0.82979663 0.83252212 0.82787955
0.83356666 0.83633919 0.83149178
0.83734651 0.84016709 0.83511327
0.84113626 0.84400588 0.83874415
0.84493599 0.84785563 0.84238444
0.84874569 0.85171649 0.8460339 
0.85256555 0.85558843 0.8496929 
0.85639557 0.85947159 0.8533613 
0.86023577 0.86336609 0.85703891
0.86408611 0.86727206 0.86072551
0.86794529 0.87119051 0.86441748
