0.00627597 0.08977184 0.09770948
0.00745899 0.09319451 0.10086264
0.0087291  0.0965933  0.10400028
0.0100511  0.09997691 0.10712128
0.01142524 0.10334596 0.11022639
0.01284753 0.1067019  0.11331612
0.01431778 0.11004533 0.11639111
0.01583524 0.11337693 0.11945197
0.01739973 0.11669721 0.12249928
0.01900795 0.12000724 0.12553347
0.02065926 0.12330754 0.12855505
0.02235876 0.12659765 0.13156474
0.02409511 0.12987984 0.13456257
0.02587921 0.13315268 0.13754945
0.02770093 0.13641813 0.14052542
0.02956469 0.13967581 0.14349108
0.03147111 0.14292595 0.14644686
0.03341656 0.14616937 0.14939301
0.0353984  0.14940672 0.1523298 
0.03741987 0.15263779 0.15525772
0.03948034 0.15586293 0.15817709
0.04155043 0.15908257 0.16108818
0.04358617 0.162297   0.1639913 
0.04559783 0.16550654 0.16688672
0.04758619 0.16871151 0.16977471
0.04955215 0.17191218 0.17265553
0.05149653 0.17510881 0.17552943
0.05342023 0.17830162 0.17839668
0.05532422 0.18149083 0.1812575 
0.05720896 0.1846767  0.18411214
0.05907512 0.18785942 0.1869608 
0.06092388 0.19103913 0.18980373
0.06275509 0.19421614 0.19264112
0.06457028 0.19739049 0.19547319
0.06636931 0.20056246 0.19830013
0.06815282 0.20373221 0.20112214
0.06991669 0.20690057 0.20393919
0.07166587 0.21006705 0.20675166
0.07340098 0.2132318  0.20955974
0.0751226  0.21639493 0.21236361
0.07683154 0.21955653 0.21516345
0.07852294 0.22271751 0.21795919
0.08020798 0.2258767  0.22074869
0.08188276 0.22903481 0.22353225
0.08354755 0.23219199 0.22631003
0.0852024  0.23534841 0.22908201
0.08684677 0.2385044  0.23184759
0.08848185 0.24165984 0.23460782
0.09010786 0.24481487 0.23736282
0.09172502 0.24796961 0.24011275
0.09333241 0.25112443 0.24285671
0.09493121 0.25427923 0.24559571
0.09652172 0.25743409 0.24833002
0.09810415 0.26058912 0.25105975
0.09967755 0.26374468 0.25378403
0.10124297 0.26690067 0.25650376
0.10280087 0.27005714 0.25921926
0.10435137 0.2732142  0.26193067
0.10589326 0.27637225 0.2646369 
0.10742789 0.27953112 0.26733914
0.10895552 0.28269086 0.27003759
0.11047607 0.28585164 0.27273217
0.11198859 0.28901378 0.27542203
0.11349449 0.29217708 0.27810841
0.11499403 0.29534162 0.28079144
0.1164864  0.29850767 0.28347048
0.11797175 0.30167533 0.28614564
0.11945096 0.3048445  0.28881773
0.12092417 0.30801525 0.29148683
0.12238987 0.31118804 0.29415159
0.12384985 0.31436257 0.29681353
0.12530415 0.31753893 0.29947277
0.12675187 0.32071742 0.30212852
0.12819331 0.32389807 0.30478105
0.12962949 0.32708076 0.30743115
0.13105998 0.33026567 0.31007854
0.13248374 0.33345312 0.31272238
0.13390247 0.33664283 0.31536402
0.13531627 0.33983488 0.31800357
0.13672324 0.34302977 0.32063949
0.13812524 0.34622717 0.32327336
0.13952266 0.34942709 0.32590539
0.14091379 0.35262999 0.32853429
0.14229978 0.35583569 0.33116105
0.14368146 0.35904412 0.33378619
0.14505729 0.36225567 0.33640862
0.146428   0.36547028 0.3390289 
0.1477946  0.3686878  0.34164779
0.14915561 0.37190862 0.34426425
0.15051163 0.37513271 0.34687866
0.15186365 0.37835993 0.34949188
0.15321025 0.38159064 0.35210286
0.15455217 0.38482478 0.354712  
0.15589014 0.38806225 0.35732013
0.15722291 0.3913034  0.35992612
0.15855109 0.39454818 0.36253052
0.15987559 0.39779644 0.36513414
0.16119486 0.40104862 0.36773559
0.16250977 0.40430457 0.37033582
0.16382149 0.40756413 0.37293549
0.16512741 0.41082792 0.37553282
0.16642987 0.41409552 0.37812945
0.16772885 0.41736698 0.38072555
0.16902227 0.42064284 0.38331935
0.17031245 0.42392264 0.38591287
0.17159892 0.42720658 0.38850559
0.17288029 0.43049499 0.3910966 
0.17415888 0.43378746 0.39368756
0.17543286 0.43708444 0.39627727
0.17670292 0.44038585 0.39886604
0.17797002 0.44369155 0.4014549 
0.17923216 0.44700203 0.40404203
0.18049101 0.45031698 0.40662902
0.18174685 0.45363643 0.4092159 
0.18299761 0.45696087 0.41180121
0.1842459  0.46028981 0.41438695
0.1854901  0.46362365 0.41697184
0.18673038 0.46696241 0.41955618
0.18796859 0.47030579 0.42214116
0.18920135 0.47365453 0.42472444
0.19043183 0.47700804 0.42730833
0.19165892 0.48036661 0.42989205
0.19288169 0.48373049 0.43247501
0.19410268 0.48709923 0.43505891
0.19531869 0.49047352 0.43764161
0.19653216 0.49385294 0.44022487
0.1977428  0.49723761 0.4428084 
0.19894905 0.50062789 0.44539124
0.14982894 0.4651253  0.78897015
0.15244875 0.46886153 0.78958004
0.1550885  0.4725902  0.79020973
0.15776187 0.47630876 0.79086654
0.16045219 0.48002083 0.79154175
0.16315865 0.48372686 0.7922348 
0.16589511 0.48742409 0.79295377
0.1686463  0.49111583 0.79369081
0.17141159 0.49480245 0.79444561
0.17420189 0.49848197 0.7952235 
0.17700641 0.50215671 0.79601945
0.17982324 0.50582727 0.79683249
0.18265985 0.50949229 0.79766658
0.18551228 0.51315278 0.79851969
0.18837544 0.51681004 0.79938881
0.19125166 0.52046375 0.80027528
0.1941471  0.52411278 0.80118251
0.19705248 0.52775927 0.80210549
0.19996766 0.53140342 0.80304407
0.20289871 0.53504416 0.80400138
0.20584322 0.53868216 0.80497606
0.20879695 0.5423185  0.80596573
0.21175988 0.54595337 0.80697024
0.21473865 0.54958554 0.80799303
0.21772894 0.5532161  0.80903161
0.22072818 0.55684578 0.81008444
0.22373644 0.56047474 0.81115139
0.22675772 0.56410231 0.81223432
0.22979221 0.5677286  0.81333322
0.23283579 0.57135467 0.8144457 
0.23588862 0.57498066 0.81557163
0.23895088 0.57860668 0.81671089
0.24202765 0.58223183 0.81786594
0.245116   0.58585689 0.81903493
0.24821416 0.58948241 0.82021669
0.2513224  0.59310849 0.82141112
0.25444091 0.59673529 0.8226178 
0.25756996 0.60036293 0.8238365 
0.26071524 0.60399029 0.8250702 
0.26387158 0.60761863 0.82631591
0.26703933 0.61124806 0.82757343
0.27021858 0.61487882 0.8288417 
0.27341005 0.6185108  0.83012151
0.2766142  0.62214405 0.83141283
0.27983123 0.62577877 0.8327147 
0.28306173 0.62941496 0.83402722
0.2863084  0.63305212 0.83535183
0.28956974 0.63669089 0.83668621
0.29284591 0.64033123 0.83803109
0.29613726 0.64397334 0.83938533
0.29944452 0.64761713 0.84074936
0.30276818 0.65126275 0.84212226
0.30610901 0.6549101  0.84350438
0.30946756 0.65855932 0.84489478
0.31284474 0.66221024 0.84629412
0.31624111 0.66586302 0.84770111
0.31965754 0.66951758 0.84911589
0.3230949  0.67317387 0.85053833
0.326554   0.67683191 0.85196774
0.33003573 0.6804917  0.85340359
0.3335411  0.68415312 0.85484585
0.33707252 0.68781582 0.8562947 
0.34063198 0.69147952 0.85775012
0.34421878 0.69514458 0.85921061
0.34783411 0.69881089 0.86067573
0.35147924 0.70247835 0.86214499
0.35515549 0.70614686 0.86361761
0.3588647  0.70981615 0.86509343
0.36261484 0.71348462 0.86657473
0.36640338 0.71715304 0.86805867
0.37023607 0.72082084 0.86954201
0.374115   0.72448753 0.87102558
0.37804932 0.7281514  0.87251006
0.38203118 0.73181401 0.87399354
0.38606149 0.7354751  0.87547657
0.39015183 0.73913254 0.87695946
0.39429476 0.74278763 0.87844172
0.39849045 0.74644039 0.87992241
0.40275222 0.75008814 0.88140343
0.40706865 0.75373308 0.88288272
0.41144882 0.75737335 0.88436137
0.41589282 0.76100883 0.88583933
0.42039933 0.76463968 0.88731628
0.42497704 0.76826411 0.8887929 
0.4296185  0.77188342 0.8902686 
0.43433561 0.77549506 0.89174478
0.43912001 0.77910057 0.89322065
0.44398179 0.78269768 0.89469766
0.44891645 0.78628709 0.89617565
0.45392736 0.78986787 0.89765547
0.45901872 0.79343888 0.89913808
0.46418414 0.79700116 0.90062352
0.46943529 0.80055192 0.90211411
0.47476469 0.80409239 0.90361009
0.48017189 0.80762234 0.90511226
0.48566688 0.81113917 0.90662342
0.49124084 0.81464437 0.90814404
0.49689334 0.81813763 0.9096756 
0.5026284  0.82161756 0.91122065
0.50844443 0.82508405 0.91278084
0.5143362  0.82853776 0.91435784
0.52030214 0.83197857 0.91595371
0.52634391 0.83540559 0.91757103
0.53245835 0.83881902 0.91921204
0.53863937 0.8422198  0.92087841
0.5448837  0.84560822 0.9225724 
0.55118793 0.84898463 0.92429614
0.55755424 0.85234806 0.92605249
0.56397234 0.85570059 0.92784259
0.57043805 0.8590429  0.92966824
0.57693242 0.86238114 0.9315134 
0.58339401 0.86573007 0.93337732
0.58982307 0.86908995 0.93526083
0.59622372 0.87246042 0.93716192
0.60259689 0.87584163 0.9390808 
0.60894412 0.87923359 0.94101723
0.61526341 0.88263692 0.94297357
0.6215598  0.88605105 0.94494686
0.62783638 0.88947571 0.94693553
0.63408609 0.89291236 0.94894572
0.64031786 0.89635972 0.95097134
0.64653006 0.89981832 0.95301434
0.6527236  0.90328824 0.95507468
0.6589026  0.90676898 0.95714978
0.66506474 0.91026118 0.95924207
0.67121408 0.91376433 0.96134893
0.67735789 0.91727734 0.96346508
0.68354906 0.92079081 0.96554815
