0.00627597 0.08977184 0.09770948
0.00745899 0.09319451 0.10086264
0.0087291  0.0965933  0.10400028
0.0100511  0.09997691 0.10712128
0.01142524 0.10334596 0.11022639
0.01284753 0.1067019  0.11331612
0.01431778 0.11004533 0.11639111
0.01583524 0.11337693 0.11945197
0.01739973 0.11669721 0.12249928
0.01900795 0.12000724 0.12553347
0.02065926 0.12330754 0.12855505
0.02235876 0.12659765 0.13156474
0.02409511 0.12987984 0.13456257
0.02587921 0.13315268 0.13754945
0.02770093 0.13641813 0.14052542
0.02956469 0.13967581 0.14349108
0.03147111 0.14292595 0.14644686
0.03341656 0.14616937 0.14939301
0.0353984  0.14940672 0.1523298 
0.03741987 0.15263779 0.15525772
0.03948034 0.15586293 0.15817709
0.04155043 0.15908257 0.16108818
0.04358617 0.162297   0.1639913 
0.04559783 0.16550654 0.16688672
0.04758619 0.16871151 0.16977471
0.04955215 0.17191218 0.17265553
0.05149653 0.17510881 0.17552943
0.05342023 0.17830162 0.17839668
0.05532422 0.18149083 0.1812575 
0.05720896 0.1846767  0.18411214
0.05907512 0.18785942 0.1869608 
0.06092388 0.19103913 0.18980373
0.06275509 0.19421614 0.19264112
0.06457028 0.19739049 0.19547319
0.06636931 0.20056246 0.19830013
0.06815282 0.20373221 0.20112214
0.06991669 0.20690057 0.20393919
0.07166587 0.21006705 0.20675166
0.07340098 0.2132318  0.20955974
0.0751226  0.21639493 0.21236361
0.07683154 0.21955653 0.21516345
0.07852294 0.22271751 0.21795919
0.08020798 0.2258767  0.22074869
0.08188276 0.22903481 0.22353225
0.08354755 0.23219199 0.22631003
0.0852024  0.23534841 0.22908201
0.08684677 0.2385044  0.23184759
0.08848185 0.24165984 0.23460782
0.09010786 0.24481487 0.23736282
0.09172502 0.24796961 0.24011275
0.09333241 0.25112443 0.24285671
0.09493121 0.25427923 0.24559571
0.09652172 0.25743409 0.24833002
0.09810415 0.26058912 0.25105975
0.09967755 0.26374468 0.25378403
0.10124297 0.26690067 0.25650376
0.10280087 0.27005714 0.25921926
0.10435137 0.2732142  0.26193067
0.10589326 0.27637225 0.2646369 
0.10742789 0.27953112 0.26733914
0.10895552 0.28269086 0.27003759
0.11047607 0.28585164 0.27273217
0.11198859 0.28901378 0.27542203
0.11349449 0.29217708 0.27810841
0.11499403 0.29534162 0.28079144
0.1164864  0.29850767 0.28347048
0.11797175 0.30167533 0.28614564
0.11945096 0.3048445  0.28881773
0.12092417 0.30801525 0.29148683
0.12238987 0.31118804 0.29415159
0.12384985 0.31436257 0.29681353
0.12530415 0.31753893 0.29947277
0.12675187 0.32071742 0.30212852
0.12819331 0.32389807 0.30478105
0.12962949 0.32708076 0.30743115
0.13105998 0.33026567 0.31007854
0.13248374 0.33345312 0.31272238
0.13390247 0.33664283 0.31536402
0.13531627 0.33983488 0.31800357
0.13672324 0.34302977 0.32063949
0.13812524 0.34622717 0.32327336
0.13952266 0.34942709 0.32590539
0.14091379 0.35262999 0.32853429
0.14229978 0.35583569 0.33116105
0.14368146 0.35904412 0.33378619
0.14505729 0.36225567 0.33640862
0.146428   0.36547028 0.3390289 
0.1477946  0.3686878  0.34164779
0.14915561 0.37190862 0.34426425
0.15051163 0.37513271 0.34687866
0.15186365 0.37835993 0.34949188
0.15321025 0.38159064 0.35210286
0.15455217 0.38482478 0.354712  
0.15589014 0.38806225 0.35732013
0.15722291 0.3913034  0.35992612
0.15855109 0.39454818 0.36253052
0.15987559 0.39779644 0.36513414
0.16119486 0.40104862 0.36773559
0.16250977 0.40430457 0.37033582
0.16382149 0.40756413 0.37293549
0.16512741 0.41082792 0.37553282
0.16642987 0.41409552 0.37812945
0.16772885 0.41736698 0.38072555
0.16902227 0.42064284 0.38331935
0.17031245 0.42392264 0.38591287
0.17159892 0.42720658 0.38850559
0.17288029 0.43049499 0.3910966 
0.17415888 0.43378746 0.39368756
0.17543286 0.43708444 0.39627727
0.17670292 0.44038585 0.39886604
0.17797002 0.44369155 0.4014549 
0.17923216 0.44700203 0.40404203
0.18049101 0.45031698 0.40662902
0.18174685 0.45363643 0.4092159 
0.18299761 0.45696087 0.41180121
0.1842459  0.46028981 0.41438695
0.1854901  0.46362365 0.41697184
0.18673038 0.46696241 0.41955618
0.18796859 0.47030579 0.42214116
0.18920135 0.47365453 0.42472444
0.19043183 0.47700804 0.42730833
0.19165892 0.48036661 0.42989205
0.19288169 0.48373049 0.43247501
0.19410268 0.48709923 0.43505891
0.19531869 0.49047352 0.43764161
0.19653216 0.49385294 0.44022487
0.1977428  0.49723761 0.4428084 
0.19894905 0.50062789 0.44539124
0.20015356 0.50402331 0.44797525
0.2013535  0.50742451 0.45055835
0.20255095 0.5108311  0.45314221
0.20374558 0.51424324 0.45572651
0.20493627 0.51766119 0.45831043
0.20612533 0.52108455 0.46089579
0.20730954 0.52451401 0.4634802 
0.20849205 0.52794903 0.4660659 
0.20966909 0.53139027 0.46865155
0.21084856 0.53483674 0.47123735
0.21201965 0.53828993 0.47382311
0.21319913 0.54174773 0.47640857
0.21437069 0.5452123  0.47899411
0.21554337 0.54868255 0.4815794 
0.21671603 0.55215868 0.4841646 
0.21788204 0.55564158 0.48674983
0.21905652 0.5591294  0.48933469
0.22022415 0.56262414 0.49191961
0.22139296 0.56612485 0.49450435
0.22256365 0.56963149 0.49708891
0.22372809 0.57314516 0.49967351
0.22490075 0.57666409 0.50225773
0.22606966 0.58018983 0.50484195
0.22723633 0.58372228 0.507426  
0.2284105  0.58726027 0.51000981
0.2295792  0.59080547 0.51259351
0.23075155 0.59435682 0.51517699
0.2319269  0.59791446 0.51776022
0.23309788 0.60147935 0.52034335
0.2342768  0.60505005 0.52292612
0.23545606 0.60862754 0.52550871
0.23663144 0.61221242 0.52809108
0.23781858 0.61580281 0.5306731 
0.23900368 0.61940049 0.5332548 
0.24018642 0.62300555 0.53583634
0.24138245 0.62661613 0.53841734
0.24257654 0.63023417 0.54099807
0.24376917 0.63385966 0.54357855
0.24497557 0.63749082 0.54615839
0.24618133 0.64112947 0.54873791
0.24738657 0.64477565 0.55131708
0.24860491 0.64842777 0.55389557
0.24982513 0.65208727 0.55647361
0.25104603 0.65575435 0.55905121
0.25227768 0.65942786 0.56162808
0.2535156  0.6631084  0.56420437
0.25475539 0.66679659 0.5667801 
0.25600231 0.67049183 0.56935517
0.25726135 0.67419362 0.57192941
0.25852352 0.67790309 0.57450295
0.25978935 0.68162025 0.57707578
0.26107092 0.68534371 0.5796477 
0.26235951 0.68907459 0.58221878
0.26365311 0.6928132  0.58478899
0.26495389 0.69655936 0.58735822
0.26627255 0.70031184 0.58992638
0.26759782 0.70407207 0.59249353
0.26893018 0.70784006 0.5950596 
0.27027283 0.7116155  0.59762453
0.27163413 0.71539747 0.6001882 
0.27300432 0.71918719 0.60275066
0.27438405 0.72298466 0.60531185
0.27577399 0.72678988 0.6078717 
0.27718613 0.73060148 0.61043007
0.27861027 0.73442076 0.612987  
0.28004655 0.73824777 0.61554243
0.28149568 0.7420825  0.6180963 
0.28296151 0.74592457 0.62064853
0.28444929 0.74977342 0.62319898
0.28595192 0.75362997 0.62574767
0.28747024 0.7574942  0.62829453
0.28900509 0.76136608 0.63083951
0.29055737 0.76524558 0.63338255
0.29213709 0.76913158 0.63592351
0.29373566 0.77302518 0.63846235
0.29535405 0.77692633 0.64099907
0.29699319 0.78083499 0.64353361
0.29865358 0.78475119 0.64606578
0.30033653 0.78867484 0.64859562
0.30204766 0.79260534 0.65112308
0.30378567 0.79654293 0.65364793
0.305549   0.80048785 0.65617031
0.30733827 0.80444011 0.65869002
0.30915463 0.80839964 0.66120702
0.31099909 0.81236639 0.66372126
0.31287277 0.8163403  0.66623269
0.31477667 0.82032132 0.66874123
0.31671206 0.82430936 0.67124687
0.31868247 0.82830407 0.67374945
0.32068822 0.83230547 0.67624906
0.32272818 0.83631377 0.67874552
0.32480365 0.84032887 0.68123886
0.32691587 0.84435068 0.68372907
0.32906581 0.84837914 0.68621603
0.33125388 0.8524143  0.68869936
0.33345645 0.85645881 0.69118229
0.33566134 0.8605139  0.69366876
0.33786859 0.86457964 0.6961588 
0.34007824 0.86865612 0.69865243
0.3422903  0.87274339 0.70114966
0.34450481 0.87684155 0.7036505 
0.34672178 0.88095066 0.70615497
0.34894122 0.88507081 0.70866307
0.3511626  0.88920217 0.71117455
0.35338892 0.89334433 0.71369086
0.35561944 0.8974975  0.71621165
0.35785219 0.90166207 0.71873597
0.36008618 0.90583828 0.72126336
0.3623212  0.91002626 0.7237937 
0.36456357 0.91422507 0.72633007
0.36680916 0.91843545 0.72887048
0.36905363 0.9226582  0.73141281
0.37130586 0.92689196 0.7339614 
0.3735589  0.93113795 0.73651286
0.37581548 0.93539581 0.73906854
0.3780746  0.93966578 0.74162794
0.38033945 0.94394743 0.74419265
0.38260345 0.94824193 0.74675943
0.38487133 0.9525486  0.7493306 
0.38714515 0.95686717 0.75190722
0.38941945 0.96119864 0.75448656
0.39169495 0.96554298 0.75706898
0.39397778 0.96989928 0.75965756
0.39625412 0.97426988 0.76224538
0.39853438 0.97865319 0.76483764
0.40081563 0.98304976 0.76743288
0.40307991 0.98746266 0.770022  
0.40526413 0.99190242 0.77257291
