0.00627597 0.08977184 0.09770948
0.00745899 0.09319451 0.10086264
0.0087291  0.0965933  0.10400028
0.0100511  0.09997691 0.10712128
0.01142524 0.10334596 0.11022639
0.01284753 0.1067019  0.11331612
0.01431778 0.11004533 0.11639111
0.01583524 0.11337693 0.11945197
0.01739973 0.11669721 0.12249928
0.01900795 0.12000724 0.12553347
0.02065926 0.12330754 0.12855505
0.02235876 0.12659765 0.13156474
0.02409511 0.12987984 0.13456257
0.02587921 0.13315268 0.13754945
0.02770093 0.13641813 0.14052542
0.02956469 0.13967581 0.14349108
0.03147111 0.14292595 0.14644686
0.03341656 0.14616937 0.14939301
0.0353984  0.14940672 0.1523298 
0.03741987 0.15263779 0.15525772
0.03948034 0.15586293 0.15817709
0.04155043 0.15908257 0.16108818
0.04358617 0.162297   0.1639913 
0.04559783 0.16550654 0.16688672
0.04758619 0.16871151 0.16977471
0.04955215 0.17191218 0.17265553
0.05149653 0.17510881 0.17552943
0.05342023 0.17830162 0.17839668
0.05532422 0.18149083 0.1812575 
0.05720896 0.1846767  0.18411214
0.05907512 0.18785942 0.1869608 
0.06092388 0.19103913 0.18980373
0.06275509 0.19421614 0.19264112
0.06457028 0.19739049 0.19547319
0.06636931 0.20056246 0.19830013
0.06815282 0.20373221 0.20112214
0.06991669 0.20690057 0.20393919
0.07166587 0.21006705 0.20675166
0.07340098 0.2132318  0.20955974
0.0751226  0.21639493 0.21236361
0.07683154 0.21955653 0.21516345
0.07852294 0.22271751 0.21795919
0.08020798 0.2258767  0.22074869
0.08188276 0.22903481 0.22353225
0.08354755 0.23219199 0.22631003
0.0852024  0.23534841 0.22908201
0.08684677 0.2385044  0.23184759
0.08848185 0.24165984 0.23460782
0.09010786 0.24481487 0.23736282
0.09172502 0.24796961 0.24011275
0.09333241 0.25112443 0.24285671
0.23046638 0.21904426 0.23890152
0.23320679 0.22190555 0.24170229
0.23594585 0.2247658  0.24450176
0.23868369 0.22762511 0.24730004
0.24142045 0.23048357 0.25009727
0.24415619 0.23334131 0.25289354
0.24689108 0.23619841 0.25568899
0.24962519 0.23905499 0.25848371
0.25235866 0.24191112 0.26127782
0.25509157 0.24476693 0.26407143
0.25782405 0.24762248 0.26686464
0.26055617 0.25047789 0.26965756
0.26328806 0.25333323 0.27245029
0.26601979 0.25618861 0.27524292
0.2687515  0.25904408 0.27803557
0.27148314 0.26189982 0.2808283 
0.27421491 0.26475583 0.28362123
0.27694693 0.26761221 0.28641446
0.27967924 0.27046904 0.28920807
0.28241196 0.27332641 0.29200217
0.28514518 0.27618438 0.29479684
0.28787897 0.27904304 0.29759217
0.2906134  0.28190246 0.30038825
0.29334857 0.28476273 0.30318516
0.29608435 0.287624   0.30598294
0.29882155 0.29048611 0.30878112
0.30155988 0.2933493  0.31157965
0.30429942 0.29621364 0.31437859
0.30704025 0.2990792  0.31717801
0.30978246 0.30194604 0.31997799
0.31252614 0.30481423 0.32277857
0.31527142 0.30768383 0.32557976
0.31801835 0.3105549  0.32838165
0.32076699 0.31342751 0.33118435
0.32351737 0.31630175 0.3339879 
0.3262696  0.31917766 0.33679237
0.32902376 0.32205532 0.33959781
0.3317799  0.32493478 0.34240429
0.33453811 0.3278161  0.34521185
0.33729847 0.33069935 0.34802055
0.34006103 0.33358458 0.35083045
0.34282595 0.33647184 0.35364154
0.34559324 0.33936119 0.35645393
0.34836294 0.34225271 0.35926767
0.35113515 0.34514644 0.36208283
0.3539099  0.34804246 0.36489944
0.35668731 0.3509408  0.36771756
0.35946741 0.35384154 0.37053724
0.36225029 0.35674471 0.37335852
0.365036   0.35965039 0.37618146
0.36782464 0.36255861 0.3790061 
0.37061623 0.36546944 0.38183248
0.37341089 0.36838293 0.38466065
0.37620865 0.37129913 0.38749066
0.3790096  0.37421808 0.39032256
0.38181378 0.37713986 0.39315638
0.38462129 0.3800645  0.39599218
0.38743217 0.38299207 0.39882998
0.3902465  0.38592259 0.40166984
0.39306434 0.38885614 0.4045118 
0.39588576 0.39179275 0.4073559 
0.39871084 0.39473248 0.41020219
0.40153961 0.39767538 0.41305069
0.40437217 0.40062149 0.41590146
0.40720857 0.40357086 0.41875455
0.41004888 0.40652354 0.42160997
0.41289316 0.40947958 0.42446777
0.41574149 0.41243903 0.42732801
0.41859392 0.41540193 0.43019071
0.42145052 0.41836832 0.43305592
0.42431137 0.42133826 0.43592367
0.42717652 0.42431179 0.43879401
0.43004603 0.42728896 0.44166696
0.43291999 0.43026981 0.44454259
0.43579844 0.43325438 0.44742091
0.43868147 0.43624273 0.45030198
0.44156912 0.43923489 0.45318583
0.44446148 0.44223092 0.4560725 
0.4473586  0.44523085 0.45896203
0.45026057 0.44823472 0.46185445
0.45316752 0.45124256 0.46474974
0.45607943 0.45425443 0.467648  
0.45899638 0.45727038 0.47054928
0.46191843 0.46029045 0.47345361
0.46484565 0.46331469 0.47636105
0.46777811 0.46634312 0.47927162
0.47071587 0.46937581 0.48218538
0.47365899 0.47241278 0.48510236
0.47660755 0.47545409 0.4880226 
0.47956161 0.47849977 0.49094615
0.48252137 0.48154983 0.49387294
0.48548676 0.48460434 0.49680311
0.48845785 0.48766336 0.49973673
0.49143471 0.49072691 0.50267383
0.49441741 0.49379504 0.50561445
0.497406   0.4968678  0.50855865
0.50040056 0.49994522 0.51150648
0.50340117 0.50302735 0.51445794
0.50640801 0.50611418 0.51741301
0.50942101 0.5092058  0.52037184
0.51244023 0.51230225 0.52333448
0.51546575 0.51540357 0.52630098
0.51849762 0.5185098  0.5292714 
0.5215359  0.521621   0.53224579
0.5245807  0.52473718 0.53522416
0.52763218 0.52785835 0.53820649
0.53069026 0.53098462 0.54119293
0.533755   0.534116   0.54418356
0.53682648 0.53725256 0.54717842
0.53990474 0.54039432 0.55017757
0.54298985 0.54354134 0.55318108
0.54608198 0.54669361 0.55618888
0.54918113 0.54985121 0.55920109
0.55228731 0.5530142  0.56221782
0.55540057 0.55618261 0.56523913
0.55852097 0.5593565  0.56826509
0.56164856 0.5625359  0.57129574
0.56478342 0.56572086 0.57433114
0.56792573 0.56891138 0.57737123
0.57107541 0.57210756 0.58041621
0.57423249 0.57530943 0.58346614
0.57739702 0.57851706 0.58652108
0.58056908 0.58173048 0.58958111
0.58374869 0.58494974 0.59264628
0.58693599 0.58817487 0.5957166 
0.59013105 0.59140591 0.5987921 
0.59333382 0.59464293 0.60187294
0.59654434 0.59788599 0.60495918
0.59976267 0.60113514 0.6080509 
0.60298886 0.60439043 0.61114816
0.60622294 0.6076519  0.61425102
0.60946497 0.61091961 0.61735954
0.61271514 0.61419356 0.62047367
0.61597333 0.61747385 0.62359361
0.6192396  0.62076054 0.62671943
0.62251399 0.62405368 0.62985118
0.62579653 0.62735332 0.63298894
0.62908727 0.63065951 0.63613278
0.63238626 0.63397231 0.63928275
0.63569353 0.63729177 0.64243892
0.63900916 0.64061794 0.64560134
0.64233324 0.64395085 0.64877002
0.64566573 0.6472906  0.65194511
0.64900665 0.65063723 0.65512668
0.65235605 0.65399081 0.65831479
0.65571397 0.6573514  0.66150947
0.65907968 0.66071932 0.66471101
0.66245245 0.66409489 0.66791999
0.66583232 0.66747816 0.67113644
0.66921933 0.67086921 0.67436041
0.67261352 0.67426807 0.67759195
0.67601496 0.67767481 0.68083123
0.67942367 0.68108949 0.68407814
0.68283969 0.68451218 0.68733275
0.29865358 0.78475119 0.64606578
0.30033653 0.78867484 0.64859562
0.30204766 0.79260534 0.65112308
0.30378567 0.79654293 0.65364793
0.305549   0.80048785 0.65617031
0.30733827 0.80444011 0.65869002
0.30915463 0.80839964 0.66120702
0.31099909 0.81236639 0.66372126
0.31287277 0.8163403  0.66623269
0.31477667 0.82032132 0.66874123
0.31671206 0.82430936 0.67124687
0.31868247 0.82830407 0.67374945
0.32068822 0.83230547 0.67624906
0.32272818 0.83631377 0.67874552
0.32480365 0.84032887 0.68123886
0.32691587 0.84435068 0.68372907
0.32906581 0.84837914 0.68621603
0.33125388 0.8524143  0.68869936
0.33345645 0.85645881 0.69118229
0.33566134 0.8605139  0.69366876
0.33786859 0.86457964 0.6961588 
0.34007824 0.86865612 0.69865243
0.3422903  0.87274339 0.70114966
0.34450481 0.87684155 0.7036505 
0.34672178 0.88095066 0.70615497
0.34894122 0.88507081 0.70866307
0.3511626  0.88920217 0.71117455
0.35338892 0.89334433 0.71369086
0.35561944 0.8974975  0.71621165
0.35785219 0.90166207 0.71873597
0.36008618 0.90583828 0.72126336
0.3623212  0.91002626 0.7237937 
0.36456357 0.91422507 0.72633007
0.36680916 0.91843545 0.72887048
0.36905363 0.9226582  0.73141281
0.37130586 0.92689196 0.7339614 
0.3735589  0.93113795 0.73651286
0.37581548 0.93539581 0.73906854
0.3780746  0.93966578 0.74162794
0.38033945 0.94394743 0.74419265
0.38260345 0.94824193 0.74675943
0.38487133 0.9525486  0.7493306 
0.38714515 0.95686717 0.75190722
0.38941945 0.96119864 0.75448656
0.39169495 0.96554298 0.75706898
0.39397778 0.96989928 0.75965756
0.39625412 0.97426988 0.76224538
0.39853438 0.97865319 0.76483764
0.40081563 0.98304976 0.76743288
0.40307991 0.98746266 0.770022  
0.40526413 0.99190242 0.77257291
