1.22069719e-02 9.13588076e-02 6.70295346e-02
1.27621709e-02 9.49865772e-02 6.97650684e-02
1.33109602e-02 9.85990099e-02 7.24816446e-02
1.38234346e-02 1.02203013e-01 7.51743381e-02
1.43178397e-02 1.05794827e-01 7.78481670e-02
1.47877774e-02 1.09376084e-01 8.05029806e-02
1.52273327e-02 1.12948175e-01 8.31387648e-02
1.56368582e-02 1.16511193e-01 8.57566601e-02
1.60099203e-02 1.20066490e-01 8.83565333e-02
1.63436389e-02 1.23614674e-01 9.09388955e-02
1.66356165e-02 1.27156232e-01 9.35043127e-02
1.68851227e-02 1.30691347e-01 9.60535905e-02
1.70918237e-02 1.34220146e-01 9.85875436e-02
1.72512729e-02 1.37743418e-01 1.01106295e-01
1.73610466e-02 1.41261582e-01 1.03610282e-01
1.74250207e-02 1.44774085e-01 1.06100854e-01
1.74309177e-02 1.48282702e-01 1.08578567e-01
1.73905194e-02 1.51784396e-01 1.11062749e-01
1.72698716e-02 1.55284017e-01 1.13549958e-01
1.70651822e-02 1.58781827e-01 1.16041310e-01
1.67716434e-02 1.62278056e-01 1.18539744e-01
1.63829394e-02 1.65773078e-01 1.21048425e-01
1.58924470e-02 1.69267227e-01 1.23570976e-01
1.52932934e-02 1.72760783e-01 1.26111572e-01
1.45784658e-02 1.76253958e-01 1.28675048e-01
1.37410019e-02 1.79746856e-01 1.31267025e-01
1.27742982e-02 1.83239441e-01 1.33894056e-01
1.16593341e-02 1.86732886e-01 1.36563903e-01
1.04383074e-02 1.90220732e-01 1.39298411e-01
9.05216677e-03 1.93708853e-01 1.42099292e-01
7.53730091e-03 1.97191276e-01 1.44991268e-01
5.90854534e-03 2.00664573e-01 1.47997682e-01
4.24039014e-03 2.04118581e-01 1.51155432e-01
2.62328537e-03 2.07542759e-01 1.54492922e-01
1.25304570e-03 2.10916987e-01 1.58041599e-01
3.90197547e-04 2.14218259e-01 1.61807622e-01
2.84484002e-04 2.17428852e-01 1.65760070e-01
1.07338123e-03 2.20544375e-01 1.69841765e-01
2.75108552e-03 2.23573662e-01 1.73994847e-01
5.32014005e-03 2.26523224e-01 1.78179176e-01
9.52215211e-03 2.29336767e-01 1.82349412e-01
1.56411614e-02 2.32004660e-01 1.86401283e-01
2.33685198e-02 2.34563833e-01 1.90276461e-01
3.21743839e-02 2.37062123e-01 1.93984794e-01
4.18743853e-02 2.39512580e-01 1.97549040e-01
5.12440462e-02 2.41937513e-01 2.00998152e-01
5.99956920e-02 2.44344877e-01 2.04359115e-01
6.82383403e-02 2.46739132e-01 2.07648080e-01
7.60545391e-02 2.49123477e-01 2.10877957e-01
8.35096755e-02 2.51500084e-01 2.14059145e-01
9.06354848e-02 2.53873485e-01 2.17198275e-01
9.75403413e-02 2.56235811e-01 2.20298890e-01
1.04217507e-01 2.58593073e-01 2.23368035e-01
1.10669565e-01 2.60949890e-01 2.26411403e-01
1.16920828e-01 2.63307144e-01 2.29432246e-01
1.23077668e-01 2.65651161e-01 2.32426615e-01
1.29051129e-01 2.67999556e-01 2.35404132e-01
1.34888046e-01 2.70347472e-01 2.38365140e-01
1.40645946e-01 2.72686992e-01 2.41306916e-01
1.46259388e-01 2.75032158e-01 2.44238726e-01
1.51818578e-01 2.77368125e-01 2.47152814e-01
1.57259660e-01 2.79708854e-01 2.50057764e-01
1.62632010e-01 2.82046356e-01 2.52949992e-01
1.67925067e-01 2.84384138e-01 2.55832714e-01
1.73149879e-01 2.86721289e-01 2.58706042e-01
1.78313786e-01 2.89057466e-01 2.61570368e-01
1.83415828e-01 2.91394007e-01 2.64427033e-01
1.88463731e-01 2.93730268e-01 2.67276165e-01
1.93462758e-01 2.96066009e-01 2.70118092e-01
1.98405533e-01 2.98403863e-01 2.72954810e-01
2.03315878e-01 3.00739097e-01 2.75783647e-01
2.08158146e-01 3.03081073e-01 2.78610354e-01
2.12991435e-01 3.05416167e-01 2.81427572e-01
2.17753869e-01 3.07760294e-01 2.84245088e-01
2.22513926e-01 3.10097010e-01 2.87053442e-01
2.27219614e-01 3.12440035e-01 2.89861081e-01
2.31899434e-01 3.14782704e-01 2.92664315e-01
2.36554484e-01 3.17125250e-01 2.95463201e-01
2.41151990e-01 3.19477030e-01 2.98263001e-01
2.45759849e-01 3.21820237e-01 3.01054192e-01
2.50318576e-01 3.24171400e-01 3.03846837e-01
2.54858852e-01 3.26522630e-01 3.06636432e-01
2.59380700e-01 3.28874370e-01 3.09422637e-01
2.63856641e-01 3.31234819e-01 3.12210693e-01
2.68337714e-01 3.33589801e-01 3.14992922e-01
2.72796453e-01 3.35947360e-01 3.17775439e-01
2.77249668e-01 3.38302558e-01 3.20559416e-01
2.81659111e-01 3.40667608e-01 3.23345727e-01
2.86067098e-01 3.43029733e-01 3.26133577e-01
2.90448657e-01 3.45397095e-01 3.28923570e-01
2.94807839e-01 3.47768806e-01 3.31715701e-01
2.99173831e-01 3.50135762e-01 3.34509424e-01
3.03492924e-01 3.52515671e-01 3.37305971e-01
3.07814583e-01 3.54892761e-01 3.40104349e-01
3.12114416e-01 3.57275301e-01 3.42905164e-01
3.16395853e-01 3.59662485e-01 3.45708414e-01
3.20678793e-01 3.62047887e-01 3.48513731e-01
3.24927643e-01 3.64443791e-01 3.51321978e-01
3.29185212e-01 3.66835915e-01 3.54132267e-01
3.33406961e-01 3.69239755e-01 3.56945671e-01
3.37632933e-01 3.71641779e-01 3.59761352e-01
3.41834811e-01 3.74052040e-01 3.62580023e-01
3.46032553e-01 3.76463812e-01 3.65401292e-01
3.50213579e-01 3.78881739e-01 3.68225517e-01
3.54386318e-01 3.81303067e-01 3.71052568e-01
3.58545200e-01 3.83729998e-01 3.73882637e-01
3.62696047e-01 3.86160656e-01 3.76715654e-01
3.66831153e-01 3.88598038e-01 3.79551864e-01
3.70963114e-01 3.91037767e-01 3.82391029e-01
3.75072431e-01 3.93487181e-01 3.85233678e-01
3.79188412e-01 3.95935693e-01 3.88079169e-01
3.83269485e-01 3.98398880e-01 3.90928567e-01
3.87359947e-01 4.00860491e-01 3.93780859e-01
3.91433381e-01 4.03330541e-01 3.96636746e-01
3.95489991e-01 4.05809176e-01 3.99496286e-01
3.99546323e-01 4.08290324e-01 4.02359130e-01
4.03585644e-01 4.10780502e-01 4.05225750e-01
4.07605780e-01 4.13280755e-01 4.08096260e-01
4.11625055e-01 4.15784241e-01 4.10970262e-01
4.15630791e-01 4.18295990e-01 4.13848129e-01
4.19623568e-01 4.20815962e-01 4.16729906e-01
4.23595456e-01 4.23347431e-01 4.19615849e-01
4.27553133e-01 4.25887993e-01 4.22505848e-01
4.31494913e-01 4.28438489e-01 4.25400004e-01
4.35409959e-01 4.31003381e-01 4.28298650e-01
4.39299425e-01 4.33582438e-01 4.31201815e-01
4.43162417e-01 4.36176226e-01 4.34109581e-01
4.46974387e-01 4.38794752e-01 4.37022636e-01
4.50784485e-01 4.41413773e-01 4.39986402e-01
4.54768384e-01 4.43961712e-01 4.43007109e-01
4.58805703e-01 4.46491856e-01 4.46036071e-01
4.62904869e-01 4.49000552e-01 4.49074040e-01
4.67032006e-01 4.51501762e-01 4.52118350e-01
4.71194623e-01 4.53992307e-01 4.55169668e-01
4.75388479e-01 4.56473909e-01 4.58227710e-01
4.79610598e-01 4.58947778e-01 4.61292291e-01
4.83857815e-01 4.61415229e-01 4.64363208e-01
4.88118564e-01 4.63881183e-01 4.67439565e-01
4.92405215e-01 4.66340386e-01 4.70522426e-01
4.96723607e-01 4.68790305e-01 4.73612330e-01
5.01056844e-01 4.71238191e-01 4.76707933e-01
5.05397643e-01 4.73687247e-01 4.79808676e-01
5.09779926e-01 4.76122765e-01 4.82917431e-01
5.14166163e-01 4.78561070e-01 4.86031121e-01
5.18574939e-01 4.80994092e-01 4.89151346e-01
5.23007934e-01 4.83421089e-01 4.92278297e-01
5.27443816e-01 4.85851511e-01 4.95410226e-01
5.31916239e-01 4.88270476e-01 4.98550021e-01
5.36380994e-01 4.90697683e-01 5.01693989e-01
5.40892587e-01 4.93108812e-01 5.04846799e-01
5.45391534e-01 4.95530566e-01 5.08003443e-01
5.49938266e-01 4.97935760e-01 5.11169119e-01
5.54472890e-01 5.00351507e-01 5.14338754e-01
5.59052085e-01 5.02752101e-01 5.17517255e-01
5.63624353e-01 5.05161053e-01 5.20700241e-01
5.68229773e-01 5.07560059e-01 5.23891213e-01
5.72838913e-01 5.09962683e-01 5.27087674e-01
5.77469755e-01 5.12360676e-01 5.30291227e-01
5.82119820e-01 5.14755202e-01 5.33501704e-01
5.86773799e-01 5.17153460e-01 5.36717815e-01
5.91466686e-01 5.19539084e-01 5.39942669e-01
5.96154655e-01 5.21932703e-01 5.43172470e-01
6.00873405e-01 5.24317529e-01 5.46410401e-01
6.05600753e-01 5.26704096e-01 5.49654554e-01
6.10337404e-01 5.29092152e-01 5.52905034e-01
6.15111853e-01 5.31468077e-01 5.56164416e-01
6.19882704e-01 5.33851772e-01 5.59429070e-01
6.24678165e-01 5.36229722e-01 5.62701550e-01
6.29492372e-01 5.38604774e-01 5.65981382e-01
6.34306593e-01 5.40986114e-01 5.69266932e-01
6.39164461e-01 5.43352464e-01 5.72562166e-01
6.44021227e-01 5.45725760e-01 5.75863107e-01
6.48885728e-01 5.48101779e-01 5.79170589e-01
6.53795826e-01 5.50461800e-01 5.82488091e-01
6.58699143e-01 5.52831828e-01 5.85810911e-01
6.63620639e-01 5.55199209e-01 5.89144325e-01
6.68531156e-01 5.57577954e-01 5.92491797e-01
6.73479254e-01 5.59944738e-01 5.95849055e-01
6.78439640e-01 5.62311688e-01 5.99219265e-01
6.83399980e-01 5.64684948e-01 6.02603140e-01
6.88394664e-01 5.67047877e-01 6.05996921e-01
6.93388160e-01 5.69417565e-01 6.09406872e-01
6.98401304e-01 5.71784040e-01 6.12829613e-01
7.03446047e-01 5.74141450e-01 6.16263681e-01
7.08469156e-01 5.76516060e-01 6.19715761e-01
7.13533919e-01 5.78876562e-01 6.23179570e-01
7.18605853e-01 5.81239974e-01 6.26659960e-01
7.23687292e-01 5.83605310e-01 6.30156003e-01
7.28803105e-01 5.85960103e-01 6.33665283e-01
7.33897878e-01 5.88332213e-01 6.37194828e-01
7.39036561e-01 5.90688934e-01 6.40737604e-01
7.44165962e-01 5.93057103e-01 6.44300870e-01
7.49325812e-01 5.95416518e-01 6.47880971e-01
7.54494414e-01 5.97778299e-01 6.51480257e-01
7.59671889e-01 6.00142400e-01 6.55099443e-01
7.64872584e-01 6.02501416e-01 6.58737663e-01
7.70069424e-01 6.04869310e-01 6.62398881e-01
7.75297537e-01 6.07227857e-01 6.66079981e-01
7.80515645e-01 6.09598489e-01 6.69786671e-01
7.85765576e-01 6.11959343e-01 6.73515256e-01
7.91007012e-01 6.14331485e-01 6.77271469e-01
7.96272028e-01 6.16698011e-01 6.81052941e-01
8.01538986e-01 6.19070255e-01 6.84863474e-01
8.06811471e-01 6.21446247e-01 6.88704352e-01
8.12113018e-01 6.23813056e-01 6.92576856e-01
8.17389595e-01 6.26199659e-01 6.96486960e-01
8.22695358e-01 6.28576933e-01 7.00430747e-01
8.27988047e-01 6.30967435e-01 7.04415057e-01
8.33281595e-01 6.33362825e-01 7.08446625e-01
8.38585448e-01 6.35758290e-01 7.12522812e-01
8.43884334e-01 6.38161352e-01 7.16652690e-01
8.49149543e-01 6.40587323e-01 7.20844063e-01
8.54409322e-01 6.43019907e-01 7.25102672e-01
8.59646111e-01 6.45468241e-01 7.29436002e-01
8.64847480e-01 6.47937882e-01 7.33857930e-01
8.69996051e-01 6.50436846e-01 7.38385590e-01
8.75067368e-01 6.52976812e-01 7.43039657e-01
8.80027095e-01 6.55574794e-01 7.47843906e-01
8.84831345e-01 6.58252540e-01 7.52828652e-01
8.89348652e-01 6.61081175e-01 7.58030549e-01
8.93517571e-01 6.64095947e-01 7.63452808e-01
8.97144708e-01 6.67414640e-01 7.69038908e-01
9.00264871e-01 6.71034225e-01 7.74647010e-01
9.03060409e-01 6.74858986e-01 7.80198545e-01
9.05714611e-01 6.78785181e-01 7.85679845e-01
9.08203519e-01 6.82827810e-01 7.91073616e-01
9.10502495e-01 6.87007388e-01 7.96319335e-01
9.12605740e-01 6.91335784e-01 8.01338402e-01
9.14538700e-01 6.95810044e-01 8.06029763e-01
9.16377135e-01 7.00391148e-01 8.10358287e-01
9.18202078e-01 7.05033206e-01 8.14326694e-01
9.20072490e-01 7.09697771e-01 8.17982218e-01
9.22016106e-01 7.14361970e-01 8.21389372e-01
9.24046532e-01 7.19011142e-01 8.24611100e-01
9.26160453e-01 7.23641324e-01 8.27699200e-01
9.28346411e-01 7.28258069e-01 8.30663746e-01
9.30607863e-01 7.32853315e-01 8.33559754e-01
9.32929371e-01 7.37436712e-01 8.36380320e-01
9.35310668e-01 7.42005549e-01 8.39152602e-01
9.37746547e-01 7.46561650e-01 8.41888042e-01
9.40233369e-01 7.51106538e-01 8.44593436e-01
9.42750478e-01 7.55652295e-01 8.47261286e-01
9.45285607e-01 7.60199664e-01 8.49940410e-01
9.47831344e-01 7.64752512e-01 8.52632459e-01
9.50388470e-01 7.69310557e-01 8.55337976e-01
9.52953390e-01 7.73876162e-01 8.58054187e-01
9.55532442e-01 7.78445690e-01 8.60785840e-01
9.58125342e-01 7.83019522e-01 8.63532653e-01
9.60724275e-01 7.87602524e-01 8.66288677e-01
9.63338141e-01 7.92189565e-01 8.69060561e-01
9.65965083e-01 7.96781960e-01 8.71846838e-01
9.68600596e-01 8.01382557e-01 8.74644062e-01
9.71244420e-01 8.05991676e-01 8.77451984e-01
9.73901140e-01 8.10606805e-01 8.80273969e-01
9.76558857e-01 8.15235061e-01 8.83101062e-01
9.79186688e-01 8.19894455e-01 8.85910212e-01
