0.28728411 0.99587567 0.7544365 
0.28758986 0.98649382 0.75175724
0.28746462 0.97720881 0.74891216
0.28721707 0.96798556 0.74602426
0.28685711 0.95882265 0.74309693
0.28638607 0.94971963 0.74013015
0.28586685 0.94066858 0.73714962
0.28526411 0.93167331 0.73414048
0.28458344 0.92273271 0.73110485
0.28381833 0.9138472  0.72803977
0.28298887 0.90501384 0.7249536 
0.28208956 0.89623289 0.72184396
0.28125696 0.88749195 0.71869929
0.28062803 0.87878001 0.71548414
0.28027948 0.87008574 0.71223323
0.28003424 0.86142686 0.70892224
0.27988358 0.8528023  0.70556338
0.27979664 0.84421412 0.70215802
0.27975447 0.83566305 0.69871018
0.27973251 0.82715082 0.69522028
0.27975037 0.81867345 0.69170338
0.27974142 0.81023863 0.68814233
0.27973958 0.80184072 0.68455523
0.27970296 0.79348447 0.68093226
0.27964617 0.78516699 0.67728302
0.27952901 0.77689315 0.6735972 
0.27937782 0.76865856 0.66988742
0.27916835 0.76046603 0.66614809
0.27893258 0.75231084 0.66238702
0.27865708 0.74419395 0.65860595
0.27831071 0.73611928 0.65479766
0.27788653 0.72808747 0.65096156
0.27739885 0.72009614 0.64710219
0.2768892  0.71213887 0.64323082
0.27629598 0.70422407 0.63933409
0.27562237 0.69635096 0.63541429
0.2749111  0.6885129  0.63148193
0.27413411 0.68071375 0.6275301 
0.2732623  0.67295758 0.62355321
0.27233641 0.66523782 0.61956261
0.27136394 0.65755295 0.61556025
0.27029161 0.64991101 0.61153356
0.26916989 0.64230369 0.60749648
0.26799491 0.63473122 0.60344856
0.26671736 0.62720134 0.59937744
0.26540759 0.61970226 0.59530175
0.26401899 0.61224121 0.59121084
0.2625485  0.60481846 0.58710429
0.26104504 0.59742548 0.58299508
0.25943735 0.59007401 0.57886525
0.25780909 0.58274916 0.57473971
0.25615447 0.57545661 0.57056554
0.25453713 0.56818452 0.566362  
0.25297585 0.5609328  0.56209553
0.25144108 0.55370049 0.55781332
0.24995778 0.54648843 0.553463  
0.24852265 0.5392938  0.54907048
0.24712949 0.53211508 0.54465277
0.24579876 0.52495467 0.54014819
0.24451194 0.5178103  0.53559955
0.24327331 0.51068002 0.53101131
0.24210171 0.50356469 0.52633831
0.24098128 0.49646423 0.52159748
0.23991021 0.48937693 0.51679977
0.23889926 0.48230057 0.51194009
0.23796741 0.47523636 0.50696761
0.23708378 0.46818468 0.50191844
0.23625272 0.46114444 0.49678647
0.2354753  0.45411519 0.49156425
0.23475007 0.4470971  0.48624261
0.23408194 0.44009184 0.48078804
0.23345521 0.43309864 0.47522326
0.23286056 0.42611901 0.46954096
0.23228788 0.41915452 0.46373482
0.23173466 0.41220524 0.45779948
0.23117756 0.40527535 0.45173082
0.230616   0.39836444 0.44552569
0.23002472 0.39147703 0.43918365
0.22939565 0.38461417 0.432705  
0.2287116  0.37777891 0.42609084
0.22796143 0.37097369 0.41933813
0.22712784 0.36420032 0.41246237
0.22619628 0.35746112 0.40547161
0.2251597  0.35075681 0.39837385
0.22400311 0.34408972 0.39118056
0.22272639 0.33745912 0.38390024
0.22132091 0.33086595 0.37654469
0.21977912 0.32431093 0.36912644
0.21811166 0.31779101 0.36165099
0.21630749 0.31130866 0.35412315
0.21439291 0.30485788 0.34653705
0.21235334 0.29843261 0.33897756
0.21022027 0.29202521 0.33143743
0.20798937 0.28563634 0.32391857
0.20565581 0.2792668  0.31642332
0.20323514 0.2729129  0.30894304
0.20070876 0.26657858 0.30148579
0.19808941 0.26026051 0.29404566
0.19537814 0.25395797 0.28662198
0.19257603 0.24767024 0.27921343
0.18968091 0.24139729 0.27182053
0.18669955 0.23513699 0.26443824
0.18362311 0.22889079 0.25707108
0.18046161 0.22265566 0.2497115 
0.17720876 0.21643236 0.24236232
0.17386532 0.2102199  0.23502167
0.17043299 0.20401704 0.22768682
0.16690743 0.19782412 0.22035709
0.16328864 0.19164014 0.21303087
0.1595772  0.18546375 0.20570687
0.15577502 0.1792933  0.19838115
0.15187937 0.17312819 0.19105329
0.14787914 0.1669706  0.18372285
0.14378051 0.16081697 0.17638657
0.13958481 0.15466533 0.16903977
0.13527443 0.14851951 0.16168462
0.13086046 0.14237369 0.15431665
0.12632356 0.13623236 0.14693506
0.12166804 0.13009123 0.13953907
0.11690507 0.12394224 0.13213557
0.11206045 0.11776891 0.12475348
0.10713312 0.11156792 0.11738772
0.10212018 0.10533601 0.11003486
0.0970116  0.09907121 0.10269998
0.09180543 0.09276911 0.09537672
0.08648989 0.08642716 0.08807066
0.08105186 0.0800425  0.08078808
0.07550644 0.07364824 0.07357845
0.08173869 0.07996289 0.07893059
0.08708911 0.08659586 0.08418493
0.09229021 0.09321146 0.08930087
0.09736219 0.09980656 0.09429877
0.10232873 0.10637597 0.09920188
0.10719416 0.11292335 0.10401481
0.11196385 0.11945125 0.10874314
0.11664653 0.1259602  0.11339553
0.12125206 0.13244995 0.11798148
0.12576807 0.13892982 0.12249011
0.1302187  0.14539251 0.12694392
0.13458924 0.15184766 0.13132998
0.13889169 0.15829289 0.13565958
0.14315139 0.16472441 0.139909  
0.14738647 0.17114135 0.14404959
0.15160132 0.17754489 0.14808036
0.15579874 0.18393574 0.15200991
0.15998279 0.19031467 0.15583987
0.16415768 0.19668224 0.15957232
0.1683286  0.20303919 0.16320226
0.17249814 0.20938602 0.16673637
0.17666782 0.21572377 0.17017736
0.18084232 0.22205232 0.17352934
0.1850227  0.22837298 0.1767916 
0.18921217 0.23468607 0.17996669
0.1934119  0.24099267 0.18305422
0.1976254  0.24729278 0.18605785
0.20185437 0.25358711 0.18897857
0.20610026 0.25987666 0.19181366
0.21036495 0.26616162 0.19456845
0.21464975 0.2724426  0.19724456
0.21895545 0.27872048 0.19984176
0.22328394 0.28499551 0.20236254
0.22763602 0.29126845 0.20480698
0.23201291 0.29753978 0.2071764 
0.23641617 0.30380995 0.20947102
0.24084675 0.31007967 0.21168906
0.24530592 0.31634902 0.21383585
0.24979283 0.32261936 0.21590746
0.25431033 0.32889012 0.21791107
0.25885708 0.33516284 0.21984113
0.2634348  0.34143745 0.22170191
0.26804421 0.34771436 0.22349481
0.27265124 0.35400332 0.22523167
0.27719104 0.3603207  0.22695785
0.28165728 0.36666933 0.22866681
0.28604365 0.37305143 0.23036068
0.29036474 0.37946285 0.23204673
0.29461987 0.38590458 0.2337201 
0.29881029 0.39237668 0.23538182
0.3029403  0.39887788 0.23703995
0.30698965 0.40541477 0.23868746
0.31096954 0.41198462 0.24032358
0.31489044 0.41858444 0.24195512
0.31875461 0.42521392 0.2435838 
0.32254846 0.43187761 0.24520253
0.32626422 0.43857789 0.2468127 
0.32992428 0.44530868 0.24841811
0.33352987 0.45207    0.25001854
0.33705951 0.45886806 0.25161285
0.3405208  0.46570105 0.25320162
0.34392968 0.47256491 0.25478526
0.34727655 0.47946269 0.25636103
0.35053798 0.48640084 0.25792858
0.35374997 0.49336981 0.25949264
0.35690727 0.50037144 0.26105048
0.35997012 0.50741653 0.26259729
0.36298531 0.51449276 0.26414042
0.36594461 0.52160254 0.26567953
0.36881151 0.52875569 0.26720832
0.37163039 0.53594095 0.26873043
0.37437944 0.54316401 0.27024625
0.37704834 0.55042768 0.27175394
0.37967064 0.55772379 0.27325474
0.38219552 0.56506526 0.27474273
0.38466232 0.57244226 0.27622522
0.38706952 0.57985536 0.27770249
0.38937803 0.58731439 0.27916674
0.3916412  0.59480655 0.28062406
0.39380124 0.60234574 0.28206977
0.3959028  0.60992142 0.28350902
0.39792542 0.61753868 0.2849372 
0.39985512 0.62520087 0.28635175
0.40173133 0.63289887 0.28775944
0.40348711 0.64064812 0.28915196
0.40519837 0.64843142 0.29053833
0.40678299 0.65626742 0.29190578
0.40830727 0.66414132 0.29326334
0.4097296  0.67206203 0.29461316
0.41107275 0.68002485 0.29595268
0.41227376 0.68804475 0.29723937
0.41345825 0.69609455 0.29849886
0.41456557 0.704189   0.29968518
0.41565869 0.71231427 0.30082954
0.4166262  0.72049557 0.30186774
0.41764217 0.72869467 0.30289543
0.41854379 0.73694787 0.30381822
0.41940929 0.7452386  0.30467144
0.42023809 0.75356749 0.30545169
0.42096818 0.76194788 0.30612282
0.42173003 0.77035312 0.30675006
0.42242072 0.77880544 0.30726563
0.42303149 0.78730684 0.30766072
0.42367437 0.79583539 0.30799105
0.42430066 0.80440196 0.30821712
0.42488127 0.81301311 0.30831064
0.42542961 0.82166716 0.30826273
0.42600958 0.83035301 0.30809083
0.42664805 0.83906697 0.30779439
0.42731026 0.84781742 0.30732368
0.42804012 0.85659783 0.306679  
0.42885347 0.86540795 0.30581782
0.42983662 0.87423397 0.30476619
0.43098383 0.88308168 0.30341633
0.43240399 0.89193483 0.30177452
0.43434053 0.90075692 0.29984239
0.4368142  0.90955161 0.29746557
0.44024226 0.91825618 0.29463671
0.44510733 0.92680006 0.29126486
0.45241949 0.93502093 0.28748673
0.46345802 0.94268176 0.28415674
0.47848709 0.94965637 0.28307196
0.49458465 0.95641873 0.28309207
0.51045622 0.96321305 0.28304983
0.52614153 0.97003779 0.2829328 
0.54165694 0.97689436 0.2827452 
0.55703981 0.98378044 0.28246934
0.57236903 0.99068614 0.28204162
