0.28728411 0.99587567 0.7544365 
0.28758986 0.98649382 0.75175724
0.28746462 0.97720881 0.74891216
0.28721707 0.96798556 0.74602426
0.28685711 0.95882265 0.74309693
0.28638607 0.94971963 0.74013015
0.28586685 0.94066858 0.73714962
0.28526411 0.93167331 0.73414048
0.28458344 0.92273271 0.73110485
0.28381833 0.9138472  0.72803977
0.28298887 0.90501384 0.7249536 
0.28208956 0.89623289 0.72184396
0.28125696 0.88749195 0.71869929
0.28062803 0.87878001 0.71548414
0.28027948 0.87008574 0.71223323
0.28003424 0.86142686 0.70892224
0.27988358 0.8528023  0.70556338
0.27979664 0.84421412 0.70215802
0.27975447 0.83566305 0.69871018
0.27973251 0.82715082 0.69522028
0.27975037 0.81867345 0.69170338
0.27974142 0.81023863 0.68814233
0.27973958 0.80184072 0.68455523
0.27970296 0.79348447 0.68093226
0.27964617 0.78516699 0.67728302
0.27952901 0.77689315 0.6735972 
0.27937782 0.76865856 0.66988742
0.27916835 0.76046603 0.66614809
0.27893258 0.75231084 0.66238702
0.27865708 0.74419395 0.65860595
0.27831071 0.73611928 0.65479766
0.27788653 0.72808747 0.65096156
0.27739885 0.72009614 0.64710219
0.2768892  0.71213887 0.64323082
0.27629598 0.70422407 0.63933409
0.27562237 0.69635096 0.63541429
0.2749111  0.6885129  0.63148193
0.27413411 0.68071375 0.6275301 
0.2732623  0.67295758 0.62355321
0.27233641 0.66523782 0.61956261
0.27136394 0.65755295 0.61556025
0.27029161 0.64991101 0.61153356
0.26916989 0.64230369 0.60749648
0.26799491 0.63473122 0.60344856
0.26671736 0.62720134 0.59937744
0.26540759 0.61970226 0.59530175
0.26401899 0.61224121 0.59121084
0.2625485  0.60481846 0.58710429
0.26104504 0.59742548 0.58299508
0.25943735 0.59007401 0.57886525
0.25780909 0.58274916 0.57473971
0.25615447 0.57545661 0.57056554
0.25453713 0.56818452 0.566362  
0.25297585 0.5609328  0.56209553
0.25144108 0.55370049 0.55781332
0.24995778 0.54648843 0.553463  
0.24852265 0.5392938  0.54907048
0.24712949 0.53211508 0.54465277
0.24579876 0.52495467 0.54014819
0.24451194 0.5178103  0.53559955
0.24327331 0.51068002 0.53101131
0.24210171 0.50356469 0.52633831
0.24098128 0.49646423 0.52159748
0.23991021 0.48937693 0.51679977
0.23889926 0.48230057 0.51194009
0.23796741 0.47523636 0.50696761
0.23708378 0.46818468 0.50191844
0.23625272 0.46114444 0.49678647
0.2354753  0.45411519 0.49156425
0.23475007 0.4470971  0.48624261
0.23408194 0.44009184 0.48078804
0.23345521 0.43309864 0.47522326
0.23286056 0.42611901 0.46954096
0.23228788 0.41915452 0.46373482
0.23173466 0.41220524 0.45779948
0.23117756 0.40527535 0.45173082
0.230616   0.39836444 0.44552569
0.23002472 0.39147703 0.43918365
0.22939565 0.38461417 0.432705  
0.2287116  0.37777891 0.42609084
0.22796143 0.37097369 0.41933813
0.22712784 0.36420032 0.41246237
0.22619628 0.35746112 0.40547161
0.2251597  0.35075681 0.39837385
0.22400311 0.34408972 0.39118056
0.22272639 0.33745912 0.38390024
0.22132091 0.33086595 0.37654469
0.21977912 0.32431093 0.36912644
0.21811166 0.31779101 0.36165099
0.21630749 0.31130866 0.35412315
0.21439291 0.30485788 0.34653705
0.21235334 0.29843261 0.33897756
0.21022027 0.29202521 0.33143743
0.20798937 0.28563634 0.32391857
0.20565581 0.2792668  0.31642332
0.20323514 0.2729129  0.30894304
0.20070876 0.26657858 0.30148579
0.19808941 0.26026051 0.29404566
0.19537814 0.25395797 0.28662198
0.19257603 0.24767024 0.27921343
0.18968091 0.24139729 0.27182053
0.18669955 0.23513699 0.26443824
0.18362311 0.22889079 0.25707108
0.18046161 0.22265566 0.2497115 
0.17720876 0.21643236 0.24236232
0.17386532 0.2102199  0.23502167
0.17043299 0.20401704 0.22768682
0.16690743 0.19782412 0.22035709
0.16328864 0.19164014 0.21303087
0.1595772  0.18546375 0.20570687
0.15577502 0.1792933  0.19838115
0.15187937 0.17312819 0.19105329
0.14787914 0.1669706  0.18372285
0.14378051 0.16081697 0.17638657
0.13958481 0.15466533 0.16903977
0.13527443 0.14851951 0.16168462
0.13086046 0.14237369 0.15431665
0.12632356 0.13623236 0.14693506
0.12166804 0.13009123 0.13953907
0.11690507 0.12394224 0.13213557
0.11206045 0.11776891 0.12475348
0.10713312 0.11156792 0.11738772
0.10212018 0.10533601 0.11003486
0.0970116  0.09907121 0.10269998
0.09180543 0.09276911 0.09537672
0.08648989 0.08642716 0.08807066
0.08105186 0.0800425  0.08078808
0.07550644 0.07364824 0.07357845
0.08221506 0.07967947 0.0798155 
0.08867733 0.08565486 0.08712737
0.09510213 0.09155206 0.09449908
0.10149007 0.09738099 0.10190553
0.1078444  0.10314754 0.10934202
0.11416714 0.10885797 0.11679896
0.12046245 0.11451535 0.12428251
0.12673279 0.12012388 0.13179007
0.13298076 0.12568698 0.13932165
0.13920875 0.13120774 0.14687739
0.14542021 0.13668761 0.15446489
0.15164206 0.14212009 0.16207269
0.15789992 0.14749697 0.16970519
0.16417946 0.15282866 0.17734895
0.17048068 0.15811675 0.18501261
0.17680145 0.16336484 0.19269393
0.18314245 0.16857407 0.20040012
0.18950487 0.17374513 0.20813834
0.19588532 0.17888266 0.21589913
0.20228697 0.18398558 0.22369502
0.20870705 0.18905783 0.23151821
0.2151479  0.194099   0.23937714
0.22160644 0.19911313 0.24726314
0.22808474 0.20409991 0.25518319
0.23458296 0.20906058 0.26313812
0.24110359 0.21399507 0.27113049
0.24764971 0.21890231 0.27916737
0.25421556 0.22378748 0.28723841
0.26080194 0.2286511  0.29534601
0.26741727 0.23348844 0.303505  
0.27405725 0.23830373 0.31170627
0.28071625 0.24310201 0.31993959
0.2874038  0.24787729 0.32822374
0.29412108 0.25262975 0.33656004
0.30085756 0.25736802 0.34492841
0.30762767 0.2620823  0.35335668
0.31442626 0.26677723 0.3618349 
0.32124496 0.27145997 0.37034665
0.32810567 0.27611499 0.37893253
0.33498738 0.28075868 0.38755399
0.34190435 0.28538104 0.39623753
0.34885148 0.28998682 0.40497231
0.35582344 0.29458093 0.41374779
0.36283725 0.29915069 0.42259715
0.36987193 0.30371307 0.43148079
0.37695645 0.30824611 0.4404528 
0.38406101 0.31277389 0.44945649
0.3912117  0.31727638 0.4585411 
0.39838914 0.32176948 0.46767041
0.40560925 0.32624127 0.47687294
0.41285791 0.33070364 0.48612222
0.4201503  0.33514478 0.49544717
0.42747478 0.33957467 0.50482585
0.4348487  0.34397926 0.51429282
0.442256   0.34837403 0.52380678
0.44970446 0.35275554 0.53336727
0.45720404 0.35711281 0.54301194
0.46474501 0.36145795 0.55270098
0.47233548 0.36578248 0.56246226
0.47997285 0.37009063 0.57228103
0.48766107 0.37437977 0.58216277
0.49541178 0.37863811 0.5921412 
0.50320505 0.38288892 0.60214594
0.51106441 0.38710547 0.61225904
0.51896681 0.39131726 0.62238585
0.52693752 0.39549583 0.63261092
0.53497039 0.39964942 0.64290766
0.54305421 0.40379298 0.65322959
0.55121234 0.40790044 0.66364996
0.55943722 0.41198337 0.67412909
0.56772195 0.41605127 0.68463808
0.57608909 0.42008021 0.69523767
0.58453957 0.42407131 0.70591853
0.59305551 0.4280489  0.71660679
0.60164844 0.43200018 0.72733634
0.61033808 0.43590838 0.7381342 
0.61912457 0.43977685 0.74898156
0.62799826 0.44361864 0.75984051
0.63699024 0.44740947 0.77073896
0.64608622 0.45116853 0.78162197
0.65529892 0.45489104 0.79247395
0.6646593  0.45855746 0.8032952 
0.67416619 0.46218005 0.81402528
0.68384893 0.46575127 0.82460731
0.69370994 0.46930395 0.8348689 
0.70377053 0.47285452 0.84466177
0.71400575 0.47649528 0.85361562
0.72424908 0.4804543  0.86116047
0.7341419  0.48506809 0.86682955
0.74342631 0.49044286 0.87095206
0.7519642  0.49659145 0.8739064 
0.75965456 0.50350949 0.87601127
0.76670096 0.51095636 0.87774703
0.77328296 0.51875568 0.87936811
0.77955172 0.52677655 0.88101291
0.78556804 0.53497624 0.88268164
0.79145253 0.54325676 0.88447539
0.7972003  0.55163128 0.88633887
0.80287018 0.56005591 0.88830992
0.80848787 0.56851378 0.89039915
0.81406172 0.57700497 0.89258423
0.81960541 0.58552172 0.89486945
0.82513155 0.59405702 0.89726019
0.8306428  0.60261406 0.8997376 
0.83615101 0.61118552 0.90231301
0.84165655 0.61977568 0.90496919
0.84717581 0.62837235 0.90773292
0.85270267 0.63698556 0.91057497
0.85824906 0.64560733 0.91351322
0.86382116 0.65423537 0.91655163
0.86938903 0.662896   0.91963937
0.87498154 0.67156922 0.92281051
0.88060967 0.68024817 0.92608195
0.8862372  0.68896714 0.9293675 
0.89193046 0.69767761 0.93276052
0.89766836 0.70639989 0.9362138 
0.9034522  0.71513461 0.9397294 
0.9092786  0.72388635 0.94329912
0.91515755 0.73264842 0.94694399
0.92109588 0.74141696 0.95067802
0.92707906 0.75020577 0.95446867
0.93311668 0.7590086  0.95833598
0.93919828 0.76783558 0.96225637
0.94533877 0.7766763  0.96626134
0.95152424 0.78554351 0.97031988
0.9577636  0.79443164 0.97445044
0.96405222 0.80334592 0.97864208
0.97040365 0.81227729 0.98292319
