0.28728411 0.99587567 0.7544365 
0.28758986 0.98649382 0.75175724
0.28746462 0.97720881 0.74891216
0.28721707 0.96798556 0.74602426
0.28685711 0.95882265 0.74309693
0.28638607 0.94971963 0.74013015
0.28586685 0.94066858 0.73714962
0.28526411 0.93167331 0.73414048
0.28458344 0.92273271 0.73110485
0.28381833 0.9138472  0.72803977
0.28298887 0.90501384 0.7249536 
0.28208956 0.89623289 0.72184396
0.28125696 0.88749195 0.71869929
0.28062803 0.87878001 0.71548414
0.28027948 0.87008574 0.71223323
0.28003424 0.86142686 0.70892224
0.27988358 0.8528023  0.70556338
0.27979664 0.84421412 0.70215802
0.27975447 0.83566305 0.69871018
0.27973251 0.82715082 0.69522028
0.27975037 0.81867345 0.69170338
0.27974142 0.81023863 0.68814233
0.27973958 0.80184072 0.68455523
0.27970296 0.79348447 0.68093226
0.27964617 0.78516699 0.67728302
0.27952901 0.77689315 0.6735972 
0.27937782 0.76865856 0.66988742
0.27916835 0.76046603 0.66614809
0.27893258 0.75231084 0.66238702
0.27865708 0.74419395 0.65860595
0.27831071 0.73611928 0.65479766
0.27788653 0.72808747 0.65096156
0.27739885 0.72009614 0.64710219
0.2768892  0.71213887 0.64323082
0.27629598 0.70422407 0.63933409
0.27562237 0.69635096 0.63541429
0.2749111  0.6885129  0.63148193
0.27413411 0.68071375 0.6275301 
0.2732623  0.67295758 0.62355321
0.27233641 0.66523782 0.61956261
0.27136394 0.65755295 0.61556025
0.27029161 0.64991101 0.61153356
0.26916989 0.64230369 0.60749648
0.26799491 0.63473122 0.60344856
0.26671736 0.62720134 0.59937744
0.26540759 0.61970226 0.59530175
0.26401899 0.61224121 0.59121084
0.2625485  0.60481846 0.58710429
0.26104504 0.59742548 0.58299508
0.25943735 0.59007401 0.57886525
0.25780909 0.58274916 0.57473971
0.25615447 0.57545661 0.57056554
0.25453713 0.56818452 0.566362  
0.25297585 0.5609328  0.56209553
0.25144108 0.55370049 0.55781332
0.24995778 0.54648843 0.553463  
0.24852265 0.5392938  0.54907048
0.24712949 0.53211508 0.54465277
0.24579876 0.52495467 0.54014819
0.24451194 0.5178103  0.53559955
0.24327331 0.51068002 0.53101131
0.24210171 0.50356469 0.52633831
0.24098128 0.49646423 0.52159748
0.23991021 0.48937693 0.51679977
0.23889926 0.48230057 0.51194009
0.23796741 0.47523636 0.50696761
0.23708378 0.46818468 0.50191844
0.23625272 0.46114444 0.49678647
0.2354753  0.45411519 0.49156425
0.23475007 0.4470971  0.48624261
0.23408194 0.44009184 0.48078804
0.23345521 0.43309864 0.47522326
0.23286056 0.42611901 0.46954096
0.23228788 0.41915452 0.46373482
0.23173466 0.41220524 0.45779948
0.23117756 0.40527535 0.45173082
0.230616   0.39836444 0.44552569
0.23002472 0.39147703 0.43918365
0.22939565 0.38461417 0.432705  
0.2287116  0.37777891 0.42609084
0.22796143 0.37097369 0.41933813
0.22712784 0.36420032 0.41246237
0.22619628 0.35746112 0.40547161
0.2251597  0.35075681 0.39837385
0.22400311 0.34408972 0.39118056
0.22272639 0.33745912 0.38390024
0.22132091 0.33086595 0.37654469
0.21977912 0.32431093 0.36912644
0.21811166 0.31779101 0.36165099
0.21630749 0.31130866 0.35412315
0.21439291 0.30485788 0.34653705
0.21235334 0.29843261 0.33897756
0.21022027 0.29202521 0.33143743
0.20798937 0.28563634 0.32391857
0.20565581 0.2792668  0.31642332
0.20323514 0.2729129  0.30894304
0.20070876 0.26657858 0.30148579
0.19808941 0.26026051 0.29404566
0.19537814 0.25395797 0.28662198
0.19257603 0.24767024 0.27921343
0.18968091 0.24139729 0.27182053
0.18669955 0.23513699 0.26443824
0.18362311 0.22889079 0.25707108
0.18046161 0.22265566 0.2497115 
0.17720876 0.21643236 0.24236232
0.17386532 0.2102199  0.23502167
0.17043299 0.20401704 0.22768682
0.16690743 0.19782412 0.22035709
0.16328864 0.19164014 0.21303087
0.1595772  0.18546375 0.20570687
0.15577502 0.1792933  0.19838115
0.15187937 0.17312819 0.19105329
0.14787914 0.1669706  0.18372285
0.14378051 0.16081697 0.17638657
0.13958481 0.15466533 0.16903977
0.13527443 0.14851951 0.16168462
0.13086046 0.14237369 0.15431665
0.12632356 0.13623236 0.14693506
0.12166804 0.13009123 0.13953907
0.11690507 0.12394224 0.13213557
0.11206045 0.11776891 0.12475348
0.10713312 0.11156792 0.11738772
0.10212018 0.10533601 0.11003486
0.0970116  0.09907121 0.10269998
0.09180543 0.09276911 0.09537672
0.08648989 0.08642716 0.08807066
0.08105186 0.0800425  0.08078808
0.07550644 0.07364824 0.07357845
0.08288302 0.07949501 0.07899434
0.09083547 0.085056   0.08441317
0.09885998 0.09050003 0.08970703
0.10691021 0.09585028 0.09490308
0.11496748 0.10111988 0.10001629
0.1230418  0.10631043 0.105048  
0.13112108 0.11143173 0.11000925
0.13921521 0.11648438 0.11490034
0.1473142  0.12147669 0.11973058
0.15541824 0.12641255 0.12450414
0.16353645 0.13129168 0.1292204 
0.1716604  0.13612103 0.1338871 
0.17980027 0.14089921 0.13850246
0.18795734 0.1456284  0.14306882
0.19612527 0.1503141  0.14759225
0.20431007 0.15495603 0.15207233
0.21251623 0.15955435 0.15650915
0.22072686 0.16411922 0.16091397
0.22895889 0.16864468 0.16528007
0.23722295 0.17312735 0.1696037 
0.24550563 0.17757548 0.17389399
0.25380488 0.18199183 0.17815391
0.26212721 0.18637508 0.18237859
0.27046355 0.19073315 0.18655834
0.27882465 0.19506194 0.19068984
0.28721292 0.19936128 0.19477544
0.29563063 0.20363135 0.19881431
0.30407344 0.2078764  0.20280303
0.3125439  0.2120959  0.20674506
0.32104398 0.21628979 0.21064135
0.32957554 0.22045822 0.21449097
0.33813531 0.22460471 0.21829032
0.34672464 0.22872926 0.22204214
0.35534628 0.23283115 0.22574713
0.36400019 0.2369114  0.22940535
0.37268639 0.24097129 0.23301386
0.38140288 0.24501321 0.23657154
0.39015306 0.24903559 0.24008127
0.39893668 0.25303949 0.24354311
0.40775654 0.25702415 0.24695471
0.41660826 0.26099357 0.25031406
0.42549247 0.26494805 0.25362256
0.43441283 0.26888593 0.25688007
0.44337003 0.27280763 0.26008563
0.45236223 0.27671506 0.26324041
0.46138868 0.28060985 0.26634126
0.47045087 0.28449204 0.26938521
0.47954865 0.28836204 0.27237656
0.48868288 0.29222009 0.27531409
0.4978561  0.29606538 0.27819485
0.50706534 0.29990053 0.28102103
0.51630948 0.30372747 0.28378899
0.52559086 0.30754542 0.28649643
0.53490855 0.31135538 0.28914719
0.54426417 0.31515708 0.29173899
0.55365839 0.31895083 0.29427035
0.56308903 0.32273879 0.2967428 
0.57255859 0.3265201  0.29915292
0.58206355 0.33029831 0.30149916
0.59160425 0.33407378 0.30378234
0.60118383 0.33784491 0.30600074
0.61080026 0.34161384 0.30815582
0.62045407 0.34538058 0.31025   
0.63014315 0.34914731 0.31228536
0.6398724  0.35291197 0.31425039
0.64962772 0.35668552 0.31615612
0.65943008 0.36045522 0.31796789
0.66925598 0.36423882 0.31970591
0.67911433 0.36803224 0.32134668
0.68899939 0.3718417  0.32288283
0.6988885  0.37568736 0.32430982
0.70877821 0.37957502 0.32560958
0.71866414 0.38351339 0.32674196
0.72850581 0.38753936 0.32769118
0.73823907 0.39171266 0.32841879
0.74774368 0.39614044 0.32889598
0.75677462 0.40103359 0.32912673
0.76469525 0.40688663 0.32962865
0.77108641 0.41394265 0.33149358
0.77642436 0.42174638 0.33502623
0.78125394 0.42987016 0.33970707
0.78574945 0.43817226 0.34539447
0.79004037 0.44656194 0.35185794
0.79421605 0.45498439 0.35888055
0.79833779 0.46340594 0.36629597
0.80239265 0.47183957 0.37407624
0.80643372 0.48025777 0.38208737
0.8104532  0.48866958 0.39031335
0.81443627 0.49708808 0.39874462
0.81841362 0.50549769 0.40732124
0.82238473 0.51390194 0.41602851
0.82635002 0.52230346 0.42485353
0.83029937 0.530711   0.43379483
0.83425463 0.53911365 0.44282469
0.83819754 0.54752467 0.45195193
0.84214923 0.55593375 0.46115145
0.84609487 0.56435163 0.47043149
0.85003843 0.57277743 0.47978881
0.85397345 0.58121623 0.48922871
0.85791156 0.58966386 0.49873054
0.86185837 0.59811906 0.50828632
0.86582077 0.60657998 0.51788727
0.86976837 0.61506308 0.52757268
0.87372657 0.6235573  0.53730802
0.87770109 0.63206165 0.54708335
0.88167933 0.64058353 0.55691528
0.88565352 0.64912753 0.56681645
0.88965505 0.65768066 0.57674482
0.89366724 0.66625205 0.58672168
0.8976735  0.67485029 0.59676889
0.90171827 0.68345678 0.60683193
0.90573154 0.69210454 0.61698784
0.90976984 0.70077047 0.62716076
0.91380203 0.70946998 0.63738105
0.91787079 0.71818483 0.6476105 
0.92194563 0.72692996 0.65787867
0.92602373 0.7357076  0.66818931
0.93014215 0.74450263 0.67851017
0.93428002 0.75332544 0.6888617 
0.93843243 0.76217922 0.69924962
0.9426064  0.77106208 0.70966904
0.94680308 0.77997468 0.72012036
0.95103746 0.78891193 0.7305919 
0.95530743 0.797876   0.74108715
0.95957886 0.80688194 0.75163711
0.96389593 0.81591288 0.762205  
0.96823746 0.82497857 0.77281059
0.97261892 0.83407399 0.78344221
