0.4306718  0.97457571 0.82418617
0.42826175 0.96546195 0.81977949
0.42587616 0.95639968 0.81534327
0.42354008 0.94738304 0.81089602
0.42124328 0.93841298 0.80643475
0.41899331 0.92948713 0.80196529
0.4167643  0.92060875 0.7974844 
0.4145359  0.91178055 0.79298634
0.41230192 0.90300278 0.78847169
0.41008125 0.89427129 0.78394888
0.40790577 0.88557965 0.77942993
0.40571171 0.87693822 0.77489624
0.40347953 0.86834995 0.77034128
0.40127131 0.85980295 0.76578793
0.39907052 0.85129942 0.76123204
0.39683169 0.84284685 0.75666036
0.39458584 0.83443907 0.75208328
0.39235542 0.82607129 0.74750902
0.39008032 0.81775379 0.74292023
0.38779791 0.80947927 0.73832801
0.38551055 0.8012466  0.73373451
0.38317295 0.79306353 0.72912739
0.38085626 0.78491635 0.72452793
0.37849461 0.77681676 0.71991677
0.37610238 0.76876154 0.71529932
0.37371735 0.76074294 0.71068775
0.37127019 0.75277362 0.70606165
0.36884118 0.74483777 0.70144516
0.36635574 0.73694913 0.69681669
0.36386102 0.72909808 0.69219137
0.36134053 0.72128727 0.68756469
0.35878136 0.71351879 0.68293272
0.35620487 0.70578807 0.67830126
0.35357532 0.69810151 0.67366163
0.3509552  0.69044621 0.66903334
0.34826781 0.68283699 0.66439325
0.34559596 0.67525678 0.65976698
0.34284964 0.66772324 0.6551273 
0.34011469 0.66021853 0.65050068
0.33735854 0.65274865 0.64587843
0.33464525 0.64530928 0.64118713
0.33195714 0.63789445 0.63651155
0.32932128 0.63050627 0.63177769
0.32671269 0.62314263 0.62704422
0.32415325 0.61580382 0.62226441
0.321641   0.6084864  0.61746923
0.31917492 0.60119117 0.61264652
0.31675796 0.59391891 0.60777752
0.31437243 0.58666794 0.60290345
0.31205383 0.57943887 0.59794998
0.30977485 0.5722285  0.59298938
0.30755114 0.56503789 0.5879774 
0.30537954 0.55786699 0.58291369
0.30324936 0.55071391 0.57782861
0.30118994 0.54357864 0.57266274
0.29917885 0.53646063 0.56745458
0.29720891 0.52935996 0.56220941
0.2953085  0.5222764  0.55687084
0.29345886 0.51520848 0.55147884
0.29165564 0.50815612 0.54603487
0.28990874 0.50112027 0.54050437
0.28821566 0.49410053 0.53488781
0.28656016 0.48709743 0.52920285
0.28493588 0.48011213 0.5234437 
0.28335788 0.47314434 0.51757688
0.28181839 0.46619357 0.51161378
0.28029366 0.45926299 0.50556415
0.27877935 0.45235316 0.49942481
0.27727177 0.44546458 0.49319223
0.27577561 0.43859937 0.48683171
0.27426341 0.43175908 0.48037839
0.27272726 0.42494488 0.47383294
0.27115748 0.41815827 0.46719737
0.26954413 0.41140079 0.46047503
0.26788987 0.40467391 0.4536439 
0.26617683 0.39797877 0.4467285 
0.26439474 0.3913161  0.43974201
0.2625374  0.38468649 0.43269106
0.26060163 0.37808981 0.425582  
0.25859064 0.37152797 0.41839   
0.25649082 0.36500003 0.41115186
0.25430105 0.35850503 0.40387764
0.25202136 0.35204209 0.39657379
0.24966036 0.34561189 0.38921324
0.24720552 0.33921358 0.3818308 
0.24467895 0.3328383  0.37444913
0.24208321 0.32648249 0.36708966
0.2394091  0.32014819 0.35975389
0.23667164 0.31383122 0.35243795
0.23387077 0.30753119 0.34514119
0.23100799 0.30124748 0.33786072
0.22806915 0.29498312 0.33060157
0.2250654  0.28873471 0.32336059
0.22200087 0.2825008  0.31613453
0.21887703 0.27628051 0.30892149
0.21568343 0.27007584 0.30172585
0.21241904 0.26388668 0.29454574
0.2090956  0.25770931 0.28737567
0.20570409 0.25154524 0.28022017
0.20225224 0.24539193 0.27307294
0.19873456 0.23924999 0.2659362 
0.19515054 0.23311878 0.25880885
0.19150211 0.22699704 0.25168797
0.18778606 0.22088469 0.24457413
0.18400115 0.21478115 0.23746646
0.18015058 0.20868468 0.23036056
0.17622724 0.20259602 0.22325979
0.17223508 0.19651313 0.21615879
0.16817126 0.19043554 0.20905731
0.16403445 0.18436239 0.2019538 
0.15982247 0.17829288 0.19484725
0.15553465 0.1722258  0.1877351 
0.15116618 0.16616105 0.18061627
0.14671062 0.16009902 0.17349015
0.14217241 0.15403634 0.16635285
0.13754853 0.14797192 0.15920266
0.132821   0.14190939 0.15204286
0.12800229 0.13584228 0.14486568
0.12310736 0.12975918 0.13769561
0.11814948 0.12365165 0.13053179
0.11311874 0.11751874 0.12338098
0.10801577 0.11135666 0.11623569
0.10283481 0.10516279 0.10909605
0.0975729  0.0989334  0.10195773
0.0922206  0.09266585 0.09482403
0.08676972 0.08635663 0.08769561
0.08120828 0.08000256 0.080577  
0.0755511  0.07363669 0.07351779
0.08241267 0.07972911 0.07857428
0.08932289 0.0858206  0.08302263
0.09623014 0.09184545 0.08726341
0.10312261 0.09781065 0.09134711
0.1099987  0.10372145 0.09529466
0.11685614 0.10958272 0.09912723
0.12370261 0.11539747 0.10283725
0.13053164 0.12117044 0.10645475
0.13735278 0.12690359 0.10996459
0.14416309 0.13260052 0.113385  
0.15096335 0.13826404 0.11672317
0.15775808 0.14389607 0.11997518
0.16454543 0.14949942 0.12315411
0.17133217 0.15507518 0.12624844
0.17811748 0.16062564 0.12926726
0.18490138 0.1661528  0.13221681
0.1916891  0.17165754 0.13508836
0.19847572 0.17714256 0.13790127
0.20526749 0.18260832 0.14064319
0.21204418 0.18806444 0.14332989
0.21880195 0.193515   0.14595709
0.22554377 0.1989609  0.14852062
0.23226958 0.20440355 0.1510251 
0.2389774  0.20984566 0.15346903
0.24567063 0.21528726 0.1558527 
0.25235025 0.22072897 0.15818195
0.25901711 0.22617174 0.16045833
0.26567292 0.23161629 0.16268   
0.27231716 0.23706402 0.16484918
0.27894671 0.24251768 0.16696526
0.28556742 0.24797565 0.16902993
0.2921799  0.25343871 0.17104479
0.29878394 0.25890768 0.17301506
0.30537892 0.26438433 0.1749353 
0.31196449 0.26986997 0.17680387
0.31854433 0.27536341 0.17862758
0.32511913 0.28086522 0.18040761
0.33168883 0.28637643 0.18214316
0.33824957 0.29190013 0.1838283 
0.34480746 0.29743385 0.18547064
0.35136343 0.30297804 0.18706956
0.35791602 0.30853417 0.18862596
0.364462   0.31410478 0.1901363 
0.37100795 0.31968731 0.19160469
0.37755443 0.3252822  0.19303224
0.38409718 0.3308925  0.19441414
0.39063867 0.33651769 0.19575196
0.39718255 0.34215653 0.19704944
0.4037273  0.34781034 0.19830827
0.4102688  0.35348224 0.19952002
0.41681446 0.35916899 0.2006922 
0.42336485 0.36487093 0.20182573
0.42991203 0.37059309 0.20290943
0.43646453 0.37633143 0.20395483
0.44302352 0.38208606 0.20496153
0.44958157 0.38786173 0.20591822
0.45614555 0.39365516 0.20683652
0.4627176  0.39946592 0.2077169 
0.4692899  0.4052991  0.20854506
0.47586999 0.41115099 0.20933416
0.48245947 0.4170212  0.21008835
0.48904944 0.42291576 0.21078437
0.49565735 0.42882581 0.2114451 
0.50228549 0.43475215 0.21204698
0.50892971 0.44069589 0.21261567
0.51559526 0.44665664 0.21312258
0.52228145 0.45263502 0.21357248
0.52898453 0.45863214 0.21398783
0.53570973 0.46464767 0.2143386 
0.54245694 0.47068204 0.21462733
0.54922092 0.47673664 0.21488568
0.55600732 0.4828111  0.21507889
0.5628166  0.48890585 0.21520415
0.56964621 0.49502177 0.21527865
0.5764957  0.50115949 0.21530473
0.583368   0.50731896 0.21526516
0.59026284 0.51350069 0.21516322
0.59717895 0.51970562 0.21500204
0.60411578 0.52593438 0.21478463
0.61107507 0.532187   0.21450445
0.618057   0.53846403 0.21415823
0.62506258 0.54476614 0.21373127
0.63208865 0.55109416 0.21325009
0.63913494 0.5574487  0.21271569
0.6462046  0.56383014 0.21209649
0.65329594 0.570239   0.21141047
0.66040904 0.576676   0.21065205
0.66754441 0.58314192 0.20980764
0.6746999  0.58963731 0.20890175
0.68187717 0.5961632  0.20790112
0.68907374 0.60272013 0.20683407
0.69629026 0.60930912 0.20567911
0.70352546 0.615931   0.20444354
0.71077824 0.62258665 0.20313093
0.71804873 0.62927726 0.20171989
0.72533482 0.63600372 0.20022743
0.73263551 0.64276718 0.19864757
0.73995    0.64956904 0.19696456
0.74727638 0.65641057 0.19518155
0.75461263 0.66329314 0.19329942
0.76194803 0.67022164 0.19133454
0.76927851 0.67719861 0.18928241
0.77660537 0.68422432 0.18713027
0.78392665 0.6913004  0.18486911
0.79123091 0.69843143 0.18253858
0.79852357 0.70561662 0.18009634
0.80579951 0.71285846 0.17755348
0.81304891 0.72016102 0.17494277
0.82027697 0.72752389 0.17220748
0.82746587 0.73495365 0.16942463
0.83462357 0.74244875 0.16653052
0.84173019 0.75001694 0.16359456
0.84878946 0.75765775 0.16058609
0.85578874 0.76537671 0.15753074
0.86271585 0.77317877 0.15447301
0.86956623 0.7810664  0.15141462
0.87632707 0.789045   0.14839267
0.88298481 0.79711999 0.14546113
0.88952425 0.8052972  0.1426905 
0.89593075 0.81358223 0.14015291
0.90223004 0.82196545 0.13777683
0.90854966 0.83039738 0.13521946
0.91489009 0.83887877 0.13245637
0.92125344 0.84740924 0.12948702
0.92763664 0.8559914  0.12626187
0.93403852 0.86462678 0.12274235
0.94046121 0.87331499 0.11891677
0.94686982 0.88207682 0.11438107
