0.00627597 0.08977184 0.09770948
0.00745899 0.09319451 0.10086264
0.0087291  0.0965933  0.10400028
0.0100511  0.09997691 0.10712128
0.01142524 0.10334596 0.11022639
0.01284753 0.1067019  0.11331612
0.01431778 0.11004533 0.11639111
0.01583524 0.11337693 0.11945197
0.01739973 0.11669721 0.12249928
0.01900795 0.12000724 0.12553347
0.02065926 0.12330754 0.12855505
0.02235876 0.12659765 0.13156474
0.02409511 0.12987984 0.13456257
0.02587921 0.13315268 0.13754945
0.02770093 0.13641813 0.14052542
0.02956469 0.13967581 0.14349108
0.03147111 0.14292595 0.14644686
0.03341656 0.14616937 0.14939301
0.0353984  0.14940672 0.1523298 
0.03741987 0.15263779 0.15525772
0.03948034 0.15586293 0.15817709
0.04155043 0.15908257 0.16108818
0.04358617 0.162297   0.1639913 
0.04559783 0.16550654 0.16688672
0.04758619 0.16871151 0.16977471
0.04955215 0.17191218 0.17265553
0.05149653 0.17510881 0.17552943
0.05342023 0.17830162 0.17839668
0.05532422 0.18149083 0.1812575 
0.05720896 0.1846767  0.18411214
0.05907512 0.18785942 0.1869608 
0.06092388 0.19103913 0.18980373
0.06275509 0.19421614 0.19264112
0.06457028 0.19739049 0.19547319
0.06636931 0.20056246 0.19830013
0.06815282 0.20373221 0.20112214
0.06991669 0.20690057 0.20393919
0.07166587 0.21006705 0.20675166
0.07340098 0.2132318  0.20955974
0.0751226  0.21639493 0.21236361
0.07683154 0.21955653 0.21516345
0.07852294 0.22271751 0.21795919
0.08020798 0.2258767  0.22074869
0.08188276 0.22903481 0.22353225
0.08354755 0.23219199 0.22631003
0.0852024  0.23534841 0.22908201
0.08684677 0.2385044  0.23184759
0.08848185 0.24165984 0.23460782
0.09010786 0.24481487 0.23736282
0.09172502 0.24796961 0.24011275
0.09333241 0.25112443 0.24285671
0.09493121 0.25427923 0.24559571
0.09652172 0.25743409 0.24833002
0.09810415 0.26058912 0.25105975
0.09967755 0.26374468 0.25378403
0.10124297 0.26690067 0.25650376
0.10280087 0.27005714 0.25921926
0.10435137 0.2732142  0.26193067
0.10589326 0.27637225 0.2646369 
0.10742789 0.27953112 0.26733914
0.10895552 0.28269086 0.27003759
0.11047607 0.28585164 0.27273217
0.11198859 0.28901378 0.27542203
0.11349449 0.29217708 0.27810841
0.11499403 0.29534162 0.28079144
0.1164864  0.29850767 0.28347048
0.11797175 0.30167533 0.28614564
0.11945096 0.3048445  0.28881773
0.12092417 0.30801525 0.29148683
0.12238987 0.31118804 0.29415159
0.12384985 0.31436257 0.29681353
0.12530415 0.31753893 0.29947277
0.12675187 0.32071742 0.30212852
0.12819331 0.32389807 0.30478105
0.12962949 0.32708076 0.30743115
0.13105998 0.33026567 0.31007854
0.13248374 0.33345312 0.31272238
0.13390247 0.33664283 0.31536402
0.13531627 0.33983488 0.31800357
0.13672324 0.34302977 0.32063949
0.13812524 0.34622717 0.32327336
0.13952266 0.34942709 0.32590539
0.14091379 0.35262999 0.32853429
0.14229978 0.35583569 0.33116105
0.14368146 0.35904412 0.33378619
0.14505729 0.36225567 0.33640862
0.146428   0.36547028 0.3390289 
0.1477946  0.3686878  0.34164779
0.14915561 0.37190862 0.34426425
0.15051163 0.37513271 0.34687866
0.15186365 0.37835993 0.34949188
0.15321025 0.38159064 0.35210286
0.15455217 0.38482478 0.354712  
0.15589014 0.38806225 0.35732013
0.15722291 0.3913034  0.35992612
0.15855109 0.39454818 0.36253052
0.15987559 0.39779644 0.36513414
0.16119486 0.40104862 0.36773559
0.16250977 0.40430457 0.37033582
0.16382149 0.40756413 0.37293549
0.16512741 0.41082792 0.37553282
0.16642987 0.41409552 0.37812945
0.16772885 0.41736698 0.38072555
0.16902227 0.42064284 0.38331935
0.17031245 0.42392264 0.38591287
0.17159892 0.42720658 0.38850559
0.17288029 0.43049499 0.3910966 
0.17415888 0.43378746 0.39368756
0.17543286 0.43708444 0.39627727
0.17670292 0.44038585 0.39886604
0.17797002 0.44369155 0.4014549 
0.17923216 0.44700203 0.40404203
0.18049101 0.45031698 0.40662902
0.18174685 0.45363643 0.4092159 
0.18299761 0.45696087 0.41180121
0.1842459  0.46028981 0.41438695
0.1854901  0.46362365 0.41697184
0.18673038 0.46696241 0.41955618
0.18796859 0.47030579 0.42214116
0.18920135 0.47365453 0.42472444
0.19043183 0.47700804 0.42730833
0.19165892 0.48036661 0.42989205
0.19288169 0.48373049 0.43247501
0.19410268 0.48709923 0.43505891
0.19531869 0.49047352 0.43764161
0.19653216 0.49385294 0.44022487
0.1977428  0.49723761 0.4428084 
0.19894905 0.50062789 0.44539124
0.62049711 0.37530362 0.02883231
0.62368749 0.37846419 0.02859895
0.62686158 0.38164092 0.0284076 
0.63001957 0.38483366 0.02826007
0.63316162 0.38804224 0.028158  
0.63628794 0.39126649 0.02810318
0.63939875 0.39450623 0.02809739
0.64249427 0.39776128 0.02814235
0.64557475 0.40103144 0.0282399 
0.64864042 0.40431653 0.02839169
0.65169154 0.40761636 0.02859936
0.65472834 0.41093074 0.02886439
0.65775109 0.41425949 0.02918838
0.66076003 0.41760241 0.02957281
0.66375544 0.42095934 0.03001919
0.66673758 0.42433008 0.03052899
0.66970672 0.42771443 0.03110376
0.67266315 0.43111222 0.03174497
0.67560689 0.43452342 0.0324545 
0.67853672 0.43794886 0.03323281
0.6814637  0.44138187 0.03403671
0.68438766 0.44482269 0.03486368
0.68730861 0.44827137 0.03571429
0.69022661 0.45172796 0.03658912
0.69314168 0.4551925  0.03748872
0.69605385 0.45866504 0.03841367
0.69896317 0.46214563 0.03936457
0.70186967 0.46563431 0.04034205
0.7047734  0.46913112 0.041326  
0.70767438 0.47263612 0.04232106
0.71057265 0.47614935 0.04332886
0.71346802 0.47967098 0.04435029
0.71636058 0.48320104 0.04538518
0.71925053 0.48673947 0.04643281
0.7221379  0.49028632 0.04749316
0.72502273 0.49384164 0.04856621
0.72790506 0.49740546 0.04965198
0.73078494 0.50097783 0.05075042
0.73366238 0.50455881 0.05186153
0.73653743 0.50814843 0.05298524
0.73941011 0.51174676 0.05412153
0.74228047 0.51535382 0.05527037
0.7451484  0.51896975 0.05643228
0.74801377 0.52259468 0.05760794
0.75087692 0.52622849 0.05879606
0.75373787 0.52987124 0.05999662
0.75659667 0.53352297 0.06120958
0.75945335 0.53718371 0.06243494
0.76230796 0.54085353 0.06367268
0.76516054 0.54453245 0.06492277
0.7680111  0.54822055 0.06618513
0.77085969 0.55191785 0.06745972
0.77370628 0.55562445 0.06874676
0.7765505  0.5593406  0.07004756
0.77939287 0.5630661  0.07136058
0.78223339 0.56680101 0.0726857 
0.78507212 0.57054538 0.0740229 
0.78790908 0.57429924 0.07537215
0.79074432 0.57806266 0.07673342
0.79357788 0.58183566 0.07810673
0.79640978 0.58561832 0.07949198
0.79924007 0.58941068 0.08088915
0.80206831 0.59321301 0.08229968
0.80489488 0.59702521 0.08372249
0.80771994 0.60084726 0.08515717
0.81054351 0.6046792  0.08660363
0.81336565 0.60852109 0.08806186
0.81618637 0.61237299 0.08953182
0.81900575 0.61623492 0.09101355
0.82182379 0.62010696 0.09250694
0.82464045 0.62398919 0.09401225
0.82745529 0.62788191 0.09553088
0.83026891 0.63178488 0.09706117
0.83308134 0.63569816 0.09860302
0.83589261 0.63962181 0.10015642
0.83870276 0.64355587 0.10172133
0.84151186 0.64750039 0.10329783
0.84431991 0.65145543 0.10488578
0.8471269  0.65542108 0.10648528
0.84993227 0.65939767 0.10809817
0.85273672 0.66338494 0.10972254
0.85554027 0.66738296 0.11135828
0.85834294 0.67139178 0.11300537
0.86114481 0.67541144 0.11466387
0.86394591 0.67944199 0.11633376
0.86674626 0.68348352 0.11801494
0.86954552 0.68753625 0.1197084 
0.87234373 0.69160022 0.12141437
0.8751413  0.69567534 0.12313162
0.87793826 0.69976165 0.1248601 
0.88073446 0.70385933 0.12659937
0.88352683 0.70797032 0.12833499
0.88632141 0.71209158 0.13006747
0.88911835 0.71622313 0.13179716
0.89191887 0.72036436 0.13352699
0.89472205 0.7245159  0.13525478
0.89752761 0.728678   0.13697988
0.90033555 0.73285078 0.13870227
0.90314605 0.7370342  0.14042243
0.90595918 0.74122834 0.14214052
0.90877503 0.74543326 0.14385668
0.91159354 0.74964907 0.14557085
0.91441455 0.75387597 0.1472826 
0.9172383  0.75811392 0.1489925 
0.92006502 0.76236291 0.15070107
0.92289366 0.76662359 0.15240591
0.92572736 0.77089437 0.15411403
0.92856377 0.77517663 0.15582015
0.93140299 0.77947041 0.15752448
0.93424454 0.78377607 0.15922595
0.93708779 0.78809405 0.16092316
0.93993638 0.7924225  0.16262408
0.94278792 0.79676281 0.16432344
0.9456401  0.8011163  0.16601614
0.94849884 0.80547994 0.16771511
0.95135788 0.80985714 0.16940668
0.95422184 0.81424557 0.17110083
0.95708584 0.8186479  0.17278699
0.95995719 0.8230604  0.17448091
0.96282952 0.82748651 0.17616883
0.9657043  0.83192556 0.17785388
0.96858213 0.83637734 0.17953734
0.97146169 0.84084265 0.18121634
0.97434267 0.84532174 0.18289021
0.97722456 0.84981498 0.18455786
0.98010966 0.85432128 0.18622419
0.98298834 0.85884568 0.18786874
0.98582094 0.8634085  0.18940793
