0.00627597 0.08977184 0.09770948
0.00745899 0.09319451 0.10086264
0.0087291  0.0965933  0.10400028
0.0100511  0.09997691 0.10712128
0.01142524 0.10334596 0.11022639
0.01284753 0.1067019  0.11331612
0.01431778 0.11004533 0.11639111
0.01583524 0.11337693 0.11945197
0.01739973 0.11669721 0.12249928
0.01900795 0.12000724 0.12553347
0.02065926 0.12330754 0.12855505
0.02235876 0.12659765 0.13156474
0.02409511 0.12987984 0.13456257
0.02587921 0.13315268 0.13754945
0.02770093 0.13641813 0.14052542
0.02956469 0.13967581 0.14349108
0.03147111 0.14292595 0.14644686
0.03341656 0.14616937 0.14939301
0.0353984  0.14940672 0.1523298 
0.03741987 0.15263779 0.15525772
0.03948034 0.15586293 0.15817709
0.04155043 0.15908257 0.16108818
0.04358617 0.162297   0.1639913 
0.04559783 0.16550654 0.16688672
0.04758619 0.16871151 0.16977471
0.04955215 0.17191218 0.17265553
0.05149653 0.17510881 0.17552943
0.05342023 0.17830162 0.17839668
0.05532422 0.18149083 0.1812575 
0.05720896 0.1846767  0.18411214
0.05907512 0.18785942 0.1869608 
0.06092388 0.19103913 0.18980373
0.06275509 0.19421614 0.19264112
0.06457028 0.19739049 0.19547319
0.06636931 0.20056246 0.19830013
0.06815282 0.20373221 0.20112214
0.06991669 0.20690057 0.20393919
0.07166587 0.21006705 0.20675166
0.07340098 0.2132318  0.20955974
0.0751226  0.21639493 0.21236361
0.07683154 0.21955653 0.21516345
0.07852294 0.22271751 0.21795919
0.08020798 0.2258767  0.22074869
0.08188276 0.22903481 0.22353225
0.08354755 0.23219199 0.22631003
0.0852024  0.23534841 0.22908201
0.08684677 0.2385044  0.23184759
0.08848185 0.24165984 0.23460782
0.09010786 0.24481487 0.23736282
0.09172502 0.24796961 0.24011275
0.09333241 0.25112443 0.24285671
0.09493121 0.25427923 0.24559571
0.09652172 0.25743409 0.24833002
0.09810415 0.26058912 0.25105975
0.09967755 0.26374468 0.25378403
0.10124297 0.26690067 0.25650376
0.10280087 0.27005714 0.25921926
0.10435137 0.2732142  0.26193067
0.10589326 0.27637225 0.2646369 
0.10742789 0.27953112 0.26733914
0.10895552 0.28269086 0.27003759
0.11047607 0.28585164 0.27273217
0.11198859 0.28901378 0.27542203
0.11349449 0.29217708 0.27810841
0.11499403 0.29534162 0.28079144
0.1164864  0.29850767 0.28347048
0.11797175 0.30167533 0.28614564
0.11945096 0.3048445  0.28881773
0.12092417 0.30801525 0.29148683
0.12238987 0.31118804 0.29415159
0.12384985 0.31436257 0.29681353
0.12530415 0.31753893 0.29947277
0.12675187 0.32071742 0.30212852
0.12819331 0.32389807 0.30478105
0.12962949 0.32708076 0.30743115
0.13105998 0.33026567 0.31007854
0.13248374 0.33345312 0.31272238
0.13390247 0.33664283 0.31536402
0.13531627 0.33983488 0.31800357
0.13672324 0.34302977 0.32063949
0.13812524 0.34622717 0.32327336
0.13952266 0.34942709 0.32590539
0.14091379 0.35262999 0.32853429
0.14229978 0.35583569 0.33116105
0.14368146 0.35904412 0.33378619
0.14505729 0.36225567 0.33640862
0.146428   0.36547028 0.3390289 
0.1477946  0.3686878  0.34164779
0.14915561 0.37190862 0.34426425
0.15051163 0.37513271 0.34687866
0.15186365 0.37835993 0.34949188
0.15321025 0.38159064 0.35210286
0.15455217 0.38482478 0.354712  
0.15589014 0.38806225 0.35732013
0.15722291 0.3913034  0.35992612
0.15855109 0.39454818 0.36253052
0.15987559 0.39779644 0.36513414
0.16119486 0.40104862 0.36773559
0.16250977 0.40430457 0.37033582
0.16382149 0.40756413 0.37293549
0.16512741 0.41082792 0.37553282
0.16642987 0.41409552 0.37812945
0.16772885 0.41736698 0.38072555
0.16902227 0.42064284 0.38331935
0.17031245 0.42392264 0.38591287
0.17159892 0.42720658 0.38850559
0.17288029 0.43049499 0.3910966 
0.17415888 0.43378746 0.39368756
0.17543286 0.43708444 0.39627727
0.17670292 0.44038585 0.39886604
0.17797002 0.44369155 0.4014549 
0.17923216 0.44700203 0.40404203
0.18049101 0.45031698 0.40662902
0.18174685 0.45363643 0.4092159 
0.18299761 0.45696087 0.41180121
0.1842459  0.46028981 0.41438695
0.1854901  0.46362365 0.41697184
0.18673038 0.46696241 0.41955618
0.18796859 0.47030579 0.42214116
0.18920135 0.47365453 0.42472444
0.19043183 0.47700804 0.42730833
0.19165892 0.48036661 0.42989205
0.19288169 0.48373049 0.43247501
0.19410268 0.48709923 0.43505891
0.19531869 0.49047352 0.43764161
0.19653216 0.49385294 0.44022487
0.1977428  0.49723761 0.4428084 
0.19894905 0.50062789 0.44539124
0.75355408 0.23428346 0.12109179
0.7558405  0.23967496 0.12527898
0.75811414 0.24502126 0.12942043
0.76037538 0.25032507 0.13351784
0.76262482 0.25558839 0.1375759 
0.76486275 0.26081358 0.14159657
0.76708947 0.26600289 0.14558161
0.76930492 0.27115908 0.14952898
0.77150989 0.27628306 0.15344385
0.77370459 0.28137668 0.15732762
0.77588945 0.28644138 0.16118137
0.77806467 0.29147886 0.16500528
0.78023025 0.29649099 0.168799  
0.78238682 0.30147846 0.17256589
0.78453489 0.30644221 0.17630663
0.78667451 0.3113837  0.1800222 
0.78880601 0.31630395 0.18371312
0.79092946 0.32120442 0.1873774 
0.79304528 0.32608567 0.19101865
0.79515398 0.33094834 0.19463731
0.79725573 0.33579341 0.198234  
0.79935071 0.34062176 0.2018093 
0.80143941 0.34543398 0.20536315
0.80352153 0.35023149 0.2088945 
0.80559782 0.35501431 0.21240585
0.80766849 0.35978314 0.21589764
0.8097337  0.3645387  0.21937029
0.81179389 0.3692814  0.22282411
0.81384902 0.3740121  0.22625957
0.81589961 0.3787311  0.22967648
0.81794531 0.38343958 0.23307414
0.81998703 0.38813727 0.23645435
0.82202453 0.39282509 0.23981761
0.82405849 0.39750308 0.24316403
0.82608867 0.40217212 0.24649407
0.82811568 0.40683228 0.24980785
0.83013938 0.41148431 0.25310579
0.83216024 0.41612835 0.25638803
0.8341782  0.42076507 0.25965459
0.83619342 0.42539493 0.2629049 
0.83820631 0.43001802 0.26614035
0.84021683 0.4346349  0.26936125
0.84222555 0.43924557 0.27256773
0.84423211 0.44385085 0.27576013
0.84623147 0.44845415 0.27895747
0.84822055 0.45305681 0.2821828 
0.85019925 0.45765914 0.28543634
0.85216758 0.46226141 0.28871827
0.85412575 0.46686368 0.29202872
0.85607361 0.47146632 0.29536792
0.85801141 0.47606934 0.29873612
0.85993911 0.4806729  0.30213492
0.86185679 0.48527726 0.30556296
0.8637646  0.48988253 0.3090204 
0.86566247 0.49448895 0.31250744
0.8675507  0.49909653 0.31602415
0.86942908 0.5037056  0.31957078
0.87129803 0.50831605 0.32314737
0.87315726 0.51292827 0.32675419
0.87500726 0.51754211 0.33039124
0.87684774 0.52215792 0.33405943
0.87867914 0.52677548 0.33775961
0.88050124 0.53139523 0.3414906 
0.88231449 0.53601705 0.34525241
0.88411867 0.54064125 0.34904528
0.88591421 0.54526769 0.35286921
0.88770094 0.54989668 0.35672444
0.88947925 0.55452809 0.36061096
0.89124901 0.55916218 0.36452919
0.89301057 0.56379871 0.36848113
0.89476388 0.56843805 0.37246481
0.89650927 0.57308012 0.37648024
0.89824674 0.57772508 0.38052759
0.89997655 0.58237293 0.38460689
0.9016988  0.58702375 0.38871824
0.90341365 0.59167759 0.39286173
0.9051213  0.59633434 0.39703928
0.90682183 0.60099418 0.40124986
0.90851559 0.60565711 0.40549274
0.91020256 0.61032328 0.4097681 
0.91188313 0.61499261 0.41407586
0.91355732 0.61966522 0.41841617
0.91522547 0.62434108 0.422789  
0.91688767 0.62902009 0.42719691
0.91854417 0.6337024  0.43163771
0.92019524 0.63838805 0.43611114
0.921841   0.6430771  0.44061728
0.92348179 0.6477695  0.44515608
0.92511776 0.65246533 0.44972759
0.92674917 0.6571645  0.45433297
0.92837626 0.66186699 0.45897269
0.92999927 0.66657293 0.46364513
0.93161849 0.67128232 0.46835022
0.93323414 0.6759952  0.473088  
0.93484652 0.68071154 0.4778584 
0.93645587 0.68543135 0.48266174
0.93806245 0.69015449 0.48750018
0.93966659 0.69488111 0.49237114
0.94126853 0.69961125 0.49727459
0.9428686  0.7043449  0.50221046
0.94446106 0.70908511 0.50718311
0.9460458  0.71383338 0.51217534
0.94763471 0.7185843  0.5171727 
0.94922076 0.7233416  0.52218054
0.95080367 0.72810554 0.52719927
0.95238305 0.73287646 0.53222937
0.95396827 0.73764994 0.53726433
0.95554986 0.74243078 0.54231118
0.95712717 0.74721942 0.54737059
0.95871122 0.75201072 0.55243495
0.96028888 0.75681113 0.55751382
0.96186993 0.76161614 0.5626005 
0.96344647 0.76642965 0.56770081
0.9650284  0.77124715 0.57280802
0.9666063  0.77607321 0.57792899
0.9681839  0.78090622 0.58306135
0.96976508 0.78574456 0.58820265
0.97134433 0.79059091 0.59335697
0.97292321 0.7954447  0.59852349
0.97450203 0.80030592 0.60370226
0.97607885 0.80517558 0.60889487
0.97765899 0.81005146 0.61409792
0.97923505 0.81493697 0.61931677
0.98081326 0.8198295  0.62454743
0.98238459 0.82473313 0.62979633
0.98395424 0.82964568 0.63506019
0.98551043 0.83457236 0.64034729
0.9869815  0.83954382 0.64570635
