0.14732119 0.49201242 0.98445797
0.18334384 0.49027039 0.98143288
0.21113941 0.48871141 0.97884016
0.23499383 0.48717415 0.97644269
0.2560848  0.48565222 0.97422949
0.27516468 0.48413185 0.97218213
0.29269294 0.48260533 0.97029176
0.30897597 0.48106778 0.96855384
0.32415964 0.47953023 0.9669802 
0.33845513 0.47798209 0.96555968
0.35201614 0.47641506 0.96428516
0.36494035 0.47482679 0.96315575
0.37730234 0.4732162  0.96217155
0.38917257 0.47157989 0.96133073
0.40061516 0.46991294 0.96063076
0.41166477 0.46821625 0.96007298
0.42236402 0.46648684 0.9596559 
0.43273772 0.46472561 0.95937992
0.44282364 0.46292809 0.95924239
0.45264302 0.46109399 0.95924253
0.46229776 0.45919215 0.95936887
0.47173195 0.45724678 0.95963086
0.48094954 0.45526175 0.96002793
0.49001903 0.45321402 0.960553  
0.49883418 0.45116803 0.96114988
0.50753014 0.44906664 0.96182529
0.51612203 0.44690553 0.96257589
0.52457877 0.44470844 0.96337357
0.53294719 0.44245022 0.96423655
0.54123627 0.44012741 0.96516425
0.54945369 0.43773829 0.96615012
0.55757284 0.43530431 0.96716837
0.56563622 0.43279835 0.96823886
0.57365028 0.43021773 0.96935703
0.58161831 0.42756126 0.9705181 
0.58952344 0.42484425 0.97170004
0.59738221 0.4220555  0.97290749
0.60521168 0.41918325 0.97414218
0.61301042 0.41622854 0.97539825
0.62078409 0.41318795 0.97666949
0.62853168 0.41006244 0.97794864
0.63623803 0.40686739 0.97921248
0.64392536 0.40358299 0.98047215
0.65159522 0.40020806 0.98172024
0.65924866 0.39674179 0.98294893
0.66688642 0.39318359 0.98415006
0.67450999 0.38953234 0.98531497
0.68211694 0.38579005 0.98643468
0.68970752 0.38195681 0.98749967
0.69728364 0.37803149 0.98849984
0.70484081 0.37401845 0.98942484
0.71238097 0.36991696 0.99026339
0.71989922 0.36573252 0.99100407
0.72739745 0.36146515 0.99163424
0.73487063 0.35712148 0.99214116
0.74231819 0.35270477 0.99251085
0.74973548 0.34822276 0.99272901
0.75712104 0.3436811  0.99277995
0.76445772 0.33910751 0.99263503
0.77174348 0.33450519 0.99229354
0.77902686 0.32978095 0.99185601
0.78629939 0.32494145 0.99131553
0.79354784 0.32000399 0.99065489
0.80076447 0.31498117 0.9898565 
0.80796444 0.30984877 0.98892393
0.81513088 0.30463282 0.98783528
0.82225294 0.29935289 0.98657181
0.82935224 0.2939749  0.98513751
0.8363787  0.28858761 0.98348607
0.84337357 0.28312341 0.98163578
0.85028134 0.27768909 0.9795355 
0.85713598 0.27223134 0.97719547
0.8638934  0.26684525 0.97457288
0.87055783 0.26153913 0.97165563
0.87712018 0.25634829 0.9684253 
0.8835513  0.25135607 0.96484791
0.88982883 0.24663952 0.96089347
0.89594102 0.2422553  0.95654375
0.90186201 0.23829854 0.95176736
0.90756084 0.23487817 0.94653658
0.91293659 0.23232651 0.94069026
0.91790386 0.2308932  0.93417567
0.92245763 0.2305857  0.92705729
0.92660167 0.2313685  0.91940878
0.93034779 0.23316863 0.91130871
0.93371456 0.23588472 0.9028365 
0.93672563 0.23939761 0.89406975
0.93940844 0.24358097 0.8850796 
0.94179227 0.24830958 0.87593154
0.94390723 0.2534659  0.86668282
0.94577462 0.25896468 0.85737262
0.94741104 0.26474101 0.84802682
0.94886117 0.27066885 0.83870733
0.9501391  0.27670792 0.82942747
0.95125257 0.28283605 0.82019153
0.95224702 0.28895072 0.81105304
0.95310136 0.29510238 0.80197453
0.95387072 0.301173   0.79303426
0.95447954 0.30732154 0.78413436
0.95497774 0.31343618 0.77536773
0.95539502 0.31947436 0.76673739
0.95574209 0.32543177 0.75822461
0.95602826 0.33130864 0.74980174
0.95628363 0.33705655 0.74150868
0.95651756 0.34267381 0.73333474
0.95673819 0.34815982 0.72527092
0.95695379 0.35351129 0.71731748
0.95717006 0.3587313  0.70946303
0.95739381 0.36381767 0.70171015
0.95762977 0.36877317 0.69405173
0.95788241 0.37359995 0.68648321
0.95814408 0.37832091 0.67897261
0.95842545 0.3829254  0.67153184
0.95873331 0.387409   0.66416833
0.95906993 0.39177605 0.65687386
0.95943928 0.39602546 0.64965557
0.95983394 0.40017768 0.64247757
0.96025006 0.4042443  0.63532169
0.96070408 0.40820239 0.62822806
0.96119603 0.41205855 0.62118235
0.96171666 0.4158311  0.61415944
0.9622648  0.41952714 0.60714166
0.96285492 0.4231265  0.60016917
0.96348279 0.42664018 0.59322188
0.96413204 0.43009698 0.58624586
0.96482449 0.43346551 0.57930235
0.96555525 0.43675649 0.57237168
0.96630779 0.4399981  0.56539543
0.96710394 0.44315814 0.55844504
0.96793206 0.44625717 0.55147601
0.96878746 0.44930434 0.54446708
0.96968514 0.45227792 0.53747226
0.9706036  0.45521227 0.53041072
0.97155813 0.45808551 0.52333578
0.97254472 0.46090458 0.51623408
0.97355379 0.46368485 0.50906692
0.97459591 0.46641754 0.50182513
0.97563921 0.46912145 0.49461399
0.97670257 0.47179337 0.48731369
0.97777427 0.47443858 0.4799769 
0.97884866 0.47706139 0.47261662
0.97993717 0.47966002 0.46515426
0.98101523 0.482245   0.45770622
0.98209808 0.48481233 0.45017902
0.98318307 0.48736586 0.44255932
0.98424827 0.48991503 0.4349534 
0.98531257 0.49245366 0.4272499 
0.98636835 0.49498702 0.41946411
0.98739653 0.49752459 0.41167822
0.98841358 0.50006019 0.40379668
0.98941522 0.502598   0.3958123 
0.9903783  0.50514853 0.38783784
0.99131674 0.50770802 0.37977072
0.99222857 0.51027758 0.37161193
0.99310549 0.51286302 0.36337416
0.99393162 0.51547271 0.35512253
0.99471794 0.51810237 0.34678125
0.99545854 0.52075698 0.33834327
0.99614863 0.52343912 0.3298191 
0.99677771 0.52615523 0.32123409
0.99733625 0.52891139 0.31260741
0.9978269  0.5317072  0.30389675
0.998242   0.5345482  0.29510032
0.99857461 0.53743834 0.28622848
0.99881575 0.54038389 0.27728069
0.99895655 0.54339032 0.26826475
0.99898655 0.54646448 0.25918473
0.99889585 0.54961191 0.25005644
0.99867129 0.5528412  0.24088486
0.99829987 0.55615993 0.23168712
0.99776707 0.55957648 0.22248398
0.99705614 0.5631006  0.21329896
0.99614981 0.56674156 0.20416926
0.99501132 0.57051869 0.19525447
0.99362691 0.57443889 0.18657273
0.99202466 0.57847556 0.17816386
0.99021193 0.58262197 0.16998009
0.98817788 0.58688197 0.16206054
0.98596429 0.59122288 0.15435337
0.98357931 0.59563615 0.14686256
0.98102972 0.60011445 0.13959277
0.97829554 0.60466824 0.13260883
0.97541545 0.60926915 0.12585491
0.97239487 0.61391161 0.11933553
0.96924013 0.61858956 0.1130589 
0.96595698 0.62329756 0.10703434
0.96254938 0.62803156 0.10127069
0.95902321 0.63278632 0.09578209
0.95538319 0.63755757 0.09058309
0.95163259 0.64234217 0.08568836
0.94777518 0.64713671 0.08111531
0.94381474 0.65193791 0.07688294
0.93975468 0.65674283 0.07301069
0.9355968  0.66154965 0.06951651
0.93134583 0.66635479 0.06642072
0.92700309 0.67115686 0.0637383 
0.92257044 0.67595421 0.06148196
0.91805055 0.68074477 0.05966087
0.91344493 0.68552719 0.05827808
0.90875637 0.69029946 0.05733139
0.90398526 0.69506096 0.05681076
0.89913439 0.69980982 0.05670108
0.89418721 0.70455372 0.05704464
0.88915045 0.70928856 0.05780312
0.8840325  0.71400996 0.05889851
0.87883378 0.71871733 0.0602968 
0.87352042 0.72342764 0.06190869
0.8681301  0.72812241 0.06360447
0.86266646 0.73279857 0.06545153
0.85712081 0.7374605  0.06737628
0.85148841 0.74210977 0.06937354
0.84576807 0.74674614 0.07144127
0.83995485 0.75137107 0.07357745
0.83404641 0.75598469 0.07578044
0.82804324 0.76058532 0.07809507
0.82193748 0.76517587 0.08047964
0.81572378 0.76975765 0.08292435
0.80939724 0.77433149 0.08542882
0.80295366 0.77889785 0.08799295
0.7963869  0.78345784 0.09061701
0.78969272 0.78801165 0.09330145
0.78286314 0.79256082 0.09604726
0.77589653 0.79710406 0.09887263
0.76878415 0.80164296 0.10177415
0.76151865 0.80617852 0.10473777
0.7540908  0.81071203 0.10776554
0.74649362 0.81524375 0.11085938
0.73871648 0.81977501 0.11402183
0.73075301 0.82430543 0.11725494
0.72259141 0.82883627 0.12056154
0.71422105 0.83336809 0.12394436
0.70563082 0.83790132 0.12740619
0.6968095  0.84243616 0.13094976
0.68774095 0.84697395 0.1345786 
0.67841461 0.85151402 0.13829508
0.66881028 0.8560581  0.1421032 
0.65891549 0.86060527 0.14600523
0.64870722 0.8651571  0.15000524
0.6381686  0.86971293 0.1541057 
0.62727468 0.87427367 0.1583103 
0.61598568 0.87884312 0.16262545
0.60421543 0.88343798 0.16690355
0.59198839 0.88804705 0.17098186
0.57926316 0.89267154 0.1748708 
0.56599211 0.89731273 0.17857958
0.55218573 0.9019584  0.18210834
0.53769613 0.90662811 0.18547648
0.52241693 0.91132874 0.18869263
0.50641185 0.91603256 0.19174807
0.48938583 0.92077617 0.1946652 
0.47132554 0.92553939 0.19743883
0.45203121 0.93033027 0.20007626
0.43120708 0.93516312 0.20258505
0.40872489 0.94001744 0.20496188
0.38379846 0.94494908 0.20722231
0.3547844  0.95007495 0.20938363
