0.05911816 0.19254037 0.25582361
0.06086616 0.19742025 0.26018848
0.0625616  0.20229578 0.26454893
0.06422226 0.20716527 0.26890569
0.06582981 0.2120319  0.27325861
0.06736348 0.21689906 0.2776076 
0.06884753 0.22176407 0.28195348
0.07028336 0.22662728 0.28629654
0.07165992 0.23149068 0.29063685
0.07297637 0.23635482 0.29497468
0.07423179 0.24122025 0.29931029
0.07542518 0.24608751 0.30364393
0.07656515 0.25095587 0.30797595
0.07764562 0.25582647 0.31230652
0.07865934 0.26070053 0.31663577
0.07958364 0.26558104 0.32096369
0.0804486  0.2704646  0.32529085
0.08124929 0.27535206 0.32961742
0.08200089 0.2802419  0.33394376
0.08264501 0.28514106 0.33826949
0.08333528 0.29003495 0.3425737 
0.08398338 0.29493406 0.34685554
0.08458367 0.2998398  0.35111057
0.08519662 0.30474658 0.35533318
0.08585881 0.30965187 0.35951588
0.08652523 0.31456129 0.36365586
0.08724131 0.31947146 0.36774511
0.08804178 0.32438058 0.37177276
0.08896055 0.32928767 0.37572263
0.09020175 0.33417578 0.37956835
0.09175484 0.33904957 0.38328492
0.09390641 0.34388611 0.38682332
0.09703055 0.34865491 0.39011127
0.10187904 0.35328258 0.39306937
0.10907018 0.35768413 0.39571724
0.11828003 0.36183823 0.39826858
0.12844594 0.36581533 0.40091431
0.13877322 0.36969481 0.40369977
0.14892402 0.37352316 0.40661094
0.15884476 0.37731658 0.40962196
0.16850896 0.38108781 0.41271333
0.17789139 0.3848489  0.41587529
0.18702839 0.38860223 0.41909438
0.19594142 0.39235094 0.42236293
0.20464274 0.39610046 0.42566052
0.21314114 0.39985659 0.42896459
0.22145458 0.40362025 0.43227696
0.22961499 0.40738955 0.43559397
0.23764171 0.41116403 0.4389147 
0.24553051 0.41494695 0.44224559
0.25330006 0.41873737 0.44558506
0.26095844 0.422536   0.44893435
0.26852059 0.42634201 0.45229152
0.27600458 0.43015371 0.45565313
0.28339717 0.43397515 0.45902731
0.29070981 0.43780563 0.46241275
0.2979591  0.44164326 0.4658051 
0.30514692 0.44548884 0.46920601
0.31226959 0.44934428 0.47261946
0.31933242 0.45320967 0.47604505
0.32635659 0.45708149 0.47947574
0.33332455 0.46096445 0.48292101
0.34024484 0.46485767 0.48637867
0.34713439 0.46875823 0.48984279
0.35397682 0.47267059 0.49332237
0.36078593 0.47659246 0.49681227
0.3675635  0.48052414 0.5003131 
0.37429999 0.48446855 0.50383076
0.3810238  0.48841969 0.50735271
0.38770942 0.49238424 0.5108924 
0.39436993 0.49635974 0.51444455
0.40101083 0.5003454  0.5180075 
0.40761995 0.50434482 0.5215884 
0.4142232  0.50835211 0.52517504
0.42079512 0.51237416 0.5287813 
0.42735777 0.51640593 0.53239669
0.43389675 0.5204516  0.53602946
0.44042189 0.52450914 0.53967539
0.44693398 0.5285788  0.54333482
0.45342862 0.53266221 0.54701084
0.4599172  0.53675679 0.55069807
0.46638601 0.54086666 0.55440463
0.47285414 0.54498711 0.55812081
0.47930131 0.54912404 0.56185835
0.48575176 0.55327125 0.56560459
0.49218108 0.55743586 0.56937364
0.49861635 0.56161077 0.57315104
0.50503124 0.5658037  0.57695213
0.51145364 0.5700072  0.58076179
0.51785721 0.57422911 0.58459549
0.52426882 0.57846213 0.58843849
0.53066387 0.58271368 0.59230542
0.53706663 0.58697713 0.59618284
0.5434557  0.59125903 0.60008365
0.54985136 0.59555382 0.6039966 
0.55625722 0.59986064 0.60792098
0.56264698 0.60418771 0.61187157
0.56904871 0.6085269  0.61583367
0.57543749 0.61288613 0.61982122
0.58183838 0.61725807 0.62382103
0.58822602 0.62165085 0.62784738
0.59462925 0.62605592 0.63188489
0.60101533 0.63048373 0.635952  
0.60742216 0.63492283 0.64002819
0.61380783 0.63938666 0.64413714
0.62021287 0.64386281 0.64825669
0.62661206 0.64835956 0.65240134
0.63301384 0.65287456 0.65656676
0.63942638 0.65740552 0.66074876
0.64582227 0.66196154 0.66496322
0.65223664 0.66653168 0.66919069
0.65865274 0.67112164 0.67344102
0.66505787 0.67573585 0.67772189
0.67147846 0.68036608 0.68201861
0.67790311 0.68501632 0.68633808
0.68432075 0.68969055 0.69068707
0.69073845 0.69438677 0.69506193
0.69716492 0.69910245 0.69945803
0.70359279 0.70384033 0.70388003
0.71002053 0.70860125 0.70832921
0.71644719 0.71338586 0.71280656
0.72287143 0.71819495 0.71731325
0.72929148 0.72302945 0.72185076
0.73570593 0.72789019 0.72642032
0.74212182 0.73277514 0.73101824
0.74850862 0.73769496 0.73566291
0.7548807  0.74264518 0.74034635
0.7611806  0.74760596 0.74505579
0.75594069 0.74235027 0.73909225
0.7499256  0.73742223 0.73282855
0.74388778 0.73253698 0.72651828
0.73784039 0.72768664 0.72018226
0.73179419 0.72286477 0.71383752
0.72574489 0.71807336 0.70747754
0.71970138 0.71330704 0.70111641
0.71366507 0.70856465 0.6947565 
0.70763695 0.70384527 0.68839954
0.70161774 0.69914815 0.68204679
0.69560797 0.69447262 0.67569926
0.68960286 0.68982098 0.66934967
0.6836064  0.68519065 0.66300441
0.67761995 0.68058052 0.65666577
0.67165103 0.67598618 0.65034552
0.66568462 0.67141545 0.64402059
0.65972713 0.66686449 0.63770106
0.65378863 0.66232752 0.63140265
0.64785265 0.6578131  0.62510007
0.64192702 0.65331666 0.61880559
0.63602108 0.64883287 0.61253374
0.63011293 0.64437311 0.60625096
0.62422608 0.63992451 0.59999356
0.61834119 0.635497   0.59373201
0.61247154 0.63108325 0.58748684
0.60661039 0.62668646 0.58124787
0.60075912 0.62230559 0.57501737
0.59492015 0.61793905 0.5687992 
0.58908827 0.61358923 0.56258557
0.58326992 0.60925246 0.55638646
0.57745831 0.60493193 0.55019166
0.57165906 0.60062442 0.54400992
0.56586846 0.59633152 0.53783573
0.56008682 0.59205274 0.53166973
0.55431787 0.58778587 0.52551775
0.54855236 0.58353527 0.51936592
0.54280338 0.57929413 0.51323288
0.53706976 0.57506337 0.50711053
0.53134142 0.57084699 0.50099149
0.52562936 0.56664001 0.49488381
0.51992304 0.5624466  0.48877977
0.5142303  0.55826316 0.4826849 
0.50854525 0.55409187 0.47659498
0.5028717  0.5499308  0.47051288
0.49720791 0.5457804  0.46443733
0.49155342 0.54164054 0.45836798
0.48591048 0.53751001 0.45230643
0.48027479 0.53339025 0.44624954
0.47465226 0.52927856 0.4402016 
0.46903509 0.52517781 0.4341569 
0.46343254 0.52108395 0.42812214
0.4578336  0.51700109 0.42208932
0.45225056 0.51292403 0.4160673 
0.44667019 0.50885772 0.41004648
0.44110559 0.50479667 0.40403628
0.43554387 0.50074564 0.39802738
0.42999684 0.4966997  0.39202824
0.42445327 0.49266292 0.38603072
0.41892353 0.48863097 0.38004225
0.41339759 0.48460739 0.37405555
0.40788487 0.48058827 0.36807735
0.40237602 0.47657684 0.36210087
0.39688001 0.4725694  0.35613248
0.39138769 0.46856905 0.35016557
0.38590811 0.46457212 0.34420651
0.38043175 0.46058177 0.33824844
0.37496829 0.45659415 0.33229818
0.3695073  0.45261271 0.32634819
0.36405966 0.44863319 0.32040613
0.35861339 0.44465956 0.31446337
0.35318126 0.44068691 0.30852884
0.34774909 0.43671994 0.30259237
0.34233212 0.43275293 0.2966646 
0.33691495 0.42879091 0.2907345 
0.33151119 0.42482883 0.28481149
0.32610868 0.42087048 0.27888684
0.32071738 0.41691212 0.27296733
0.31532916 0.41295614 0.26704705
0.30994952 0.40900031 0.2611296 
0.3045752  0.40504534 0.25521244
0.29920613 0.40109089 0.24929499
0.29384475 0.39713577 0.24337859
0.28848522 0.39318145 0.23745906
0.28313679 0.3892246  0.23154242
0.27778687 0.38526876 0.22561952
0.27245002 0.38130899 0.21969994
0.26711224 0.37734919 0.21377346
0.26178276 0.37338612 0.20784586
0.25645634 0.36942093 0.2019127 
0.25113216 0.36545343 0.19597215
0.24581587 0.36148148 0.19002788
0.24049689 0.35750768 0.18407167
0.2351899  0.35352734 0.17811253
0.22988039 0.34954411 0.1721393 
0.22457564 0.34555545 0.16615536
0.21927354 0.34156147 0.16015707
0.21396849 0.3375631  0.15413964
0.20867352 0.33355632 0.14810996
0.20336557 0.32954632 0.14205698
0.19804516 0.32553154 0.1359936 
0.19271049 0.32151169 0.12991699
0.18735328 0.31748873 0.12380406
0.18198265 0.31345843 0.11768297
0.17658722 0.30942337 0.11152799
0.17116492 0.3053832  0.10533006
0.16571094 0.30133781 0.09908509
0.16023418 0.29728327 0.0928144 
0.15471396 0.29322413 0.08647018
0.14915267 0.28915813 0.08005512
0.14354061 0.28508597 0.07355017
0.13787164 0.28100717 0.06694126
0.13214168 0.2769205  0.06021862
0.12633674 0.2728269  0.05334634
0.12044061 0.26872726 0.04628042
0.11444247 0.2646204  0.0389836 
0.10831065 0.26050908 0.03184477
0.10201218 0.25639499 0.0252099 
0.09549098 0.25228208 0.01907425
0.08867237 0.2481741  0.01347371
0.08140232 0.24408268 0.00844374
0.07334864 0.24003097 0.00419105
0.064021   0.23602318 0.00168243
0.05606978 0.23172524 0.00142971
0.04871645 0.22730338 0.00145242
0.04094755 0.22287017 0.00144508
0.03294501 0.21842486 0.00140799
0.02531975 0.2139673  0.00135063
0.0180388  0.2094992  0.00130777
