0.07609114 0.19843894 0.1809582 
0.07702947 0.20334377 0.18622543
0.07794491 0.20823891 0.19148238
0.07879803 0.21313018 0.19673949
0.07956889 0.21802056 0.20200193
0.0802426  0.22291218 0.20727333
0.08083533 0.22780326 0.21254997
0.08134067 0.23269482 0.21783344
0.08174642 0.23758847 0.2231264 
0.08203298 0.24248654 0.22843287
0.08221538 0.24738728 0.23374926
0.08228894 0.25229119 0.23907624
0.08224865 0.25719878 0.24441445
0.0820742  0.26211208 0.24976738
0.08176375 0.267031   0.25513463
0.08132087 0.27195489 0.26051471
0.08073335 0.27688464 0.26590902
0.0800208  0.28181801 0.27131311
0.07915274 0.28675753 0.27673148
0.07806445 0.29170842 0.2821737 
0.07680637 0.29666528 0.2876294 
0.07539764 0.30162587 0.29309412
0.07373371 0.30659801 0.29858238
0.07183392 0.31157875 0.30408845
0.06973215 0.31656433 0.30960495
0.06730707 0.32156224 0.31514586
0.06477248 0.32655435 0.32069713
0.06183249 0.33155958 0.32629122
0.05869746 0.33656131 0.3319082 
0.05522039 0.34156673 0.33756387
0.05134979 0.34657616 0.34325809
0.04694602 0.35159266 0.34900521
0.0420709  0.35660817 0.3547978 
0.03673243 0.36161904 0.36064111
0.03126641 0.36662227 0.36654428
0.02587935 0.37160987 0.37251454
0.02074303 0.37657314 0.37856496
0.01594853 0.38150496 0.38473496
0.01259986 0.38635439 0.3910358 
0.01265122 0.39103321 0.39749378
0.02213642 0.39529993 0.40388819
0.04480375 0.39906621 0.40953449
0.06856392 0.40262392 0.41443347
0.08900098 0.40612365 0.41893075
0.10667265 0.40962731 0.42323059
0.12267371 0.41311971 0.42737915
0.13730551 0.41661749 0.43143635
0.1508644  0.42012501 0.4354297 
0.16357778 0.42364267 0.4393758 
0.17560704 0.42717057 0.44328675
0.18716618 0.43069612 0.44715474
0.19823048 0.43423359 0.45100201
0.20887406 0.4377828  0.45483434
0.21916869 0.44134176 0.45865178
0.22916927 0.44490986 0.46244712
0.23890659 0.44848793 0.46622443
0.24840565 0.4520767  0.46998975
0.25769005 0.45567679 0.47374437
0.26679447 0.45928699 0.47747798
0.27572541 0.46290903 0.48120006
0.28449939 0.46654279 0.48491391
0.29312771 0.47018927 0.48861883
0.30163566 0.47384682 0.49230554
0.31001876 0.47751772 0.49598762
0.31828867 0.4812018  0.49966558
0.32646318 0.48489821 0.50332913
0.33454122 0.48860837 0.50698711
0.34252932 0.49233225 0.51064346
0.35043629 0.4960701  0.51429243
0.35827011 0.49982158 0.51793381
0.36602982 0.50358762 0.52157628
0.37372104 0.50736868 0.52521602
0.38135488 0.51116365 0.52884824
0.38892649 0.514974   0.53248421
0.3964414  0.5187999  0.53611982
0.40390922 0.52264037 0.53974998
0.4113248  0.52649678 0.54338619
0.41869353 0.53036928 0.54702279
0.42602209 0.53425714 0.55065767
0.43330636 0.53816149 0.55430082
0.44055389 0.542082   0.55794298
0.44776474 0.54601902 0.56158906
0.45493755 0.54997315 0.56524559
0.46208445 0.55394301 0.56889763
0.46919534 0.55793088 0.57256103
0.47627627 0.561936   0.57623239
0.48333394 0.56595775 0.57990423
0.49036163 0.56999756 0.58358995
0.49736668 0.5740549  0.5872789 
0.50434731 0.57813029 0.59097774
0.51130368 0.58222403 0.59468949
0.51824407 0.58633516 0.59840293
0.5251606  0.59046531 0.60213346
0.5320604  0.59461385 0.60586987
0.53894125 0.59878136 0.60961941
0.54580427 0.60296796 0.61338274
0.55265473 0.6071731  0.61715282
0.55948608 0.61139821 0.62094302
0.56630851 0.61564192 0.62473743
0.57311331 0.61990612 0.62855218
0.5799154  0.62418742 0.63237377
0.5867097  0.62848655 0.63621695
0.59350413 0.6328015  0.64007797
0.60027452 0.63714005 0.64397054
0.60705322 0.64149272 0.64787753
0.6138187  0.64586652 0.65181126
0.620578   0.65025967 0.65576839
0.6273415  0.65466932 0.65974366
0.63408551 0.65910328 0.66375074
0.64083021 0.66355561 0.66777891
0.6475756  0.66802667 0.67182863
0.65431358 0.67251941 0.67590493
0.66103838 0.67703608 0.6800116 
0.66776975 0.68157072 0.68413793
0.67449666 0.68612723 0.68829062
0.68122201 0.69070504 0.6924685 
0.687934   0.69530839 0.69667881
0.69464166 0.69993473 0.70091687
0.70134522 0.70458433 0.70518301
0.70804409 0.70925779 0.70947804
0.7147374  0.71395575 0.71380293
0.72142391 0.71867901 0.71815888
0.72809402 0.72343116 0.72255197
0.73474918 0.72821213 0.72698187
0.7414009  0.73301843 0.73144231
0.74801633 0.73786156 0.7359531 
0.7546045  0.7427389  0.74050948
0.76110021 0.74763331 0.74510335
0.7565501  0.74215168 0.7386454 
0.75188932 0.73678703 0.73134104
0.74729392 0.731436   0.72392651
0.74275351 0.7260993  0.71643027
0.73825555 0.72077799 0.70888697
0.73379843 0.71547189 0.70130027
0.72936989 0.7101821  0.69370405
0.72498181 0.70490693 0.68606375
0.72062024 0.69964769 0.67841808
0.71628716 0.69440387 0.67076058
0.71198181 0.68917528 0.66309258
0.70770362 0.68396168 0.65541482
0.70345279 0.67876276 0.64772587
0.69922653 0.67357859 0.64003288
0.69502409 0.66840899 0.63233712
0.69084737 0.66325342 0.62463228
0.68669339 0.658112   0.6169261 
0.68256107 0.65298458 0.60922073
0.67845058 0.64787089 0.60151489
0.67436101 0.64277077 0.59381034
0.6702905  0.63768365 0.58611745
0.66624917 0.63260615 0.57842371
0.66223902 0.62753736 0.57072585
0.65825396 0.62247853 0.56303357
0.65429275 0.61742967 0.5553485 
0.65035425 0.61239075 0.54767204
0.64644739 0.60735931 0.53998625
0.64256173 0.60233762 0.53230997
0.63869607 0.5973257  0.52464472
0.63485451 0.5923223  0.51698116
0.63103736 0.58732691 0.50931916
0.62723904 0.58234082 0.50166665
0.62345795 0.57736405 0.49402729
0.61970405 0.57239376 0.48638039
0.61596639 0.56743258 0.47874537
0.61224268 0.5624807  0.4711274 
0.60854551 0.55753458 0.46349993
0.60486209 0.55259736 0.45588651
0.60119272 0.5476686  0.4482868 
0.597546   0.54274569 0.44068248
0.59391064 0.53783148 0.43309412
0.59029256 0.53292402 0.42550932
0.58669022 0.52802336 0.41793122
0.58309694 0.52313118 0.41037077
0.57952495 0.5182437  0.40280287
0.57596262 0.51336395 0.39524944
0.57241158 0.5084911  0.38770677
0.56887633 0.50362357 0.38016466
0.56534649 0.49876415 0.37264232
0.56183585 0.49390842 0.36511098
0.55833078 0.48906015 0.35759685
0.55483768 0.48421711 0.35008581
0.55135416 0.47937968 0.34258194
0.54787591 0.47454891 0.33509243
0.54441216 0.46972163 0.32759682
0.54094898 0.4649019  0.32012238
0.53750202 0.46008444 0.3126353 
0.53405513 0.4552741  0.30516755
0.53061959 0.45046692 0.29769402
0.5271866  0.44566544 0.29023149
0.52376068 0.44086786 0.28276861
0.52033913 0.43607475 0.2753093 
0.51692056 0.43128624 0.26785476
0.51350771 0.42650109 0.26039667
0.51009521 0.42172082 0.25294445
0.50668912 0.41694299 0.24548237
0.50328081 0.41217029 0.23802688
0.49987905 0.40739927 0.2305556 
0.49647299 0.40263348 0.2230898 
0.49307312 0.39786878 0.21560241
0.48966736 0.39310925 0.20811732
0.48626691 0.38835038 0.20060464
0.48287112 0.38359238 0.19305405
0.4794761  0.37883219 0.18554378
0.47610312 0.37406502 0.17794771
0.47272893 0.36929486 0.17039998
0.46937864 0.36451579 0.16274809
0.46602737 0.35973238 0.15513874
0.46269595 0.35493928 0.14744115
0.45937899 0.35013597 0.13969902
0.4560738  0.34532243 0.13191969
0.45278949 0.3404957  0.1240307 
0.44951411 0.33565717 0.11611528
0.44626192 0.33080089 0.10809552
0.44302952 0.3259276  0.09995343
0.43983091 0.32102915 0.09164132
0.43664718 0.31611035 0.08325396
0.43349502 0.31116325 0.07468278
0.43038563 0.30617987 0.06587776
0.42731904 0.30115684 0.05682395
0.4243052  0.29608533 0.04747464
0.42135222 0.29095646 0.03779393
0.41844355 0.28577047 0.02888035
0.41558025 0.28052255 0.02122308
0.41269869 0.27523996 0.01511491
0.40970045 0.26997882 0.01062562
0.40646783 0.26481189 0.00777322
0.40298396 0.25976705 0.00599249
0.39924953 0.25485113 0.00510735
0.3953204  0.25004193 0.00470619
0.39123557 0.24532012 0.0046311 
0.38702369 0.24067112 0.00477313
0.38270872 0.23608203 0.00505654
0.37830983 0.23154205 0.00542892
0.37384209 0.22704238 0.00585384
0.36931539 0.22257777 0.00628848
0.36472962 0.21814465 0.00683708
0.36013368 0.21371501 0.00731877
0.35552952 0.20928597 0.0077596 
0.35091608 0.20485775 0.00815493
0.34629227 0.20043062 0.00850009
0.34165706 0.19600476 0.00879198
0.33701078 0.19157874 0.00904249
0.33235326 0.18715164 0.00925775
0.32768332 0.18272368 0.00943342
0.32300021 0.17829455 0.00956991
0.31830322 0.17386383 0.00966862
0.31359162 0.16943108 0.00973096
0.30886488 0.16499553 0.00976052
0.30412278 0.16055602 0.00976365
0.29936348 0.15611326 0.00973206
0.29458553 0.15166742 0.00966214
0.28979064 0.1472147  0.00957813
0.28497478 0.14275833 0.00945437
0.28014009 0.1382937  0.00931861
0.27528385 0.13382225 0.00915753
0.2704073  0.12934017 0.0089906 
0.26551726 0.12483598 0.00887837
