0.07703925 0.19831021 0.18071823
0.07789457 0.20322835 0.18601044
0.0788177  0.20812441 0.1912692 
0.0796834  0.21301599 0.19652695
0.08045803 0.21790787 0.20179221
0.08118269 0.22279515 0.2070555 
0.08176988 0.22768906 0.21233739
0.0822912  0.23258086 0.21762123
0.08271557 0.23747454 0.22291414
0.08303433 0.24237121 0.22821788
0.08324614 0.24727104 0.23353245
0.08334051 0.25217519 0.2388597 
0.08331654 0.25708364 0.24419932
0.08317038 0.26199666 0.24955156
0.08289507 0.26691481 0.25491714
0.0824843  0.27183846 0.26029653
0.08194772 0.27676635 0.26568712
0.08127784 0.28169896 0.27108951
0.0804114  0.28664182 0.27651388
0.07937995 0.29159124 0.28195305
0.07818293 0.29654665 0.28740574
0.07683237 0.30150643 0.29286863
0.07519967 0.30648045 0.29836014
0.07336247 0.31146097 0.30386546
0.07135045 0.31644476 0.30937824
0.0689759  0.32144449 0.31492228
0.06649318 0.32643904 0.32047241
0.06360189 0.3314476  0.32606666
0.06062385 0.33644595 0.33167652
0.057251   0.34145286 0.33732782
0.05342994 0.34646775 0.3430252 
0.04915912 0.35148646 0.34876769
0.04457382 0.356498   0.35454707
0.03947841 0.3615076  0.36037982
0.03401273 0.36651386 0.36627567
0.02844157 0.37151257 0.37224673
0.02314342 0.3764859  0.37829424
0.01837794 0.38142057 0.38444106
0.0146015  0.38629303 0.39072804
0.01392538 0.39100859 0.39716523
0.02135438 0.39536225 0.40362242
0.04285706 0.39917301 0.40939334
0.06674705 0.40274479 0.41437881
0.08732931 0.40625397 0.41892933
0.10529516 0.40975057 0.42324762
0.12131744 0.41325384 0.4274264 
0.13608893 0.41674945 0.4314939 
0.14976105 0.42025443 0.43549511
0.16256699 0.42376954 0.43944744
0.17473184 0.4272877  0.44335371
0.18634914 0.43081149 0.44722582
0.19744767 0.43434952 0.45107863
0.20813848 0.43789654 0.45491429
0.21847265 0.44145369 0.4587351 
0.22851678 0.44501904 0.46252838
0.23828572 0.4485953  0.46630873
0.2478157  0.45218186 0.47007659
0.25712823 0.45577993 0.47383216
0.26626111 0.45938775 0.47756518
0.27521497 0.46300783 0.48128949
0.28400982 0.46663973 0.48500547
0.2926631  0.47028361 0.48870786
0.30118898 0.47393935 0.49239647
0.30959075 0.47760808 0.49607988
0.31787668 0.48129034 0.49975923
0.32607082 0.48498427 0.5034202 
0.33416322 0.4886926  0.50707943
0.34216477 0.49241471 0.51073692
0.35008895 0.49615009 0.51438299
0.35793488 0.49989983 0.5180253 
0.36570649 0.50366407 0.52166846
0.37341242 0.50744281 0.52530532
0.38105683 0.51123608 0.5289381 
0.3886393  0.51504456 0.5325743 
0.39616675 0.51886834 0.5362071 
0.40364392 0.52270715 0.53983752
0.41106881 0.52656184 0.54347377
0.41844903 0.5304322  0.54710739
0.42578594 0.53431845 0.55074225
0.4330783  0.5382212  0.55438527
0.44033639 0.5421396  0.55802434
0.44755475 0.54607506 0.56167013
0.4547354  0.55002755 0.56532549
0.46189032 0.55399574 0.56897563
0.469009   0.55798184 0.57263812
0.47609788 0.56198526 0.57630682
0.48316197 0.56600552 0.57997802
0.49019594 0.57004386 0.58366301
0.49720903 0.57409934 0.58734894
0.50419555 0.57817331 0.59104695
0.51115871 0.58226546 0.59475608
0.51810468 0.5863752  0.59846857
0.52502667 0.59050397 0.60219808
0.53193333 0.59465081 0.60593158
0.53881933 0.59881698 0.60968002
0.5456882  0.60300211 0.61344078
0.55254355 0.60720595 0.61720968
0.55937969 0.61142976 0.62099864
0.56620751 0.61567208 0.62479052
0.57301736 0.61993487 0.62860369
0.57982261 0.6242154  0.63242383
0.58662287 0.6285129  0.63626403
0.59342035 0.63282707 0.6401236 
0.60019639 0.63716405 0.6440133 
0.60698002 0.64151533 0.64791777
0.61374766 0.64588858 0.65185048
0.6205122  0.65028022 0.65580487
0.62728075 0.65468839 0.65977748
0.63402638 0.65912194 0.66378379
0.64077593 0.66357283 0.66780937
0.64752518 0.66804274 0.67185703
0.65426559 0.67253478 0.67593206
0.66099471 0.67705013 0.68003638
0.66772964 0.68158368 0.68416076
0.6744599  0.68613916 0.68831162
0.6811884  0.690716   0.69248776
0.68790296 0.69531856 0.69669666
0.69461378 0.69994389 0.70093295
0.70132043 0.70459252 0.70519735
0.7080223  0.70926501 0.70949068
0.71471854 0.71396202 0.71381391
0.7214079  0.71868435 0.71816822
0.72808123 0.72343544 0.72255945
0.734739   0.72821555 0.72698784
0.74139345 0.73302095 0.73144669
0.74801082 0.73786342 0.73595635
0.75460135 0.74273997 0.74051134
0.76109925 0.74763364 0.74510392
0.7570054  0.741905   0.73925315
0.75335749 0.73598786 0.73332409
0.74984314 0.73004599 0.72736888
0.74640842 0.72409835 0.72140747
0.74304734 0.7181465  0.71544162
0.73974527 0.71219524 0.70947642
0.73650361 0.70624346 0.70351082
0.7332953  0.70030072 0.69755485
0.73012937 0.69436317 0.69160458
0.72700202 0.68843172 0.68566105
0.72391009 0.68250709 0.67972507
0.72085089 0.67658982 0.67379727
0.71782209 0.67068032 0.66787817
0.71481874 0.66478005 0.66196935
0.71183468 0.65889097 0.65607288
0.70887643 0.6530101  0.65018578
0.70595534 0.6471325  0.64430305
0.70305203 0.64126533 0.63843212
0.70015887 0.63541122 0.63257577
0.69728742 0.62956515 0.62672891
0.69444483 0.62372377 0.62088821
0.69161145 0.61789457 0.61506141
0.68878734 0.61207715 0.60924815
0.68599534 0.60626168 0.60343852
0.68320416 0.60046063 0.59764528
0.68043163 0.59466619 0.59186058
0.67767717 0.58887812 0.58608429
0.67491761 0.58310585 0.58032554
0.67217895 0.577339   0.57456292
0.66944592 0.57158295 0.56880935
0.66672522 0.56583473 0.56305812
0.66401524 0.56009455 0.55730995
0.66130816 0.55436514 0.55157063
0.65861646 0.54864113 0.54582877
0.65592503 0.54292807 0.54009756
0.65324666 0.53722046 0.53436457
0.65057017 0.53152235 0.52863949
0.64790012 0.5258315  0.52291744
0.64523552 0.52014788 0.51719871
0.6425704  0.5144736  0.5114879 
0.63991366 0.50880448 0.5057763 
0.63725174 0.50314578 0.50007628
0.63460112 0.4974901  0.4943715 
0.63194365 0.49184473 0.48867874
0.62929288 0.48620341 0.48298435
0.62663722 0.48057073 0.47729896
0.6239838  0.47494312 0.47161502
0.6213272  0.46932251 0.46593726
0.61866883 0.46370784 0.46026371
0.61600858 0.45809868 0.45459387
0.61334286 0.45249622 0.44893071
0.61067579 0.44689809 0.44326936
0.60800026 0.44130712 0.43761666
0.60532432 0.43571902 0.43196381
0.60263717 0.43013844 0.42632132
0.59994976 0.42455961 0.42067728
0.59724876 0.41898851 0.41504497
0.59454728 0.41341817 0.4094101 
0.59183021 0.40785556 0.40378799
0.58911211 0.40229286 0.39816264
0.58637676 0.39673773 0.39255075
0.58363947 0.39118177 0.3869353 
0.58088361 0.38563302 0.38133368
0.57812461 0.38008283 0.37572852
0.57534601 0.37453932 0.37013725
0.57256276 0.36899387 0.3645428 
0.56975919 0.36345435 0.35896196
0.56694915 0.35791252 0.35337865
0.56411835 0.35237566 0.34780836
0.56127899 0.34683624 0.34223666
0.55841869 0.34130062 0.33667706
0.55554747 0.33576228 0.33111744
0.55265537 0.33022634 0.32556871
0.54974974 0.32468764 0.32002166
0.5468235  0.31914968 0.314484  
0.54388091 0.31360903 0.30895004
0.54091789 0.30806738 0.30342386
0.53793527 0.30252334 0.29790389
0.53493314 0.29697593 0.29238942
0.5319083  0.29142626 0.28688371
0.52886476 0.28587069 0.28138112
0.52579506 0.28031317 0.27589026
0.52270763 0.27474689 0.27039985
0.51959039 0.26917904 0.26492445
0.5164565  0.26359918 0.25944657
0.5132912  0.25801654 0.25398441
0.51010604 0.25242143 0.24852228
0.50689048 0.24682018 0.24307317
0.50365078 0.24120662 0.23762806
0.50038213 0.23558283 0.23219249
0.49708861 0.22994375 0.22676115
0.49375924 0.22429716 0.22134143
0.49041116 0.21862578 0.21592075
0.48701746 0.21295197 0.21051737
0.48360933 0.20724462 0.20510849
0.48015049 0.20153558 0.19971935
0.47667658 0.1957879  0.19432351
0.47315179 0.19003401 0.18894622
0.46960606 0.18424075 0.1835647 
0.46601449 0.17843033 0.1781965 
0.46239305 0.1725824  0.1728283 
0.45873833 0.16669613 0.16746167
0.45503433 0.16078509 0.16210802
0.45131082 0.15480987 0.15674318
0.44751822 0.1488236  0.15140462
0.44370058 0.14276752 0.14605585
0.43984851 0.13664496 0.14070176
0.43593232 0.1304868  0.13536597
0.43198381 0.12424221 0.13001969
0.42799959 0.11790367 0.12466259
0.42394636 0.1115074  0.11932071
0.4198504  0.10500145 0.11396746
0.41570849 0.09837274 0.10860175
0.41151423 0.09161067 0.10322462
0.40726539 0.08469429 0.09783081
0.40295935 0.07759792 0.09241347
0.39859283 0.07028972 0.08696358
0.39416164 0.06272978 0.08146903
0.38967045 0.05484324 0.07589685
0.38508014 0.04664467 0.07023631
0.38038735 0.03805656 0.06438685
0.37545895 0.03013275 0.05817402
0.36945698 0.02564774 0.05214539
0.36254346 0.02372185 0.04760344
0.3556035  0.02188607 0.04309946
0.34865723 0.02008758 0.03856727
0.34170605 0.01832075 0.03421711
0.33473955 0.01661357 0.0301315 
