0.00627597 0.08977184 0.09770948
0.00745899 0.09319451 0.10086264
0.0087291  0.0965933  0.10400028
0.0100511  0.09997691 0.10712128
0.01142524 0.10334596 0.11022639
0.01284753 0.1067019  0.11331612
0.01431778 0.11004533 0.11639111
0.01583524 0.11337693 0.11945197
0.01739973 0.11669721 0.12249928
0.01900795 0.12000724 0.12553347
0.02065926 0.12330754 0.12855505
0.02235876 0.12659765 0.13156474
0.02409511 0.12987984 0.13456257
0.02587921 0.13315268 0.13754945
0.02770093 0.13641813 0.14052542
0.02956469 0.13967581 0.14349108
0.03147111 0.14292595 0.14644686
0.03341656 0.14616937 0.14939301
0.0353984  0.14940672 0.1523298 
0.03741987 0.15263779 0.15525772
0.03948034 0.15586293 0.15817709
0.04155043 0.15908257 0.16108818
0.04358617 0.162297   0.1639913 
0.04559783 0.16550654 0.16688672
0.04758619 0.16871151 0.16977471
0.04955215 0.17191218 0.17265553
0.05149653 0.17510881 0.17552943
0.05342023 0.17830162 0.17839668
0.05532422 0.18149083 0.1812575 
0.05720896 0.1846767  0.18411214
0.05907512 0.18785942 0.1869608 
0.06092388 0.19103913 0.18980373
0.06275509 0.19421614 0.19264112
0.06457028 0.19739049 0.19547319
0.06636931 0.20056246 0.19830013
0.06815282 0.20373221 0.20112214
0.06991669 0.20690057 0.20393919
0.07166587 0.21006705 0.20675166
0.07340098 0.2132318  0.20955974
0.0751226  0.21639493 0.21236361
0.07683154 0.21955653 0.21516345
0.07852294 0.22271751 0.21795919
0.08020798 0.2258767  0.22074869
0.08188276 0.22903481 0.22353225
0.08354755 0.23219199 0.22631003
0.0852024  0.23534841 0.22908201
0.08684677 0.2385044  0.23184759
0.08848185 0.24165984 0.23460782
0.09010786 0.24481487 0.23736282
0.09172502 0.24796961 0.24011275
0.09333241 0.25112443 0.24285671
0.09493121 0.25427923 0.24559571
0.09652172 0.25743409 0.24833002
0.09810415 0.26058912 0.25105975
0.09967755 0.26374468 0.25378403
0.10124297 0.26690067 0.25650376
0.10280087 0.27005714 0.25921926
0.10435137 0.2732142  0.26193067
0.10589326 0.27637225 0.2646369 
0.10742789 0.27953112 0.26733914
0.10895552 0.28269086 0.27003759
0.11047607 0.28585164 0.27273217
0.11198859 0.28901378 0.27542203
0.11349449 0.29217708 0.27810841
0.11499403 0.29534162 0.28079144
0.1164864  0.29850767 0.28347048
0.11797175 0.30167533 0.28614564
0.11945096 0.3048445  0.28881773
0.12092417 0.30801525 0.29148683
0.12238987 0.31118804 0.29415159
0.12384985 0.31436257 0.29681353
0.12530415 0.31753893 0.29947277
0.12675187 0.32071742 0.30212852
0.12819331 0.32389807 0.30478105
0.12962949 0.32708076 0.30743115
0.13105998 0.33026567 0.31007854
0.13248374 0.33345312 0.31272238
0.13390247 0.33664283 0.31536402
0.13531627 0.33983488 0.31800357
0.13672324 0.34302977 0.32063949
0.13812524 0.34622717 0.32327336
0.13952266 0.34942709 0.32590539
0.14091379 0.35262999 0.32853429
0.14229978 0.35583569 0.33116105
0.14368146 0.35904412 0.33378619
0.14505729 0.36225567 0.33640862
0.146428   0.36547028 0.3390289 
0.1477946  0.3686878  0.34164779
0.14915561 0.37190862 0.34426425
0.15051163 0.37513271 0.34687866
0.15186365 0.37835993 0.34949188
0.15321025 0.38159064 0.35210286
0.15455217 0.38482478 0.354712  
0.15589014 0.38806225 0.35732013
0.15722291 0.3913034  0.35992612
0.15855109 0.39454818 0.36253052
0.15987559 0.39779644 0.36513414
0.16119486 0.40104862 0.36773559
0.16250977 0.40430457 0.37033582
0.16382149 0.40756413 0.37293549
0.16512741 0.41082792 0.37553282
0.16642987 0.41409552 0.37812945
0.16772885 0.41736698 0.38072555
0.16902227 0.42064284 0.38331935
0.17031245 0.42392264 0.38591287
0.17159892 0.42720658 0.38850559
0.17288029 0.43049499 0.3910966 
0.17415888 0.43378746 0.39368756
0.17543286 0.43708444 0.39627727
0.17670292 0.44038585 0.39886604
0.17797002 0.44369155 0.4014549 
0.17923216 0.44700203 0.40404203
0.18049101 0.45031698 0.40662902
0.18174685 0.45363643 0.4092159 
0.18299761 0.45696087 0.41180121
0.1842459  0.46028981 0.41438695
0.1854901  0.46362365 0.41697184
0.18673038 0.46696241 0.41955618
0.18796859 0.47030579 0.42214116
0.18920135 0.47365453 0.42472444
0.19043183 0.47700804 0.42730833
0.19165892 0.48036661 0.42989205
0.19288169 0.48373049 0.43247501
0.19410268 0.48709923 0.43505891
0.19531869 0.49047352 0.43764161
0.19653216 0.49385294 0.44022487
0.1977428  0.49723761 0.4428084 
0.19894905 0.50062789 0.44539124
0.52522067 0.43078967 0.094313  
0.52824628 0.4339023  0.09465863
0.53127457 0.43701984 0.09499572
0.53430559 0.44014237 0.09532299
0.53733936 0.44326999 0.09563923
0.54037591 0.44640279 0.09594386
0.54341533 0.44954075 0.0962378 
0.54645768 0.45268386 0.09652347
0.54950298 0.45583226 0.09679797
0.55255126 0.45898604 0.09706061
0.55560259 0.46214519 0.09731207
0.55865698 0.46530982 0.09755168
0.56171457 0.46847983 0.09778312
0.56477532 0.47165541 0.09800237
0.56783929 0.4748366  0.09820991
0.57090652 0.47802347 0.09840506
0.57397706 0.48121604 0.09858827
0.577051   0.48441429 0.09876179
0.58012833 0.48761835 0.09892361
0.58320912 0.49082827 0.09907325
0.58629337 0.49404412 0.09920996
0.58938117 0.49726595 0.09933422
0.59247253 0.5004938  0.09944561
0.59556752 0.50372767 0.09954619
0.59866619 0.50696764 0.09963488
0.60176856 0.51021379 0.09971032
0.60487465 0.5134662  0.09977212
0.60798453 0.51672489 0.09982072
0.61109823 0.51998992 0.09985586
0.61421578 0.52326137 0.09987694
0.61733726 0.5265392  0.09988609
0.62046269 0.52982352 0.09988222
0.6235921  0.53311439 0.09986411
0.62672552 0.53641189 0.09983142
0.629863   0.53971605 0.09978423
0.63300458 0.54302693 0.09972232
0.63615029 0.54634459 0.09964562
0.63930017 0.54966908 0.0995537 
0.64245425 0.55300047 0.09944638
0.64561259 0.55633877 0.09932448
0.64877523 0.55968405 0.09918797
0.65194219 0.56303637 0.09903554
0.6551135  0.56639581 0.09886694
0.6582892  0.56976241 0.0986819 
0.66146932 0.57313625 0.09848   
0.6646539  0.57651737 0.09826111
0.66784298 0.57990583 0.098025  
0.67103658 0.5833017  0.09777136
0.67423474 0.58670501 0.09749993
0.6774375  0.59011584 0.09721043
0.68064488 0.59353426 0.09690228
0.68385691 0.59696031 0.09657535
0.68707363 0.60039405 0.09622931
0.69029508 0.60383554 0.09586382
0.69352127 0.60728485 0.09547851
0.69675225 0.61074204 0.09507301
0.69998804 0.61420716 0.09464685
0.70322868 0.61768028 0.09419968
0.70647417 0.62116146 0.09373098
0.70972455 0.62465078 0.09323991
0.71297985 0.62814829 0.09272627
0.71624011 0.63165404 0.09218969
0.71950534 0.63516812 0.09162967
0.72277555 0.63869058 0.09104518
0.72605079 0.6422215  0.0904357 
0.72933107 0.64576093 0.08980098
0.73261641 0.64930896 0.08913968
0.73590353 0.65286703 0.08845834
0.73919042 0.65643603 0.08776285
0.74247683 0.66001615 0.0870519 
0.74576255 0.6636075  0.08632854
0.74904706 0.66721035 0.08559578
0.75233056 0.67082471 0.08485054
0.75561275 0.67445081 0.08409141
0.75889351 0.67808873 0.08332055
0.76217254 0.6817387  0.08253678
0.76544963 0.68540085 0.0817412 
0.76872409 0.68907545 0.08094123
0.77199572 0.69276269 0.08013653
0.77526453 0.69646267 0.07932207
0.77853026 0.70017557 0.07849925
0.78179262 0.70390158 0.07766874
0.7850502  0.70764114 0.07684869
0.78830367 0.71139424 0.07602414
0.79155267 0.71516108 0.07519613
0.79479633 0.71894201 0.07437425
0.79803392 0.72273731 0.07356601
0.80126578 0.72654706 0.07276015
0.80449094 0.73037161 0.07196753
0.80770842 0.73421135 0.07119915
0.81091874 0.73806628 0.07044124
0.81412009 0.74193697 0.06971851
0.81731259 0.74582358 0.06902108
0.8204955  0.74972639 0.06835792
0.82366761 0.75364587 0.06774257
0.82682889 0.75758218 0.06716643
0.82997763 0.76153587 0.06665626
0.83311391 0.76550709 0.06620115
0.83623599 0.76949644 0.06582267
0.83934333 0.77350419 0.06552463
0.84243526 0.77753067 0.06530953
0.84550949 0.78157659 0.06521118
0.84856617 0.7856421  0.06521417
0.85160367 0.78972776 0.06533885
0.85462009 0.79383414 0.06561477
0.85761481 0.79796163 0.0660328 
0.86058661 0.80211061 0.06661084
0.86353368 0.80628173 0.06736231
0.86645406 0.81047554 0.06831588
0.86934674 0.81469243 0.06947378
0.87221013 0.81893291 0.07084839
0.87504241 0.82319757 0.07245259
0.87786213 0.82747998 0.07414305
0.88068511 0.8317746  0.07581677
0.88351144 0.83608149 0.0774748 
0.8863419  0.84040037 0.07912164
0.88917621 0.84473147 0.08075617
0.89201285 0.84907562 0.08237099
0.89485455 0.85343162 0.08398037
0.89769878 0.85780076 0.08557179
0.90054649 0.8621827  0.0871504 
0.90339806 0.86657735 0.08871835
0.9062528  0.87098515 0.09027251
0.90911046 0.87540631 0.09181191
0.9119705  0.87984117 0.09333426
0.9148323  0.88429013 0.09483688
0.91769339 0.88875442 0.0963084 
0.92052909 0.89324548 0.09763257
