0.1122476  0.06094959 0.00595155
0.11590998 0.06402567 0.00652073
0.11954653 0.06708688 0.00712932
0.12316359 0.07013252 0.00775967
0.12676198 0.07316341 0.00841212
0.13034393 0.0761799  0.00908135
0.13390943 0.07918293 0.00977017
0.1374597  0.08217301 0.01047649
0.14099544 0.08515076 0.01120012
0.14451728 0.08811676 0.0119409 
0.1480267  0.09107133 0.01269478
0.1515234  0.09401524 0.01346542
0.15500848 0.09694881 0.01425005
0.15848222 0.09987257 0.01504952
0.16194576 0.1027868  0.01586043
0.16539885 0.1056921  0.01668604
0.16884237 0.10858876 0.01752398
0.17227719 0.11147703 0.01837157
0.17570319 0.11435741 0.01923122
0.17912084 0.11723022 0.02010235
0.1825306  0.12009577 0.02098408
0.18593295 0.12295435 0.0218755 
0.18932828 0.12580622 0.02277594
0.19271712 0.12865164 0.02368397
0.19609959 0.13149093 0.02460029
0.19947604 0.13432434 0.02552436
0.20284669 0.13715213 0.02645628
0.20621194 0.13997453 0.02739507
0.20957206 0.14279177 0.02834032
0.21292735 0.14560407 0.02929152
0.21627834 0.14841156 0.03024641
0.219625   0.15121454 0.03120644
0.22296759 0.15401319 0.03217111
0.22630637 0.15680771 0.0331399 
0.22964159 0.15959827 0.03411233
0.23297337 0.16238509 0.03508859
0.23630193 0.16516833 0.03606847
0.23962751 0.16794816 0.0370512 
0.2429509  0.17072459 0.03803194
0.24627178 0.17349791 0.03901417
0.24959015 0.17626833 0.039999  
0.25290442 0.17903688 0.04097813
0.25621287 0.18180485 0.04194076
0.2595146  0.18457302 0.04289212
0.26281077 0.18734096 0.04383177
0.26610163 0.19010878 0.04475982
0.26938728 0.19287662 0.0456764 
0.2726677  0.19564469 0.04658176
0.27594181 0.19841378 0.04747671
0.27921095 0.20118334 0.04836071
0.28247523 0.20395353 0.04923385
0.28573471 0.20672447 0.05009635
0.28898914 0.20949648 0.05094849
0.29223785 0.2122701  0.05179088
0.29548197 0.21504488 0.05262302
0.29872157 0.21782096 0.05344507
0.30195674 0.22059845 0.05425715
0.305187   0.22337777 0.05505969
0.30841202 0.22615923 0.05585308
0.31163278 0.22894247 0.05663689
0.31484934 0.23172761 0.05741126
0.31806174 0.23451477 0.05817632
0.32126934 0.23730443 0.05893261
0.32447214 0.24009672 0.05968028
0.32767095 0.24289135 0.06041901
0.33086582 0.24568844 0.06114891
0.3340568  0.24848807 0.06187011
0.33724299 0.25129086 0.06258328
0.34042482 0.25409669 0.06328832
0.3436029  0.25690538 0.06398501
0.34677726 0.25971702 0.06467347
0.34994796 0.26253171 0.06535379
0.35311384 0.26535016 0.06602682
0.35627579 0.26817203 0.06669218
0.35943419 0.27099722 0.06734973
0.3625891  0.27382582 0.0679996 
0.36574054 0.27665792 0.06864188
0.36888703 0.27949439 0.06927766
0.37203007 0.28233457 0.06990609
0.37516976 0.2851785  0.07052729
0.37830614 0.28802627 0.07114132
0.38143894 0.29087811 0.07174852
0.38456717 0.29373463 0.07234956
0.38769219 0.29659523 0.07294384
0.39081404 0.29945998 0.07353132
0.39393275 0.30232896 0.07411221
0.39704759 0.30520264 0.07468703
0.40015845 0.30808116 0.07525601
0.40326627 0.31096413 0.07581864
0.4063711  0.31385163 0.07637506
0.40947296 0.31674371 0.07692534
0.4125705  0.31964116 0.07747045
0.41566479 0.32254352 0.07800989
0.4187562  0.32545069 0.07854345
0.42184479 0.32836271 0.07907131
0.42493022 0.33127985 0.07959369
0.42801143 0.33420271 0.08011154
0.43108991 0.33713064 0.08062388
0.43416568 0.34006369 0.08113088
0.43723878 0.34300193 0.08163262
0.440308   0.34594604 0.08212996
0.443374   0.34889577 0.08262267
0.44643742 0.35185087 0.08311035
0.44949829 0.3548114  0.08359323
0.45255626 0.35777763 0.08407146
0.45561023 0.36075015 0.08454609
0.45866176 0.36372828 0.08501607
0.46171087 0.36671208 0.08548147
0.46475761 0.3697016  0.08594254
0.46780035 0.3726977  0.08640028
0.47084044 0.3756998  0.08685405
0.47387825 0.37870779 0.08730365
0.47691381 0.38172172 0.08774916
0.47994609 0.38474217 0.08819143
0.48297521 0.38776914 0.08863041
0.48600218 0.39080221 0.08906569
0.48902704 0.39384143 0.08949717
0.49204919 0.39688716 0.08992544
0.49506781 0.39993987 0.09035127
0.49808441 0.40299888 0.09077353
0.50109905 0.40606424 0.0911925 
0.5041114  0.40913617 0.09160842
0.50711999 0.41221546 0.09202215
0.5101307  0.41529936 0.0924288 
0.51314376 0.41838793 0.09282491
0.51615923 0.42148123 0.09321046
0.51917719 0.42457919 0.09358875
0.52219766 0.42768198 0.09395641
0.14982894 0.4651253  0.78897015
0.15244875 0.46886153 0.78958004
0.1550885  0.4725902  0.79020973
0.15776187 0.47630876 0.79086654
0.16045219 0.48002083 0.79154175
0.16315865 0.48372686 0.7922348 
0.16589511 0.48742409 0.79295377
0.1686463  0.49111583 0.79369081
0.17141159 0.49480245 0.79444561
0.17420189 0.49848197 0.7952235 
0.17700641 0.50215671 0.79601945
0.17982324 0.50582727 0.79683249
0.18265985 0.50949229 0.79766658
0.18551228 0.51315278 0.79851969
0.18837544 0.51681004 0.79938881
0.19125166 0.52046375 0.80027528
0.1941471  0.52411278 0.80118251
0.19705248 0.52775927 0.80210549
0.19996766 0.53140342 0.80304407
0.20289871 0.53504416 0.80400138
0.20584322 0.53868216 0.80497606
0.20879695 0.5423185  0.80596573
0.21175988 0.54595337 0.80697024
0.21473865 0.54958554 0.80799303
0.21772894 0.5532161  0.80903161
0.22072818 0.55684578 0.81008444
0.22373644 0.56047474 0.81115139
0.22675772 0.56410231 0.81223432
0.22979221 0.5677286  0.81333322
0.23283579 0.57135467 0.8144457 
0.23588862 0.57498066 0.81557163
0.23895088 0.57860668 0.81671089
0.24202765 0.58223183 0.81786594
0.245116   0.58585689 0.81903493
0.24821416 0.58948241 0.82021669
0.2513224  0.59310849 0.82141112
0.25444091 0.59673529 0.8226178 
0.25756996 0.60036293 0.8238365 
0.26071524 0.60399029 0.8250702 
0.26387158 0.60761863 0.82631591
0.26703933 0.61124806 0.82757343
0.27021858 0.61487882 0.8288417 
0.27341005 0.6185108  0.83012151
0.2766142  0.62214405 0.83141283
0.27983123 0.62577877 0.8327147 
0.28306173 0.62941496 0.83402722
0.2863084  0.63305212 0.83535183
0.28956974 0.63669089 0.83668621
0.29284591 0.64033123 0.83803109
0.29613726 0.64397334 0.83938533
0.29944452 0.64761713 0.84074936
0.30276818 0.65126275 0.84212226
0.30610901 0.6549101  0.84350438
0.30946756 0.65855932 0.84489478
0.31284474 0.66221024 0.84629412
0.31624111 0.66586302 0.84770111
0.31965754 0.66951758 0.84911589
0.3230949  0.67317387 0.85053833
0.326554   0.67683191 0.85196774
0.33003573 0.6804917  0.85340359
0.3335411  0.68415312 0.85484585
0.33707252 0.68781582 0.8562947 
0.34063198 0.69147952 0.85775012
0.34421878 0.69514458 0.85921061
0.34783411 0.69881089 0.86067573
0.35147924 0.70247835 0.86214499
0.35515549 0.70614686 0.86361761
0.3588647  0.70981615 0.86509343
0.36261484 0.71348462 0.86657473
0.36640338 0.71715304 0.86805867
0.37023607 0.72082084 0.86954201
0.374115   0.72448753 0.87102558
0.37804932 0.7281514  0.87251006
0.38203118 0.73181401 0.87399354
0.38606149 0.7354751  0.87547657
0.39015183 0.73913254 0.87695946
0.39429476 0.74278763 0.87844172
0.39849045 0.74644039 0.87992241
0.40275222 0.75008814 0.88140343
0.40706865 0.75373308 0.88288272
0.41144882 0.75737335 0.88436137
0.41589282 0.76100883 0.88583933
0.42039933 0.76463968 0.88731628
0.42497704 0.76826411 0.8887929 
0.4296185  0.77188342 0.8902686 
0.43433561 0.77549506 0.89174478
0.43912001 0.77910057 0.89322065
0.44398179 0.78269768 0.89469766
0.44891645 0.78628709 0.89617565
0.45392736 0.78986787 0.89765547
0.45901872 0.79343888 0.89913808
0.46418414 0.79700116 0.90062352
0.46943529 0.80055192 0.90211411
0.47476469 0.80409239 0.90361009
0.48017189 0.80762234 0.90511226
0.48566688 0.81113917 0.90662342
0.49124084 0.81464437 0.90814404
0.49689334 0.81813763 0.9096756 
0.5026284  0.82161756 0.91122065
0.50844443 0.82508405 0.91278084
0.5143362  0.82853776 0.91435784
0.52030214 0.83197857 0.91595371
0.52634391 0.83540559 0.91757103
0.53245835 0.83881902 0.91921204
0.53863937 0.8422198  0.92087841
0.5448837  0.84560822 0.9225724 
0.55118793 0.84898463 0.92429614
0.55755424 0.85234806 0.92605249
0.56397234 0.85570059 0.92784259
0.57043805 0.8590429  0.92966824
0.57693242 0.86238114 0.9315134 
0.58339401 0.86573007 0.93337732
0.58982307 0.86908995 0.93526083
0.59622372 0.87246042 0.93716192
0.60259689 0.87584163 0.9390808 
0.60894412 0.87923359 0.94101723
0.61526341 0.88263692 0.94297357
0.6215598  0.88605105 0.94494686
0.62783638 0.88947571 0.94693553
0.63408609 0.89291236 0.94894572
0.64031786 0.89635972 0.95097134
0.64653006 0.89981832 0.95301434
0.6527236  0.90328824 0.95507468
0.6589026  0.90676898 0.95714978
0.66506474 0.91026118 0.95924207
0.67121408 0.91376433 0.96134893
0.67735789 0.91727734 0.96346508
0.68354906 0.92079081 0.96554815
