0.1122476  0.06094959 0.00595155
0.11590998 0.06402567 0.00652073
0.11954653 0.06708688 0.00712932
0.12316359 0.07013252 0.00775967
0.12676198 0.07316341 0.00841212
0.13034393 0.0761799  0.00908135
0.13390943 0.07918293 0.00977017
0.1374597  0.08217301 0.01047649
0.14099544 0.08515076 0.01120012
0.14451728 0.08811676 0.0119409 
0.1480267  0.09107133 0.01269478
0.1515234  0.09401524 0.01346542
0.15500848 0.09694881 0.01425005
0.15848222 0.09987257 0.01504952
0.16194576 0.1027868  0.01586043
0.16539885 0.1056921  0.01668604
0.16884237 0.10858876 0.01752398
0.17227719 0.11147703 0.01837157
0.17570319 0.11435741 0.01923122
0.17912084 0.11723022 0.02010235
0.1825306  0.12009577 0.02098408
0.18593295 0.12295435 0.0218755 
0.18932828 0.12580622 0.02277594
0.19271712 0.12865164 0.02368397
0.19609959 0.13149093 0.02460029
0.19947604 0.13432434 0.02552436
0.20284669 0.13715213 0.02645628
0.20621194 0.13997453 0.02739507
0.20957206 0.14279177 0.02834032
0.21292735 0.14560407 0.02929152
0.21627834 0.14841156 0.03024641
0.219625   0.15121454 0.03120644
0.22296759 0.15401319 0.03217111
0.22630637 0.15680771 0.0331399 
0.22964159 0.15959827 0.03411233
0.23297337 0.16238509 0.03508859
0.23630193 0.16516833 0.03606847
0.23962751 0.16794816 0.0370512 
0.2429509  0.17072459 0.03803194
0.24627178 0.17349791 0.03901417
0.24959015 0.17626833 0.039999  
0.25290442 0.17903688 0.04097813
0.25621287 0.18180485 0.04194076
0.2595146  0.18457302 0.04289212
0.26281077 0.18734096 0.04383177
0.26610163 0.19010878 0.04475982
0.26938728 0.19287662 0.0456764 
0.2726677  0.19564469 0.04658176
0.27594181 0.19841378 0.04747671
0.27921095 0.20118334 0.04836071
0.28247523 0.20395353 0.04923385
0.23046638 0.21904426 0.23890152
0.23320679 0.22190555 0.24170229
0.23594585 0.2247658  0.24450176
0.23868369 0.22762511 0.24730004
0.24142045 0.23048357 0.25009727
0.24415619 0.23334131 0.25289354
0.24689108 0.23619841 0.25568899
0.24962519 0.23905499 0.25848371
0.25235866 0.24191112 0.26127782
0.25509157 0.24476693 0.26407143
0.25782405 0.24762248 0.26686464
0.26055617 0.25047789 0.26965756
0.26328806 0.25333323 0.27245029
0.26601979 0.25618861 0.27524292
0.2687515  0.25904408 0.27803557
0.27148314 0.26189982 0.2808283 
0.27421491 0.26475583 0.28362123
0.27694693 0.26761221 0.28641446
0.27967924 0.27046904 0.28920807
0.28241196 0.27332641 0.29200217
0.28514518 0.27618438 0.29479684
0.28787897 0.27904304 0.29759217
0.2906134  0.28190246 0.30038825
0.29334857 0.28476273 0.30318516
0.29608435 0.287624   0.30598294
0.29882155 0.29048611 0.30878112
0.30155988 0.2933493  0.31157965
0.30429942 0.29621364 0.31437859
0.30704025 0.2990792  0.31717801
0.30978246 0.30194604 0.31997799
0.31252614 0.30481423 0.32277857
0.31527142 0.30768383 0.32557976
0.31801835 0.3105549  0.32838165
0.32076699 0.31342751 0.33118435
0.32351737 0.31630175 0.3339879 
0.3262696  0.31917766 0.33679237
0.32902376 0.32205532 0.33959781
0.3317799  0.32493478 0.34240429
0.33453811 0.3278161  0.34521185
0.33729847 0.33069935 0.34802055
0.34006103 0.33358458 0.35083045
0.34282595 0.33647184 0.35364154
0.34559324 0.33936119 0.35645393
0.34836294 0.34225271 0.35926767
0.35113515 0.34514644 0.36208283
0.3539099  0.34804246 0.36489944
0.35668731 0.3509408  0.36771756
0.35946741 0.35384154 0.37053724
0.36225029 0.35674471 0.37335852
0.365036   0.35965039 0.37618146
0.36782464 0.36255861 0.3790061 
0.37061623 0.36546944 0.38183248
0.37341089 0.36838293 0.38466065
0.37620865 0.37129913 0.38749066
0.3790096  0.37421808 0.39032256
0.38181378 0.37713986 0.39315638
0.38462129 0.3800645  0.39599218
0.38743217 0.38299207 0.39882998
0.3902465  0.38592259 0.40166984
0.39306434 0.38885614 0.4045118 
0.39588576 0.39179275 0.4073559 
0.39871084 0.39473248 0.41020219
0.40153961 0.39767538 0.41305069
0.40437217 0.40062149 0.41590146
0.40720857 0.40357086 0.41875455
0.41004888 0.40652354 0.42160997
0.41289316 0.40947958 0.42446777
0.41574149 0.41243903 0.42732801
0.41859392 0.41540193 0.43019071
0.42145052 0.41836832 0.43305592
0.42431137 0.42133826 0.43592367
0.42717652 0.42431179 0.43879401
0.43004603 0.42728896 0.44166696
0.43291999 0.43026981 0.44454259
0.43579844 0.43325438 0.44742091
0.43868147 0.43624273 0.45030198
0.44156912 0.43923489 0.45318583
0.44446148 0.44223092 0.4560725 
0.4473586  0.44523085 0.45896203
0.45026057 0.44823472 0.46185445
0.45316752 0.45124256 0.46474974
0.45607943 0.45425443 0.467648  
0.45899638 0.45727038 0.47054928
0.46191843 0.46029045 0.47345361
0.46484565 0.46331469 0.47636105
0.46777811 0.46634312 0.47927162
0.47071587 0.46937581 0.48218538
0.47365899 0.47241278 0.48510236
0.47660755 0.47545409 0.4880226 
0.47956161 0.47849977 0.49094615
0.48252137 0.48154983 0.49387294
0.48548676 0.48460434 0.49680311
0.48845785 0.48766336 0.49973673
0.49143471 0.49072691 0.50267383
0.49441741 0.49379504 0.50561445
0.497406   0.4968678  0.50855865
0.50040056 0.49994522 0.51150648
0.50340117 0.50302735 0.51445794
0.50640801 0.50611418 0.51741301
0.50942101 0.5092058  0.52037184
0.51244023 0.51230225 0.52333448
0.51546575 0.51540357 0.52630098
0.51849762 0.5185098  0.5292714 
0.5215359  0.521621   0.53224579
0.5245807  0.52473718 0.53522416
0.52763218 0.52785835 0.53820649
0.53069026 0.53098462 0.54119293
0.533755   0.534116   0.54418356
0.53682648 0.53725256 0.54717842
0.53990474 0.54039432 0.55017757
0.54298985 0.54354134 0.55318108
0.54608198 0.54669361 0.55618888
0.54918113 0.54985121 0.55920109
0.55228731 0.5530142  0.56221782
0.55540057 0.55618261 0.56523913
0.55852097 0.5593565  0.56826509
0.56164856 0.5625359  0.57129574
0.56478342 0.56572086 0.57433114
0.56792573 0.56891138 0.57737123
0.57107541 0.57210756 0.58041621
0.57423249 0.57530943 0.58346614
0.57739702 0.57851706 0.58652108
0.58056908 0.58173048 0.58958111
0.58374869 0.58494974 0.59264628
0.58693599 0.58817487 0.5957166 
0.59013105 0.59140591 0.5987921 
0.59333382 0.59464293 0.60187294
0.59654434 0.59788599 0.60495918
0.59976267 0.60113514 0.6080509 
0.60298886 0.60439043 0.61114816
0.60622294 0.6076519  0.61425102
0.60946497 0.61091961 0.61735954
0.61271514 0.61419356 0.62047367
0.61597333 0.61747385 0.62359361
0.6192396  0.62076054 0.62671943
0.62251399 0.62405368 0.62985118
0.62579653 0.62735332 0.63298894
0.62908727 0.63065951 0.63613278
0.63238626 0.63397231 0.63928275
0.63569353 0.63729177 0.64243892
0.63900916 0.64061794 0.64560134
0.64233324 0.64395085 0.64877002
0.64566573 0.6472906  0.65194511
0.64900665 0.65063723 0.65512668
0.65235605 0.65399081 0.65831479
0.65571397 0.6573514  0.66150947
0.65907968 0.66071932 0.66471101
0.66245245 0.66409489 0.66791999
0.66583232 0.66747816 0.67113644
0.66921933 0.67086921 0.67436041
0.67261352 0.67426807 0.67759195
0.67601496 0.67767481 0.68083123
0.67942367 0.68108949 0.68407814
0.68283969 0.68451218 0.68733275
0.76872409 0.68907545 0.08094123
0.77199572 0.69276269 0.08013653
0.77526453 0.69646267 0.07932207
0.77853026 0.70017557 0.07849925
0.78179262 0.70390158 0.07766874
0.7850502  0.70764114 0.07684869
0.78830367 0.71139424 0.07602414
0.79155267 0.71516108 0.07519613
0.79479633 0.71894201 0.07437425
0.79803392 0.72273731 0.07356601
0.80126578 0.72654706 0.07276015
0.80449094 0.73037161 0.07196753
0.80770842 0.73421135 0.07119915
0.81091874 0.73806628 0.07044124
0.81412009 0.74193697 0.06971851
0.81731259 0.74582358 0.06902108
0.8204955  0.74972639 0.06835792
0.82366761 0.75364587 0.06774257
0.82682889 0.75758218 0.06716643
0.82997763 0.76153587 0.06665626
0.83311391 0.76550709 0.06620115
0.83623599 0.76949644 0.06582267
0.83934333 0.77350419 0.06552463
0.84243526 0.77753067 0.06530953
0.84550949 0.78157659 0.06521118
0.84856617 0.7856421  0.06521417
0.85160367 0.78972776 0.06533885
0.85462009 0.79383414 0.06561477
0.85761481 0.79796163 0.0660328 
0.86058661 0.80211061 0.06661084
0.86353368 0.80628173 0.06736231
0.86645406 0.81047554 0.06831588
0.86934674 0.81469243 0.06947378
0.87221013 0.81893291 0.07084839
0.87504241 0.82319757 0.07245259
0.87786213 0.82747998 0.07414305
0.88068511 0.8317746  0.07581677
0.88351144 0.83608149 0.0774748 
0.8863419  0.84040037 0.07912164
0.88917621 0.84473147 0.08075617
0.89201285 0.84907562 0.08237099
0.89485455 0.85343162 0.08398037
0.89769878 0.85780076 0.08557179
0.90054649 0.8621827  0.0871504 
0.90339806 0.86657735 0.08871835
0.9062528  0.87098515 0.09027251
0.90911046 0.87540631 0.09181191
0.9119705  0.87984117 0.09333426
0.9148323  0.88429013 0.09483688
0.91769339 0.88875442 0.0963084 
0.92052909 0.89324548 0.09763257
