0.1122476  0.06094959 0.00595155
0.11590998 0.06402567 0.00652073
0.11954653 0.06708688 0.00712932
0.12316359 0.07013252 0.00775967
0.12676198 0.07316341 0.00841212
0.13034393 0.0761799  0.00908135
0.13390943 0.07918293 0.00977017
0.1374597  0.08217301 0.01047649
0.14099544 0.08515076 0.01120012
0.14451728 0.08811676 0.0119409 
0.1480267  0.09107133 0.01269478
0.1515234  0.09401524 0.01346542
0.15500848 0.09694881 0.01425005
0.15848222 0.09987257 0.01504952
0.16194576 0.1027868  0.01586043
0.16539885 0.1056921  0.01668604
0.16884237 0.10858876 0.01752398
0.17227719 0.11147703 0.01837157
0.17570319 0.11435741 0.01923122
0.17912084 0.11723022 0.02010235
0.1825306  0.12009577 0.02098408
0.18593295 0.12295435 0.0218755 
0.18932828 0.12580622 0.02277594
0.19271712 0.12865164 0.02368397
0.19609959 0.13149093 0.02460029
0.19947604 0.13432434 0.02552436
0.20284669 0.13715213 0.02645628
0.20621194 0.13997453 0.02739507
0.20957206 0.14279177 0.02834032
0.21292735 0.14560407 0.02929152
0.21627834 0.14841156 0.03024641
0.219625   0.15121454 0.03120644
0.22296759 0.15401319 0.03217111
0.22630637 0.15680771 0.0331399 
0.22964159 0.15959827 0.03411233
0.23297337 0.16238509 0.03508859
0.23630193 0.16516833 0.03606847
0.23962751 0.16794816 0.0370512 
0.2429509  0.17072459 0.03803194
0.24627178 0.17349791 0.03901417
0.24959015 0.17626833 0.039999  
0.25290442 0.17903688 0.04097813
0.25621287 0.18180485 0.04194076
0.2595146  0.18457302 0.04289212
0.26281077 0.18734096 0.04383177
0.26610163 0.19010878 0.04475982
0.26938728 0.19287662 0.0456764 
0.2726677  0.19564469 0.04658176
0.27594181 0.19841378 0.04747671
0.27921095 0.20118334 0.04836071
0.28247523 0.20395353 0.04923385
0.28573471 0.20672447 0.05009635
0.28898914 0.20949648 0.05094849
0.29223785 0.2122701  0.05179088
0.29548197 0.21504488 0.05262302
0.29872157 0.21782096 0.05344507
0.30195674 0.22059845 0.05425715
0.305187   0.22337777 0.05505969
0.30841202 0.22615923 0.05585308
0.31163278 0.22894247 0.05663689
0.31484934 0.23172761 0.05741126
0.31806174 0.23451477 0.05817632
0.32126934 0.23730443 0.05893261
0.32447214 0.24009672 0.05968028
0.32767095 0.24289135 0.06041901
0.33086582 0.24568844 0.06114891
0.3340568  0.24848807 0.06187011
0.33724299 0.25129086 0.06258328
0.34042482 0.25409669 0.06328832
0.3436029  0.25690538 0.06398501
0.34677726 0.25971702 0.06467347
0.34994796 0.26253171 0.06535379
0.35311384 0.26535016 0.06602682
0.35627579 0.26817203 0.06669218
0.35943419 0.27099722 0.06734973
0.3625891  0.27382582 0.0679996 
0.36574054 0.27665792 0.06864188
0.36888703 0.27949439 0.06927766
0.37203007 0.28233457 0.06990609
0.37516976 0.2851785  0.07052729
0.37830614 0.28802627 0.07114132
0.38143894 0.29087811 0.07174852
0.38456717 0.29373463 0.07234956
0.38769219 0.29659523 0.07294384
0.39081404 0.29945998 0.07353132
0.39393275 0.30232896 0.07411221
0.39704759 0.30520264 0.07468703
0.40015845 0.30808116 0.07525601
0.40326627 0.31096413 0.07581864
0.4063711  0.31385163 0.07637506
0.40947296 0.31674371 0.07692534
0.4125705  0.31964116 0.07747045
0.41566479 0.32254352 0.07800989
0.4187562  0.32545069 0.07854345
0.42184479 0.32836271 0.07907131
0.42493022 0.33127985 0.07959369
0.42801143 0.33420271 0.08011154
0.43108991 0.33713064 0.08062388
0.43416568 0.34006369 0.08113088
0.43723878 0.34300193 0.08163262
0.440308   0.34594604 0.08212996
0.443374   0.34889577 0.08262267
0.44643742 0.35185087 0.08311035
0.44949829 0.3548114  0.08359323
0.45255626 0.35777763 0.08407146
0.45561023 0.36075015 0.08454609
0.45866176 0.36372828 0.08501607
0.46171087 0.36671208 0.08548147
0.46475761 0.3697016  0.08594254
0.46780035 0.3726977  0.08640028
0.47084044 0.3756998  0.08685405
0.47387825 0.37870779 0.08730365
0.47691381 0.38172172 0.08774916
0.47994609 0.38474217 0.08819143
0.48297521 0.38776914 0.08863041
0.48600218 0.39080221 0.08906569
0.48902704 0.39384143 0.08949717
0.49204919 0.39688716 0.08992544
0.49506781 0.39993987 0.09035127
0.49808441 0.40299888 0.09077353
0.50109905 0.40606424 0.0911925 
0.5041114  0.40913617 0.09160842
0.50711999 0.41221546 0.09202215
0.5101307  0.41529936 0.0924288 
0.51314376 0.41838793 0.09282491
0.51615923 0.42148123 0.09321046
0.51917719 0.42457919 0.09358875
0.52219766 0.42768198 0.09395641
0.52522067 0.43078967 0.094313  
0.52824628 0.4339023  0.09465863
0.53127457 0.43701984 0.09499572
0.53430559 0.44014237 0.09532299
0.53733936 0.44326999 0.09563923
0.54037591 0.44640279 0.09594386
0.54341533 0.44954075 0.0962378 
0.54645768 0.45268386 0.09652347
0.54950298 0.45583226 0.09679797
0.55255126 0.45898604 0.09706061
0.55560259 0.46214519 0.09731207
0.55865698 0.46530982 0.09755168
0.56171457 0.46847983 0.09778312
0.56477532 0.47165541 0.09800237
0.56783929 0.4748366  0.09820991
0.57090652 0.47802347 0.09840506
0.57397706 0.48121604 0.09858827
0.577051   0.48441429 0.09876179
0.58012833 0.48761835 0.09892361
0.58320912 0.49082827 0.09907325
0.58629337 0.49404412 0.09920996
0.58938117 0.49726595 0.09933422
0.59247253 0.5004938  0.09944561
0.59556752 0.50372767 0.09954619
0.59866619 0.50696764 0.09963488
0.60176856 0.51021379 0.09971032
0.60487465 0.5134662  0.09977212
0.60798453 0.51672489 0.09982072
0.61109823 0.51998992 0.09985586
0.61421578 0.52326137 0.09987694
0.61733726 0.5265392  0.09988609
0.62046269 0.52982352 0.09988222
0.6235921  0.53311439 0.09986411
0.62672552 0.53641189 0.09983142
0.629863   0.53971605 0.09978423
0.63300458 0.54302693 0.09972232
0.63615029 0.54634459 0.09964562
0.63930017 0.54966908 0.0995537 
0.64245425 0.55300047 0.09944638
0.64561259 0.55633877 0.09932448
0.64877523 0.55968405 0.09918797
0.65194219 0.56303637 0.09903554
0.6551135  0.56639581 0.09886694
0.6582892  0.56976241 0.0986819 
0.66146932 0.57313625 0.09848   
0.6646539  0.57651737 0.09826111
0.66784298 0.57990583 0.098025  
0.67103658 0.5833017  0.09777136
0.67423474 0.58670501 0.09749993
0.6774375  0.59011584 0.09721043
0.68064488 0.59353426 0.09690228
0.68385691 0.59696031 0.09657535
0.68707363 0.60039405 0.09622931
0.69029508 0.60383554 0.09586382
0.69352127 0.60728485 0.09547851
0.69675225 0.61074204 0.09507301
0.69998804 0.61420716 0.09464685
0.70322868 0.61768028 0.09419968
0.70647417 0.62116146 0.09373098
0.70972455 0.62465078 0.09323991
0.71297985 0.62814829 0.09272627
0.71624011 0.63165404 0.09218969
0.71950534 0.63516812 0.09162967
0.72277555 0.63869058 0.09104518
0.72605079 0.6422215  0.0904357 
0.72933107 0.64576093 0.08980098
0.73261641 0.64930896 0.08913968
0.73590353 0.65286703 0.08845834
0.73919042 0.65643603 0.08776285
0.74247683 0.66001615 0.0870519 
0.74576255 0.6636075  0.08632854
0.74904706 0.66721035 0.08559578
0.75233056 0.67082471 0.08485054
0.75561275 0.67445081 0.08409141
0.75889351 0.67808873 0.08332055
0.76217254 0.6817387  0.08253678
0.76544963 0.68540085 0.0817412 
0.76872409 0.68907545 0.08094123
0.77199572 0.69276269 0.08013653
0.77526453 0.69646267 0.07932207
0.77853026 0.70017557 0.07849925
0.78179262 0.70390158 0.07766874
0.7850502  0.70764114 0.07684869
0.78830367 0.71139424 0.07602414
0.79155267 0.71516108 0.07519613
0.79479633 0.71894201 0.07437425
0.79803392 0.72273731 0.07356601
0.80126578 0.72654706 0.07276015
0.80449094 0.73037161 0.07196753
0.80770842 0.73421135 0.07119915
0.81091874 0.73806628 0.07044124
0.81412009 0.74193697 0.06971851
0.81731259 0.74582358 0.06902108
0.8204955  0.74972639 0.06835792
0.82366761 0.75364587 0.06774257
0.82682889 0.75758218 0.06716643
0.82997763 0.76153587 0.06665626
0.83311391 0.76550709 0.06620115
0.83623599 0.76949644 0.06582267
0.83934333 0.77350419 0.06552463
0.84243526 0.77753067 0.06530953
0.84550949 0.78157659 0.06521118
0.84856617 0.7856421  0.06521417
0.85160367 0.78972776 0.06533885
0.85462009 0.79383414 0.06561477
0.85761481 0.79796163 0.0660328 
0.86058661 0.80211061 0.06661084
0.86353368 0.80628173 0.06736231
0.86645406 0.81047554 0.06831588
0.86934674 0.81469243 0.06947378
0.87221013 0.81893291 0.07084839
0.87504241 0.82319757 0.07245259
0.87786213 0.82747998 0.07414305
0.88068511 0.8317746  0.07581677
0.88351144 0.83608149 0.0774748 
0.8863419  0.84040037 0.07912164
0.88917621 0.84473147 0.08075617
0.89201285 0.84907562 0.08237099
0.89485455 0.85343162 0.08398037
0.89769878 0.85780076 0.08557179
0.90054649 0.8621827  0.0871504 
0.90339806 0.86657735 0.08871835
0.9062528  0.87098515 0.09027251
0.90911046 0.87540631 0.09181191
0.9119705  0.87984117 0.09333426
0.9148323  0.88429013 0.09483688
0.91769339 0.88875442 0.0963084 
0.92052909 0.89324548 0.09763257
