0.91520937 0.88410709 0.10104904
0.91048242 0.87483767 0.09982265
0.90568276 0.86565522 0.09828244
0.90087481 0.85652993 0.09666501
0.89605948 0.8474607  0.09497396
0.89123562 0.83844741 0.09320509
0.88641699 0.82948292 0.0914093 
0.88159312 0.82057142 0.08954789
0.8767693  0.81170971 0.0876405 
0.87170408 0.80298328 0.08720499
0.86632274 0.79442155 0.08855131
0.86066236 0.78601462 0.09118616
0.85476153 0.777751   0.09465413
0.84865036 0.7696207  0.09867239
0.84236041 0.76161133 0.10308765
0.83592381 0.75371311 0.1075655 
0.82935703 0.74591778 0.11214874
0.82268375 0.73821672 0.11669422
0.81592538 0.73060177 0.12110977
0.80908589 0.72306998 0.12544804
0.80218045 0.71561528 0.12965584
0.79522338 0.70823172 0.13369659
0.78822251 0.70091546 0.13757585
0.78118466 0.69366315 0.14129465
0.77411593 0.6864716  0.14486073
0.76702171 0.67933861 0.14825184
0.75990694 0.67226055 0.15151354
0.75277603 0.66523585 0.15461475
0.74563284 0.65826193 0.15757501
0.7384808  0.65133668 0.16040146
0.73132341 0.64445853 0.16308003
0.72416323 0.63762538 0.16563109
0.71700282 0.63083562 0.16805625
0.7098453  0.624088   0.1703366 
0.70268951 0.61738136 0.17251526
0.69552894 0.61071879 0.17457539
0.68835849 0.60410123 0.17654791
0.68118711 0.59752443 0.17842287
0.674017   0.59098727 0.18019001
0.66684992 0.58448854 0.18184865
0.65968645 0.578027   0.18341428
0.65251675 0.57160565 0.18491698
0.64535329 0.56521971 0.1863162 
0.63819723 0.55886779 0.18762323
0.63104963 0.55254885 0.18884017
0.62390322 0.54626499 0.18998806
0.6167621  0.540014   0.19106157
0.60963287 0.53379311 0.19204192
0.60251611 0.52760139 0.19293407
0.59540002 0.52144238 0.19377287
0.588295   0.51531167 0.19453608
0.58120445 0.50920756 0.19521568
0.57412332 0.50313129 0.19582575
0.56704813 0.49708339 0.19637907
0.55998941 0.49105963 0.19685008
0.55294504 0.48506016 0.19724628
0.54590442 0.47908807 0.19759607
0.53888123 0.47313789 0.1978698 
0.53187392 0.46720963 0.19807195
0.52487074 0.46130685 0.19823036
0.51788642 0.45542379 0.19831278
0.51091684 0.44956125 0.1983314 
0.50395371 0.44372155 0.19830511
0.49701057 0.43789949 0.19820296
0.49007901 0.43209731 0.19804665
0.48315811 0.42631469 0.19783969
0.47625768 0.42054777 0.19755939
0.46936366 0.41480076 0.19723754
0.46248671 0.4090694  0.19685217
0.45562632 0.40335323 0.19640557
0.44877276 0.39765498 0.19591841
0.44194035 0.39196929 0.19535931
0.43511594 0.38629988 0.19475815
0.42830698 0.38064365 0.19409968
0.42151419 0.37499977 0.19338185
0.41472905 0.36937048 0.19262214
0.40796489 0.36375075 0.19179303
0.40120529 0.35814526 0.19092996
0.39446395 0.35254892 0.19000388
0.38773381 0.34696349 0.1890279 
0.3810163  0.34138788 0.18799794
0.37430848 0.33582118 0.1869394 
0.36762689 0.33025866 0.1857983 
0.36095911 0.32470164 0.18463155
0.35431619 0.31914794 0.18338439
0.34768822 0.31359844 0.18210114
0.3410792  0.308052   0.1807604 
0.33448939 0.302508   0.17935841
0.32791164 0.29696681 0.17792595
0.32135565 0.29142653 0.17641478
0.3148132  0.28588761 0.1748605 
0.30828345 0.28034949 0.173264  
0.3017728  0.27481074 0.17159248
0.29527295 0.26927167 0.16988118
0.28878531 0.2637314  0.16812031
0.28231445 0.25818872 0.16628524
0.27585272 0.25264371 0.1644079 
0.26939974 0.2470956  0.16248626
0.26296073 0.24154309 0.16049232
0.2565305  0.23598587 0.15844607
0.25010811 0.23042314 0.15634754
0.24369359 0.22485402 0.15419205
0.23728707 0.21927753 0.1519748 
0.23088732 0.21369283 0.14969647
0.22449367 0.20809898 0.14735475
0.21810269 0.20249511 0.14496059
0.21171476 0.19688008 0.1425064 
0.20533079 0.19125269 0.13998194
0.19894616 0.18561191 0.13740271
0.19256365 0.17995634 0.13474885
0.18617997 0.17428474 0.1320288 
0.17979409 0.16859567 0.12923997
0.17340629 0.16288762 0.12637288
0.16701303 0.15715901 0.1234359 
0.16061333 0.15140809 0.12042447
0.15420411 0.14563296 0.11734372
0.14778707 0.13983156 0.11417568
0.14135911 0.13400165 0.11092447
0.1349193  0.12814081 0.10758297
0.12846537 0.12224684 0.10414489
0.12199309 0.1163179  0.10060482
0.1154989  0.11035099 0.09696276
0.10897948 0.10434282 0.09321554
0.10243412 0.09828998 0.08934482
0.09585803 0.09218841 0.08535026
0.08925004 0.08603396 0.08121012
0.08260881 0.0798221  0.07689998
0.07597068 0.07358295 0.07241369
0.0827368  0.07952646 0.07926185
0.09037087 0.08515688 0.08528723
0.09805187 0.09067969 0.09124515
0.10575266 0.09611229 0.0971436 
0.11346604 0.10146364 0.10298816
0.12117782 0.10674534 0.10878459
0.12890427 0.11195552 0.11453531
0.13662215 0.11710897 0.12024621
0.14435236 0.12220081 0.1259185 
0.152091   0.1272366  0.13155558
0.15983624 0.1322208  0.13716036
0.16758363 0.13715882 0.14273587
0.1753457  0.14204793 0.14828313
0.18311522 0.14689436 0.15380507
0.1908965  0.15169876 0.15930326
0.19869102 0.15646288 0.16477942
0.20649827 0.16118929 0.17023535
0.21431845 0.1658801  0.17567269
0.22216657 0.17052977 0.18109133
0.23002862 0.17514721 0.18649426
0.2379023  0.17973548 0.19188311
0.24579716 0.18429187 0.19725399
0.25371189 0.18882068 0.20259076
0.26165391 0.19331966 0.20789235
0.26962377 0.19778954 0.21316309
0.27762202 0.20223142 0.21840318
0.28564947 0.20664636 0.22361143
0.29370723 0.21103569 0.22878225
0.30179556 0.21539973 0.23392248
0.30991506 0.21973932 0.23903214
0.31806599 0.22405547 0.24411129
0.32624961 0.2283493  0.24915345
0.33446635 0.23262116 0.25416273
0.34271631 0.23687174 0.25914116
0.35099988 0.24110183 0.26408872
0.35931788 0.2453122  0.26900277
0.36767115 0.24950375 0.27387927
0.37605951 0.25367674 0.27872437
0.38448337 0.25783183 0.28353797
0.39294312 0.26196964 0.28831994
0.40143979 0.2660912  0.29306307
0.40997336 0.2701968  0.29777194
0.41854396 0.27428688 0.30244859
0.42715196 0.27836201 0.30709287
0.43579789 0.28242288 0.31170244
0.44448246 0.28647043 0.31627182
0.45320546 0.29050465 0.3208082 
0.46196723 0.29452607 0.32531144
0.47076793 0.29853527 0.32978147
0.47960847 0.30253324 0.33421096
0.48848892 0.30652014 0.33860372
0.49740927 0.31049632 0.34296265
0.50636978 0.31446226 0.34728766
0.51537084 0.31841867 0.35157632
0.52441324 0.32236641 0.35582235
0.53349672 0.32630532 0.36003389
0.54262158 0.33023586 0.36421084
0.55178762 0.33415877 0.36835341
0.56099612 0.33807493 0.37245219
0.5702471  0.34198418 0.37651359
0.5795405  0.34588691 0.38053994
0.58887583 0.34978407 0.38453172
0.59827026 0.35366555 0.38847258
0.60767983 0.35755263 0.39246034
0.61714629 0.36141839 0.39646706
0.62667278 0.3652603  0.40049778
0.63624145 0.36909001 0.40457126
0.64587035 0.37289455 0.40868603
0.65553759 0.37668829 0.41286565
0.66526276 0.38045645 0.41711242
0.67502929 0.38420931 0.4214513 
0.68484002 0.38794308 0.42590027
0.69470577 0.39164732 0.43047948
0.70461928 0.39532332 0.4352284 
0.71452133 0.39900527 0.440258  
0.7244393  0.40266654 0.44561463
0.73427235 0.40636485 0.45149666
0.74385262 0.41020243 0.45819303
0.7528789  0.41438891 0.46601598
0.76090332 0.41928215 0.47505117
0.76799251 0.42489452 0.48475003
0.77441711 0.43105082 0.49469598
0.78042492 0.43756516 0.50471065
0.78619122 0.44430358 0.51469692
0.79172949 0.45124629 0.52469372
0.79704541 0.45839654 0.53461137
0.80211374 0.46577796 0.54438665
0.80694836 0.47337932 0.55398648
0.81157106 0.48118667 0.5633548 
0.8160059  0.48918461 0.5724384 
0.8203149  0.49732246 0.58124668
0.82451286 0.50559308 0.58973491
0.82866559 0.51393995 0.59796221
0.83277918 0.52236018 0.605918  
0.83688612 0.53082554 0.61364735
0.8410144  0.53931398 0.62118126
0.84516052 0.54782717 0.62853927
0.84933263 0.55635957 0.63573524
0.8535382  0.56490346 0.64280589
0.85778214 0.57345556 0.64976762
0.86206683 0.58201449 0.6566356 
0.86639675 0.59057774 0.66342344
0.87076513 0.59915015 0.67014346
0.87518582 0.60772362 0.67680676
0.87964438 0.616308   0.68342262
0.88415799 0.62489341 0.69000089
0.88870289 0.63349699 0.69653506
0.89329054 0.64211155 0.70304087
0.89793574 0.65072876 0.7095293 
0.90262518 0.65935786 0.7160046 
0.90736465 0.66799641 0.7224729 
0.91211336 0.67667213 0.7289121 
0.91689905 0.68536227 0.73539065
0.92170456 0.69407838 0.74190549
0.92653286 0.70281995 0.74845743
0.9313949  0.71158188 0.75504884
0.93629134 0.72036518 0.76168006
0.9412179  0.72917361 0.76835051
0.94617249 0.73800962 0.77506004
0.9511595  0.74687199 0.78180972
0.95617381 0.75576482 0.7885988 
0.9612325  0.76467993 0.7954307 
0.96630999 0.77363262 0.80230087
0.9714273  0.78261261 0.80921342
0.97657264 0.79162752 0.81616636
0.98177628 0.80066244 0.82316545
0.98700774 0.80973493 0.83020523
0.99227094 0.81884406 0.83728657
