0.1122476  0.06094959 0.00595155
0.11590998 0.06402567 0.00652073
0.11954653 0.06708688 0.00712932
0.12316359 0.07013252 0.00775967
0.12676198 0.07316341 0.00841212
0.13034393 0.0761799  0.00908135
0.13390943 0.07918293 0.00977017
0.1374597  0.08217301 0.01047649
0.14099544 0.08515076 0.01120012
0.14451728 0.08811676 0.0119409 
0.1480267  0.09107133 0.01269478
0.1515234  0.09401524 0.01346542
0.15500848 0.09694881 0.01425005
0.15848222 0.09987257 0.01504952
0.16194576 0.1027868  0.01586043
0.16539885 0.1056921  0.01668604
0.16884237 0.10858876 0.01752398
0.17227719 0.11147703 0.01837157
0.17570319 0.11435741 0.01923122
0.17912084 0.11723022 0.02010235
0.1825306  0.12009577 0.02098408
0.18593295 0.12295435 0.0218755 
0.18932828 0.12580622 0.02277594
0.19271712 0.12865164 0.02368397
0.19609959 0.13149093 0.02460029
0.19947604 0.13432434 0.02552436
0.20284669 0.13715213 0.02645628
0.20621194 0.13997453 0.02739507
0.20957206 0.14279177 0.02834032
0.21292735 0.14560407 0.02929152
0.21627834 0.14841156 0.03024641
0.219625   0.15121454 0.03120644
0.22296759 0.15401319 0.03217111
0.22630637 0.15680771 0.0331399 
0.22964159 0.15959827 0.03411233
0.23297337 0.16238509 0.03508859
0.23630193 0.16516833 0.03606847
0.23962751 0.16794816 0.0370512 
0.2429509  0.17072459 0.03803194
0.24627178 0.17349791 0.03901417
0.24959015 0.17626833 0.039999  
0.25290442 0.17903688 0.04097813
0.25621287 0.18180485 0.04194076
0.2595146  0.18457302 0.04289212
0.26281077 0.18734096 0.04383177
0.26610163 0.19010878 0.04475982
0.26938728 0.19287662 0.0456764 
0.2726677  0.19564469 0.04658176
0.27594181 0.19841378 0.04747671
0.27921095 0.20118334 0.04836071
0.28247523 0.20395353 0.04923385
0.28573471 0.20672447 0.05009635
0.28898914 0.20949648 0.05094849
0.29223785 0.2122701  0.05179088
0.29548197 0.21504488 0.05262302
0.29872157 0.21782096 0.05344507
0.30195674 0.22059845 0.05425715
0.305187   0.22337777 0.05505969
0.30841202 0.22615923 0.05585308
0.31163278 0.22894247 0.05663689
0.31484934 0.23172761 0.05741126
0.31806174 0.23451477 0.05817632
0.32126934 0.23730443 0.05893261
0.32447214 0.24009672 0.05968028
0.32767095 0.24289135 0.06041901
0.33086582 0.24568844 0.06114891
0.3340568  0.24848807 0.06187011
0.33724299 0.25129086 0.06258328
0.34042482 0.25409669 0.06328832
0.3436029  0.25690538 0.06398501
0.34677726 0.25971702 0.06467347
0.34994796 0.26253171 0.06535379
0.35311384 0.26535016 0.06602682
0.35627579 0.26817203 0.06669218
0.35943419 0.27099722 0.06734973
0.3625891  0.27382582 0.0679996 
0.36574054 0.27665792 0.06864188
0.36888703 0.27949439 0.06927766
0.37203007 0.28233457 0.06990609
0.37516976 0.2851785  0.07052729
0.37830614 0.28802627 0.07114132
0.38143894 0.29087811 0.07174852
0.38456717 0.29373463 0.07234956
0.38769219 0.29659523 0.07294384
0.39081404 0.29945998 0.07353132
0.39393275 0.30232896 0.07411221
0.39704759 0.30520264 0.07468703
0.40015845 0.30808116 0.07525601
0.40326627 0.31096413 0.07581864
0.4063711  0.31385163 0.07637506
0.40947296 0.31674371 0.07692534
0.4125705  0.31964116 0.07747045
0.41566479 0.32254352 0.07800989
0.4187562  0.32545069 0.07854345
0.42184479 0.32836271 0.07907131
0.42493022 0.33127985 0.07959369
0.42801143 0.33420271 0.08011154
0.43108991 0.33713064 0.08062388
0.43416568 0.34006369 0.08113088
0.43723878 0.34300193 0.08163262
0.440308   0.34594604 0.08212996
0.443374   0.34889577 0.08262267
0.44643742 0.35185087 0.08311035
0.44949829 0.3548114  0.08359323
0.45255626 0.35777763 0.08407146
0.45561023 0.36075015 0.08454609
0.45866176 0.36372828 0.08501607
0.46171087 0.36671208 0.08548147
0.46475761 0.3697016  0.08594254
0.46780035 0.3726977  0.08640028
0.47084044 0.3756998  0.08685405
0.47387825 0.37870779 0.08730365
0.47691381 0.38172172 0.08774916
0.47994609 0.38474217 0.08819143
0.48297521 0.38776914 0.08863041
0.48600218 0.39080221 0.08906569
0.48902704 0.39384143 0.08949717
0.49204919 0.39688716 0.08992544
0.49506781 0.39993987 0.09035127
0.49808441 0.40299888 0.09077353
0.50109905 0.40606424 0.0911925 
0.5041114  0.40913617 0.09160842
0.50711999 0.41221546 0.09202215
0.5101307  0.41529936 0.0924288 
0.51314376 0.41838793 0.09282491
0.51615923 0.42148123 0.09321046
0.51917719 0.42457919 0.09358875
0.52219766 0.42768198 0.09395641
0.63408824 0.27776755 0.69517325
0.63784776 0.281222   0.69590578
0.64156047 0.28473258 0.69659719
0.64522474 0.28829917 0.69725033
0.64883921 0.29192142 0.69786804
0.65240092 0.29560059 0.69845298
0.65590431 0.29934109 0.69900607
0.65935497 0.30313396 0.69953495
0.66275256 0.3069775  0.70004373
0.66609702 0.31086971 0.70053667
0.66938855 0.31480841 0.70101799
0.6726276  0.31879127 0.70149176
0.67580857 0.32282271 0.70195897
0.67893812 0.32689377 0.70242624
0.68201845 0.33100047 0.70289845
0.68505088 0.3351403  0.70337852
0.688037   0.33931039 0.70387025
0.69097832 0.34350837 0.70437591
0.69387673 0.34773134 0.70489912
0.69673386 0.35197721 0.70544133
0.69955157 0.35624357 0.70600491
0.70233181 0.360528   0.70659213
0.70507602 0.36482901 0.7072038 
0.70778565 0.369145   0.70784113
0.71046391 0.37347279 0.70850598
0.71311264 0.37781065 0.70919942
0.71573364 0.382157   0.70992232
0.71832678 0.3865122  0.71067431
0.7208948  0.39087395 0.71145619
0.72343928 0.39524107 0.7122683 
0.72596187 0.39961237 0.71311106
0.7284641  0.40398684 0.71398466
0.73094738 0.40836363 0.71488904
0.73341315 0.41274186 0.71582431
0.7358626  0.41712104 0.71678998
0.73829725 0.42150018 0.71778651
0.74071842 0.42587863 0.71881384
0.74312264 0.43025995 0.71986932
0.7455116  0.43464298 0.72095358
0.74788981 0.43902443 0.72206741
0.7502585  0.44340373 0.72321086
0.75261902 0.44778019 0.72438424
0.75496994 0.45215565 0.72558542
0.7573053  0.45653529 0.72681203
0.75963481 0.46091162 0.72806735
0.76195904 0.46528476 0.72935049
0.7642796  0.46965377 0.73066241
0.76658527 0.4740281  0.73199729
0.7688865  0.47839988 0.73335878
0.77118621 0.48276715 0.73474821
0.77348258 0.4871319  0.73616372
0.77576584 0.49150207 0.73760077
0.77804928 0.49586776 0.73906455
0.78033388 0.50022866 0.74055513
0.78260772 0.50459422 0.74206696
0.78487995 0.50895787 0.74360341
0.78715458 0.5133171  0.74516521
0.78942199 0.51767932 0.74674868
0.79168686 0.52204143 0.74835508
0.7939559  0.52639898 0.74998635
0.79621804 0.53076021 0.75163849
0.79847953 0.53512104 0.75331288
0.80074726 0.53947687 0.75501223
0.80300487 0.54383961 0.75672985
0.80526718 0.54819912 0.75847105
0.80753307 0.55255659 0.76023489
0.80979117 0.5569201  0.76201718
0.81205759 0.56127894 0.76382328
0.81432043 0.56564152 0.76564861
0.81658473 0.57000466 0.76749492
0.81885619 0.57436494 0.76936352
0.82111937 0.57873282 0.77124928
0.82339259 0.58309651 0.77315771
0.82565591 0.5874701  0.77507708
0.82792715 0.5918427  0.77700919
0.83020422 0.59621618 0.77895162
0.83249566 0.60058434 0.78091391
0.83478991 0.60495624 0.78288297
0.83709789 0.60932389 0.78487101
0.83941314 0.61369244 0.7868707 
0.84173356 0.61806367 0.78887966
0.84407037 0.6224296  0.79091028
0.84641152 0.62679932 0.79294913
0.84876147 0.63116983 0.79500106
0.85112481 0.63553803 0.79707111
0.85349366 0.6399099  0.79915049
0.85587226 0.6442826  0.80124381
0.8582642  0.64865383 0.80335495
0.86066222 0.65302898 0.80547589
0.863069   0.65740637 0.8076095 
0.86549124 0.66178155 0.80976301
0.86791947 0.66616137 0.81192604
0.87035545 0.67054482 0.81410046
0.87280617 0.67492728 0.81629379
0.87526681 0.67931232 0.8185007 
0.87773563 0.68370133 0.8207193 
0.88021361 0.68809386 0.82295057
0.88270422 0.69248776 0.82519818
0.88520732 0.69688335 0.82746191
0.88771929 0.70128329 0.8297378 
0.89024131 0.70568698 0.83202708
0.89277256 0.71009517 0.8343288 
0.89531531 0.71450654 0.83664534
0.89787295 0.71891909 0.83898019
0.90044006 0.72333658 0.84132756
0.9030181  0.72775826 0.84368893
0.90560728 0.73218419 0.84606446
0.90820774 0.73661445 0.84845424
0.9108196  0.74104919 0.85085833
0.91344309 0.74548845 0.85327689
0.9160783  0.74993235 0.85570997
0.91872448 0.75438158 0.85815671
0.9213825  0.75883575 0.86061796
0.92405167 0.76329551 0.86309292
0.92673231 0.76776082 0.86558188
0.92942921 0.7722289  0.86808971
0.93213675 0.77670345 0.87061051
0.93485347 0.78118554 0.87314274
0.93758445 0.78567222 0.87569153
0.94032773 0.79016487 0.87825481
0.94308254 0.79466416 0.8808317 
0.94584567 0.79917222 0.88341883
0.94862634 0.80368361 0.88602558
0.95141515 0.80820424 0.88864223
0.95421565 0.8127321  0.89127233
0.95702325 0.81727014 0.89391113
0.95983892 0.82181792 0.89655952
0.96260464 0.82641019 0.89915842
