0.1122476  0.06094959 0.00595155
0.11590998 0.06402567 0.00652073
0.11954653 0.06708688 0.00712932
0.12316359 0.07013252 0.00775967
0.12676198 0.07316341 0.00841212
0.13034393 0.0761799  0.00908135
0.13390943 0.07918293 0.00977017
0.1374597  0.08217301 0.01047649
0.14099544 0.08515076 0.01120012
0.14451728 0.08811676 0.0119409 
0.1480267  0.09107133 0.01269478
0.1515234  0.09401524 0.01346542
0.15500848 0.09694881 0.01425005
0.15848222 0.09987257 0.01504952
0.16194576 0.1027868  0.01586043
0.16539885 0.1056921  0.01668604
0.16884237 0.10858876 0.01752398
0.17227719 0.11147703 0.01837157
0.17570319 0.11435741 0.01923122
0.17912084 0.11723022 0.02010235
0.1825306  0.12009577 0.02098408
0.18593295 0.12295435 0.0218755 
0.18932828 0.12580622 0.02277594
0.19271712 0.12865164 0.02368397
0.19609959 0.13149093 0.02460029
0.19947604 0.13432434 0.02552436
0.20284669 0.13715213 0.02645628
0.20621194 0.13997453 0.02739507
0.20957206 0.14279177 0.02834032
0.21292735 0.14560407 0.02929152
0.21627834 0.14841156 0.03024641
0.219625   0.15121454 0.03120644
0.22296759 0.15401319 0.03217111
0.22630637 0.15680771 0.0331399 
0.22964159 0.15959827 0.03411233
0.23297337 0.16238509 0.03508859
0.23630193 0.16516833 0.03606847
0.23962751 0.16794816 0.0370512 
0.2429509  0.17072459 0.03803194
0.24627178 0.17349791 0.03901417
0.24959015 0.17626833 0.039999  
0.25290442 0.17903688 0.04097813
0.25621287 0.18180485 0.04194076
0.2595146  0.18457302 0.04289212
0.26281077 0.18734096 0.04383177
0.26610163 0.19010878 0.04475982
0.26938728 0.19287662 0.0456764 
0.2726677  0.19564469 0.04658176
0.27594181 0.19841378 0.04747671
0.27921095 0.20118334 0.04836071
0.28247523 0.20395353 0.04923385
0.28573471 0.20672447 0.05009635
0.28898914 0.20949648 0.05094849
0.29223785 0.2122701  0.05179088
0.29548197 0.21504488 0.05262302
0.29872157 0.21782096 0.05344507
0.30195674 0.22059845 0.05425715
0.305187   0.22337777 0.05505969
0.30841202 0.22615923 0.05585308
0.31163278 0.22894247 0.05663689
0.31484934 0.23172761 0.05741126
0.31806174 0.23451477 0.05817632
0.32126934 0.23730443 0.05893261
0.32447214 0.24009672 0.05968028
0.32767095 0.24289135 0.06041901
0.33086582 0.24568844 0.06114891
0.3340568  0.24848807 0.06187011
0.33724299 0.25129086 0.06258328
0.34042482 0.25409669 0.06328832
0.3436029  0.25690538 0.06398501
0.34677726 0.25971702 0.06467347
0.34994796 0.26253171 0.06535379
0.35311384 0.26535016 0.06602682
0.35627579 0.26817203 0.06669218
0.35943419 0.27099722 0.06734973
0.3625891  0.27382582 0.0679996 
0.36574054 0.27665792 0.06864188
0.36888703 0.27949439 0.06927766
0.37203007 0.28233457 0.06990609
0.37516976 0.2851785  0.07052729
0.37830614 0.28802627 0.07114132
0.38143894 0.29087811 0.07174852
0.38456717 0.29373463 0.07234956
0.38769219 0.29659523 0.07294384
0.39081404 0.29945998 0.07353132
0.39393275 0.30232896 0.07411221
0.39704759 0.30520264 0.07468703
0.40015845 0.30808116 0.07525601
0.40326627 0.31096413 0.07581864
0.4063711  0.31385163 0.07637506
0.40947296 0.31674371 0.07692534
0.4125705  0.31964116 0.07747045
0.41566479 0.32254352 0.07800989
0.4187562  0.32545069 0.07854345
0.42184479 0.32836271 0.07907131
0.42493022 0.33127985 0.07959369
0.42801143 0.33420271 0.08011154
0.43108991 0.33713064 0.08062388
0.43416568 0.34006369 0.08113088
0.43723878 0.34300193 0.08163262
0.440308   0.34594604 0.08212996
0.443374   0.34889577 0.08262267
0.44643742 0.35185087 0.08311035
0.44949829 0.3548114  0.08359323
0.45255626 0.35777763 0.08407146
0.45561023 0.36075015 0.08454609
0.45866176 0.36372828 0.08501607
0.46171087 0.36671208 0.08548147
0.46475761 0.3697016  0.08594254
0.46780035 0.3726977  0.08640028
0.47084044 0.3756998  0.08685405
0.47387825 0.37870779 0.08730365
0.47691381 0.38172172 0.08774916
0.47994609 0.38474217 0.08819143
0.48297521 0.38776914 0.08863041
0.48600218 0.39080221 0.08906569
0.48902704 0.39384143 0.08949717
0.49204919 0.39688716 0.08992544
0.49506781 0.39993987 0.09035127
0.49808441 0.40299888 0.09077353
0.50109905 0.40606424 0.0911925 
0.5041114  0.40913617 0.09160842
0.50711999 0.41221546 0.09202215
0.5101307  0.41529936 0.0924288 
0.51314376 0.41838793 0.09282491
0.51615923 0.42148123 0.09321046
0.51917719 0.42457919 0.09358875
0.52219766 0.42768198 0.09395641
0.20015356 0.50402331 0.44797525
0.2013535  0.50742451 0.45055835
0.20255095 0.5108311  0.45314221
0.20374558 0.51424324 0.45572651
0.20493627 0.51766119 0.45831043
0.20612533 0.52108455 0.46089579
0.20730954 0.52451401 0.4634802 
0.20849205 0.52794903 0.4660659 
0.20966909 0.53139027 0.46865155
0.21084856 0.53483674 0.47123735
0.21201965 0.53828993 0.47382311
0.21319913 0.54174773 0.47640857
0.21437069 0.5452123  0.47899411
0.21554337 0.54868255 0.4815794 
0.21671603 0.55215868 0.4841646 
0.21788204 0.55564158 0.48674983
0.21905652 0.5591294  0.48933469
0.22022415 0.56262414 0.49191961
0.22139296 0.56612485 0.49450435
0.22256365 0.56963149 0.49708891
0.22372809 0.57314516 0.49967351
0.22490075 0.57666409 0.50225773
0.22606966 0.58018983 0.50484195
0.22723633 0.58372228 0.507426  
0.2284105  0.58726027 0.51000981
0.2295792  0.59080547 0.51259351
0.23075155 0.59435682 0.51517699
0.2319269  0.59791446 0.51776022
0.23309788 0.60147935 0.52034335
0.2342768  0.60505005 0.52292612
0.23545606 0.60862754 0.52550871
0.23663144 0.61221242 0.52809108
0.23781858 0.61580281 0.5306731 
0.23900368 0.61940049 0.5332548 
0.24018642 0.62300555 0.53583634
0.24138245 0.62661613 0.53841734
0.24257654 0.63023417 0.54099807
0.24376917 0.63385966 0.54357855
0.24497557 0.63749082 0.54615839
0.24618133 0.64112947 0.54873791
0.24738657 0.64477565 0.55131708
0.24860491 0.64842777 0.55389557
0.24982513 0.65208727 0.55647361
0.25104603 0.65575435 0.55905121
0.25227768 0.65942786 0.56162808
0.2535156  0.6631084  0.56420437
0.25475539 0.66679659 0.5667801 
0.25600231 0.67049183 0.56935517
0.25726135 0.67419362 0.57192941
0.25852352 0.67790309 0.57450295
0.25978935 0.68162025 0.57707578
0.26107092 0.68534371 0.5796477 
0.26235951 0.68907459 0.58221878
0.26365311 0.6928132  0.58478899
0.26495389 0.69655936 0.58735822
0.26627255 0.70031184 0.58992638
0.26759782 0.70407207 0.59249353
0.26893018 0.70784006 0.5950596 
0.27027283 0.7116155  0.59762453
0.27163413 0.71539747 0.6001882 
0.27300432 0.71918719 0.60275066
0.27438405 0.72298466 0.60531185
0.27577399 0.72678988 0.6078717 
0.27718613 0.73060148 0.61043007
0.27861027 0.73442076 0.612987  
0.28004655 0.73824777 0.61554243
0.28149568 0.7420825  0.6180963 
0.28296151 0.74592457 0.62064853
0.28444929 0.74977342 0.62319898
0.28595192 0.75362997 0.62574767
0.28747024 0.7574942  0.62829453
0.28900509 0.76136608 0.63083951
0.29055737 0.76524558 0.63338255
0.29213709 0.76913158 0.63592351
0.29373566 0.77302518 0.63846235
0.29535405 0.77692633 0.64099907
0.29699319 0.78083499 0.64353361
0.29865358 0.78475119 0.64606578
0.30033653 0.78867484 0.64859562
0.30204766 0.79260534 0.65112308
0.30378567 0.79654293 0.65364793
0.305549   0.80048785 0.65617031
0.30733827 0.80444011 0.65869002
0.30915463 0.80839964 0.66120702
0.31099909 0.81236639 0.66372126
0.31287277 0.8163403  0.66623269
0.31477667 0.82032132 0.66874123
0.31671206 0.82430936 0.67124687
0.31868247 0.82830407 0.67374945
0.32068822 0.83230547 0.67624906
0.32272818 0.83631377 0.67874552
0.32480365 0.84032887 0.68123886
0.32691587 0.84435068 0.68372907
0.32906581 0.84837914 0.68621603
0.33125388 0.8524143  0.68869936
0.33345645 0.85645881 0.69118229
0.33566134 0.8605139  0.69366876
0.33786859 0.86457964 0.6961588 
0.34007824 0.86865612 0.69865243
0.3422903  0.87274339 0.70114966
0.34450481 0.87684155 0.7036505 
0.34672178 0.88095066 0.70615497
0.34894122 0.88507081 0.70866307
0.3511626  0.88920217 0.71117455
0.35338892 0.89334433 0.71369086
0.35561944 0.8974975  0.71621165
0.35785219 0.90166207 0.71873597
0.36008618 0.90583828 0.72126336
0.3623212  0.91002626 0.7237937 
0.36456357 0.91422507 0.72633007
0.36680916 0.91843545 0.72887048
0.36905363 0.9226582  0.73141281
0.37130586 0.92689196 0.7339614 
0.3735589  0.93113795 0.73651286
0.37581548 0.93539581 0.73906854
0.3780746  0.93966578 0.74162794
0.38033945 0.94394743 0.74419265
0.38260345 0.94824193 0.74675943
0.38487133 0.9525486  0.7493306 
0.38714515 0.95686717 0.75190722
0.38941945 0.96119864 0.75448656
0.39169495 0.96554298 0.75706898
0.39397778 0.96989928 0.75965756
0.39625412 0.97426988 0.76224538
0.39853438 0.97865319 0.76483764
0.40081563 0.98304976 0.76743288
0.40307991 0.98746266 0.770022  
0.40526413 0.99190242 0.77257291
